 30.0110	48
 30.0130	40
 30.0150	34
 30.0170	33
 30.0190	57
 30.0210	60
 30.0230	54
 30.0250	57
 30.0270	78
 30.0290	77
 30.0310	76
 30.0330	55
 30.0350	64
 30.0370	73
 30.0390	86
 30.0410	49
 30.0430	61
 30.0450	57
 30.0470	52
 30.0490	68
 30.0510	55
 30.0530	64
 30.0550	59
 30.0570	63
 30.0590	77
 30.0610	54
 30.0630	75
 30.0650	61
 30.0670	58
 30.0690	59
 30.0710	43
 30.0730	44
 30.0750	61
 30.0770	48
 30.0790	52
 30.0810	56
 30.0830	51
 30.0850	49
 30.0870	43
 30.0890	53
 30.0910	39
 30.0930	46
 30.0950	53
 30.0970	40
 30.0990	41
 30.1010	44
 30.1030	57
 30.1050	45
 30.1070	55
 30.1090	48
 30.1110	44
 30.1130	43
 30.1150	52
 30.1170	40
 30.1190	43
 30.1210	50
 30.1230	42
 30.1250	45
 30.1270	45
 30.1290	45
 30.1310	46
 30.1330	43
 30.1350	45
 30.1370	45
 30.1390	43
 30.1410	46
 30.1430	49
 30.1450	34
 30.1470	46
 30.1490	48
 30.1510	32
 30.1530	44
 30.1550	47
 30.1570	48
 30.1590	50
 30.1610	44
 30.1630	37
 30.1650	48
 30.1670	35
 30.1690	58
 30.1710	45
 30.1730	50
 30.1750	43
 30.1770	31
 30.1790	42
 30.1810	37
 30.1830	32
 30.1850	44
 30.1870	28
 30.1890	38
 30.1910	41
 30.1930	37
 30.1950	41
 30.1970	45
 30.1990	41
 30.2010	43
 30.2030	38
 30.2050	38
 30.2070	35
 30.2090	40
 30.2110	44
 30.2130	37
 30.2150	39
 30.2170	40
 30.2190	34
 30.2210	38
 30.2230	55
 30.2250	46
 30.2270	28
 30.2290	26
 30.2310	44
 30.2330	44
 30.2350	32
 30.2370	33
 30.2390	36
 30.2410	39
 30.2430	31
 30.2450	44
 30.2470	50
 30.2490	29
 30.2510	43
 30.2530	40
 30.2550	45
 30.2570	35
 30.2590	40
 30.2610	41
 30.2630	43
 30.2650	35
 30.2670	32
 30.2690	43
 30.2710	51
 30.2730	53
 30.2750	43
 30.2770	45
 30.2790	45
 30.2810	33
 30.2830	45
 30.2850	37
 30.2870	50
 30.2890	44
 30.2910	50
 30.2930	33
 30.2950	38
 30.2970	44
 30.2990	58
 30.3010	49
 30.3030	51
 30.3050	59
 30.3070	55
 30.3090	43
 30.3110	47
 30.3130	52
 30.3150	52
 30.3170	69
 30.3190	52
 30.3210	57
 30.3230	48
 30.3250	51
 30.3270	59
 30.3290	51
 30.3310	61
 30.3330	48
 30.3350	69
 30.3370	61
 30.3390	49
 30.3410	66
 30.3430	69
 30.3450	71
 30.3470	66
 30.3490	90
 30.3510	61
 30.3530	100
 30.3550	87
 30.3570	100
 30.3590	111
 30.3610	150
 30.3630	145
 30.3650	153
 30.3670	157
 30.3690	188
 30.3710	173
 30.3730	177
 30.3750	191
 30.3770	190
 30.3790	218
 30.3810	235
 30.3830	265
 30.3850	297
 30.3870	390
 30.3890	364
 30.3910	399
 30.3930	400
 30.3950	432
 30.3970	392
 30.3990	437
 30.4010	412
 30.4030	386
 30.4050	405
 30.4070	403
 30.4090	416
 30.4110	415
 30.4130	423
 30.4150	469
 30.4170	431
 30.4190	427
 30.4210	430
 30.4230	417
 30.4250	376
 30.4270	382
 30.4290	351
 30.4310	346
 30.4330	367
 30.4350	358
 30.4370	317
 30.4390	318
 30.4410	360
 30.4430	329
 30.4450	263
 30.4470	284
 30.4490	352
 30.4510	330
 30.4530	369
 30.4550	350
 30.4570	355
 30.4590	371
 30.4610	334
 30.4630	360
 30.4650	342
 30.4670	299
 30.4690	326
 30.4710	361
 30.4730	388
 30.4750	337
 30.4770	292
 30.4790	266
 30.4810	237
 30.4830	225
 30.4850	189
 30.4870	193
 30.4890	180
 30.4910	169
 30.4930	134
 30.4950	150
 30.4970	132
 30.4990	136
 30.5010	108
 30.5030	112
 30.5050	97
 30.5070	65
 30.5090	76
 30.5110	75
 30.5130	60
 30.5150	47
 30.5170	55
 30.5190	48
 30.5210	49
 30.5230	60
 30.5250	46
 30.5270	41
 30.5290	55
 30.5310	38
 30.5330	45
 30.5350	62
 30.5370	56
 30.5390	56
 30.5410	54
 30.5430	58
 30.5450	61
 30.5470	55
 30.5490	57
 30.5510	67
 30.5530	44
 30.5550	55
 30.5570	52
 30.5590	42
 30.5610	43
 30.5630	51
 30.5650	35
 30.5670	38
 30.5690	40
 30.5710	31
 30.5730	35
 30.5750	31
 30.5770	30
 30.5790	42
 30.5810	35
 30.5830	30
 30.5850	26
 30.5870	32
 30.5890	33
 30.5910	38
 30.5930	36
 30.5950	34
 30.5970	31
 30.5990	43
 30.6010	41
 30.6030	31
 30.6050	30
 30.6070	31
 30.6090	33
 30.6110	34
 30.6130	40
 30.6150	43
 30.6170	46
 30.6190	28
 30.6210	38
 30.6230	33
 30.6250	36
 30.6270	37
 30.6290	42
 30.6310	30
 30.6330	45
 30.6350	45
 30.6370	42
 30.6390	41
 30.6410	47
 30.6430	49
 30.6450	48
 30.6470	43
 30.6490	48
 30.6510	39
 30.6530	40
 30.6550	48
 30.6570	44
 30.6590	38
 30.6610	39
 30.6630	48
 30.6650	54
 30.6670	50
 30.6690	47
 30.6710	39
 30.6730	52
 30.6750	47
 30.6770	47
 30.6790	72
 30.6810	54
 30.6830	58
 30.6850	56
 30.6870	55
 30.6890	70
 30.6910	68
 30.6930	81
 30.6950	81
 30.6970	80
 30.6990	93
 30.7010	91
 30.7030	83
 30.7050	77
 30.7070	85
 30.7090	97
 30.7110	107
 30.7130	90
 30.7150	76
 30.7170	114
 30.7190	88
 30.7210	70
 30.7230	86
 30.7250	83
 30.7270	78
 30.7290	67
 30.7310	76
 30.7330	58
 30.7350	65
 30.7370	58
 30.7390	51
 30.7410	52
 30.7430	47
 30.7450	58
 30.7470	48
 30.7490	43
 30.7510	37
 30.7530	55
 30.7550	47
 30.7570	38
 30.7590	40
 30.7610	38
 30.7630	37
 30.7650	37
 30.7670	21
 30.7690	26
 30.7710	17
 30.7730	16
 30.7750	25
 30.7770	15
 30.7790	17
 30.7810	12
 30.7830	12
 30.7850	11
 30.7870	9
 30.7890	11
 30.7910	9
 30.7930	11
 30.7950	6
 30.7970	7
 30.7990	4
 30.8010	6
 30.8030	5
 30.8050	8
 30.8070	6
