 60.8486	1
 60.8488	0
 60.8490	1
 60.8492	1
 60.8494	0
 60.8496	0
 60.8498	1
 60.8500	0
 60.8502	0
 60.8504	0
 60.8506	1
 60.8508	2
 60.8510	0
 60.8512	1
 60.8514	0
 60.8516	0
 60.8518	1
 60.8520	0
 60.8522	0
 60.8524	0
 60.8526	0
 60.8528	0
 60.8530	0
 60.8532	1
 60.8534	1
 60.8536	0
 60.8538	1
 60.8540	2
 60.8542	1
 60.8544	0
 60.8546	1
 60.8548	1
 60.8550	0
 60.8552	0
 60.8554	0
 60.8556	0
 60.8558	0
 60.8560	2
 60.8562	2
 60.8564	0
 60.8566	1
 60.8568	1
 60.8570	1
 60.8572	3
 60.8574	1
 60.8576	1
 60.8578	1
 60.8580	1
 60.8582	1
 60.8584	0
 60.8586	0
 60.8588	1
 60.8590	1
 60.8592	1
 60.8594	4
 60.8596	3
 60.8598	0
 60.8600	0
 60.8602	2
 60.8604	0
 60.8606	0
 60.8608	0
 60.8610	0
 60.8612	1
 60.8614	1
 60.8616	2
 60.8618	1
 60.8620	0
 60.8622	3
 60.8624	0
 60.8626	0
 60.8628	1
 60.8630	0
 60.8632	2
 60.8634	0
 60.8636	0
 60.8638	0
 60.8640	1
 60.8642	1
 60.8644	0
 60.8646	0
 60.8648	0
 60.8650	0
 60.8652	0
 60.8654	1
 60.8656	2
 60.8658	0
 60.8660	2
 60.8662	1
 60.8664	1
 60.8666	0
 60.8668	2
 60.8670	1
 60.8672	0
 60.8674	0
 60.8676	2
 60.8678	1
 60.8680	0
 60.8682	2
 60.8684	2
 60.8686	1
 60.8688	2
 60.8690	2
 60.8692	0
 60.8694	1
 60.8696	3
 60.8698	1
 60.8700	0
 60.8702	1
 60.8704	0
 60.8706	2
 60.8708	2
 60.8710	0
 60.8712	0
 60.8714	2
 60.8716	0
 60.8718	1
 60.8720	2
 60.8722	0
 60.8724	1
 60.8726	0
 60.8728	2
 60.8730	3
 60.8732	1
 60.8734	2
 60.8736	2
 60.8738	2
 60.8740	1
 60.8742	0
 60.8744	2
 60.8746	3
 60.8748	2
 60.8750	1
 60.8752	2
 60.8754	1
 60.8756	1
 60.8758	1
 60.8760	1
 60.8762	2
 60.8764	0
 60.8766	2
 60.8768	3
 60.8770	1
 60.8772	1
 60.8774	1
 60.8776	1
 60.8778	1
 60.8780	1
 60.8782	1
 60.8784	4
 60.8786	3
 60.8788	2
 60.8790	1
 60.8792	3
 60.8794	0
 60.8796	3
 60.8798	0
 60.8800	3
 60.8802	1
 60.8804	1
 60.8806	0
 60.8808	3
 60.8810	2
 60.8812	0
 60.8814	3
 60.8816	3
 60.8818	5
 60.8820	1
 60.8822	1
 60.8824	1
 60.8826	1
 60.8828	3
 60.8830	0
 60.8832	1
 60.8834	1
 60.8836	0
 60.8838	4
 60.8840	1
 60.8842	2
 60.8844	2
 60.8846	0
 60.8848	3
 60.8850	1
 60.8852	1
 60.8854	0
 60.8856	1
 60.8858	6
 60.8860	3
 60.8862	3
 60.8864	3
 60.8866	2
 60.8868	1
 60.8870	1
 60.8872	5
 60.8874	4
 60.8876	2
 60.8878	2
 60.8880	3
 60.8882	2
 60.8884	3
 60.8886	3
 60.8888	0
 60.8890	1
 60.8892	2
 60.8894	7
 60.8896	2
 60.8898	3
 60.8900	2
 60.8902	3
 60.8904	4
 60.8906	4
 60.8908	4
 60.8910	1
 60.8912	4
 60.8914	1
 60.8916	5
 60.8918	4
 60.8920	6
 60.8922	8
 60.8924	4
 60.8926	7
 60.8928	5
 60.8930	6
 60.8932	8
 60.8934	6
 60.8936	6
 60.8938	7
 60.8940	5
 60.8942	6
 60.8944	9
 60.8946	8
 60.8948	6
 60.8950	10
 60.8952	9
 60.8954	7
 60.8956	10
 60.8958	9
 60.8960	11
 60.8962	11
 60.8964	15
 60.8966	11
 60.8968	17
 60.8970	11
 60.8972	12
 60.8974	17
 60.8976	14
 60.8978	13
 60.8980	19
 60.8982	13
 60.8984	19
 60.8986	12
 60.8988	16
 60.8990	15
 60.8992	18
 60.8994	18
 60.8996	24
 60.8998	27
 60.9000	22
 60.9002	31
 60.9004	30
 60.9006	28
 60.9008	31
 60.9010	26
 60.9012	36
 60.9014	32
 60.9016	39
 60.9018	47
 60.9020	39
 60.9022	27
 60.9024	46
 60.9026	47
 60.9028	43
 60.9030	48
 60.9032	47
 60.9034	64
 60.9036	53
 60.9038	69
 60.9040	55
 60.9042	54
 60.9044	65
 60.9046	69
 60.9048	83
 60.9050	74
 60.9052	77
 60.9054	80
 60.9056	60
 60.9058	73
 60.9060	74
 60.9062	72
 60.9064	87
 60.9066	80
 60.9068	82
 60.9070	82
 60.9072	80
 60.9074	88
 60.9076	94
 60.9078	79
 60.9080	85
 60.9082	76
 60.9084	95
 60.9086	87
 60.9088	102
 60.9090	114
 60.9092	80
 60.9094	94
 60.9096	108
 60.9098	83
 60.9100	101
 60.9102	88
 60.9104	84
 60.9106	111
 60.9108	81
 60.9110	97
 60.9112	109
 60.9114	91
 60.9116	93
 60.9118	118
 60.9120	94
 60.9122	102
 60.9124	92
 60.9126	96
 60.9128	97
 60.9130	88
 60.9132	100
 60.9134	102
 60.9136	79
 60.9138	92
 60.9140	88
 60.9142	90
 60.9144	86
 60.9146	80
 60.9148	91
 60.9150	97
 60.9152	86
 60.9154	86
 60.9156	89
 60.9158	89
 60.9160	96
 60.9162	85
 60.9164	80
 60.9166	83
 60.9168	75
 60.9170	82
 60.9172	84
 60.9174	87
 60.9176	86
 60.9178	77
 60.9180	100
 60.9182	93
 60.9184	84
 60.9186	64
 60.9188	83
 60.9190	77
 60.9192	76
 60.9194	83
 60.9196	80
 60.9198	70
 60.9200	70
 60.9202	53
 60.9204	76
 60.9206	66
 60.9208	62
 60.9210	78
 60.9212	63
 60.9214	59
 60.9216	61
 60.9218	84
 60.9220	85
 60.9222	53
 60.9224	69
 60.9226	60
 60.9228	65
 60.9230	66
 60.9232	61
 60.9234	58
 60.9236	71
 60.9238	62
 60.9240	61
 60.9242	38
 60.9244	38
 60.9246	56
 60.9248	65
 60.9250	49
 60.9252	46
 60.9254	42
 60.9256	38
 60.9258	40
 60.9260	38
 60.9262	42
 60.9264	37
 60.9266	28
 60.9268	27
 60.9270	38
 60.9272	28
 60.9274	30
 60.9276	35
 60.9278	26
 60.9280	32
 60.9282	28
 60.9284	30
 60.9286	28
 60.9288	14
 60.9290	15
 60.9292	28
 60.9294	26
 60.9296	19
 60.9298	21
 60.9300	20
 60.9302	16
 60.9304	16
 60.9306	13
 60.9308	31
 60.9310	20
 60.9312	16
 60.9314	18
 60.9316	11
 60.9318	21
 60.9320	18
 60.9322	7
 60.9324	13
 60.9326	17
 60.9328	13
 60.9330	14
 60.9332	10
 60.9334	13
 60.9336	10
 60.9338	9
 60.9340	7
 60.9342	11
 60.9344	11
 60.9346	15
 60.9348	6
 60.9350	12
 60.9352	11
 60.9354	5
 60.9356	9
 60.9358	6
 60.9360	10
 60.9362	14
 60.9364	17
 60.9366	11
 60.9368	6
 60.9370	6
 60.9372	8
 60.9374	6
 60.9376	5
 60.9378	4
 60.9380	4
 60.9382	6
 60.9384	9
 60.9386	13
 60.9388	6
 60.9390	5
 60.9392	7
 60.9394	10
 60.9396	5
 60.9398	10
 60.9400	5
 60.9402	9
 60.9404	6
 60.9406	4
 60.9408	11
 60.9410	8
 60.9412	7
 60.9414	2
 60.9416	5
 60.9418	5
 60.9420	5
 60.9422	3
 60.9424	6
 60.9426	2
 60.9428	2
 60.9430	4
 60.9432	2
 60.9434	6
 60.9436	8
 60.9438	4
 60.9440	6
 60.9442	6
 60.9444	7
 60.9446	2
 60.9448	5
 60.9450	1
 60.9452	5
 60.9454	3
 60.9456	4
 60.9458	1
 60.9460	5
 60.9462	5
 60.9464	2
 60.9466	4
 60.9468	5
 60.9470	1
 60.9472	5
 60.9474	0
 60.9476	1
 60.9478	2
 60.9480	4
 60.9482	1
 60.9484	3
 60.9486	2
 60.9488	0
 60.9490	5
 60.9492	5
 60.9494	3
 60.9496	3
 60.9498	4
 60.9500	4
 60.9502	1
 60.9504	1
 60.9506	4
 60.9508	2
 60.9510	4
 60.9512	4
 60.9514	2
 60.9516	3
 60.9518	5
 60.9520	1
 60.9522	2
 60.9524	3
 60.9526	1
 60.9528	5
 60.9530	0
 60.9532	1
 60.9534	1
 60.9536	1
 60.9538	0
 60.9540	2
 60.9542	3
 60.9544	2
 60.9546	5
 60.9548	1
 60.9550	1
 60.9552	1
 60.9554	1
 60.9556	2
 60.9558	3
 60.9560	3
 60.9562	1
 60.9564	1
 60.9566	3
 60.9568	1
 60.9570	2
 60.9572	3
 60.9574	1
 60.9576	3
 60.9578	2
 60.9580	4
 60.9582	1
 60.9584	2
 60.9586	4
 60.9588	2
 60.9590	0
 60.9592	3
 60.9594	1
 60.9596	4
 60.9598	0
 60.9600	2
 60.9602	1
 60.9604	1
 60.9606	1
 60.9608	3
 60.9610	2
 60.9612	3
 60.9614	2
 60.9616	1
 60.9618	2
 60.9620	2
 60.9622	2
 60.9624	0
 60.9626	1
 60.9628	1
 60.9630	0
 60.9632	1
 60.9634	1
 60.9636	1
 60.9638	1
 60.9640	0
 60.9642	1
 60.9644	2
 60.9646	2
 60.9648	0
 60.9650	2
 60.9652	1
 60.9654	0
 60.9656	1
 60.9658	0
 60.9660	3
 60.9662	1
 60.9664	1
 60.9666	0
 60.9668	1
 60.9670	1
 60.9672	3
 60.9674	1
 60.9676	1
 60.9678	3
 60.9680	1
 60.9682	0
 60.9684	3
 60.9686	1
 60.9688	1
 60.9690	1
 60.9692	2
 60.9694	1
 60.9696	0
 60.9698	0
 60.9700	1
 60.9702	1
 60.9704	0
 60.9706	1
 60.9708	0
 60.9710	2
 60.9712	0
 60.9714	0
 60.9716	0
 60.9718	0
 60.9720	1
 60.9722	0
 60.9724	1
 60.9726	2
 60.9728	1
 60.9730	0
 60.9732	1
 60.9734	1
 60.9736	0
 60.9738	0
 60.9740	1
 60.9742	2
 60.9744	0
 60.9746	2
 60.9748	0
 60.9750	2
 60.9752	1
 60.9754	0
 60.9756	2
 60.9758	0
 60.9760	2
 60.9762	1
 60.9764	1
 60.9766	1
 60.9768	1
 60.9770	0
 60.9772	1
 60.9774	1
