time,abs_time,angle,is_rotating,Freq_363-x,V_363-x_R,V_363-x_theta,V_363-x_X,V_363-x_Y,Harm_363-x,Freq_367-y,V_367-y_R,V_367-y_theta,V_367-y_X,V_367-y_Y,Harm_367-y,Freq_367-x,V_367-x_R,V_367-x_theta,V_367-x_X,V_367-x_Y,Vout_367-x,Harm_367-x,CFMS_1st stage A,CFMS_1st stage B,CFMS_2nd stage A,CFMS_2nd stage B,CFMS_Inner Magnet,CFMS_Outer Magnet,CFMS_Switch,CFMS_He Pot,Tvti,Tsample,sC,H1,H2,SP1,SP2,Magnet_output_field,Magnet_magnet_field,Vti-Pressure,Hanalog
162883.710098,1620311665.761933,149.9978,0,85.78,3.60982e-06,11.34,3.5393477344041223e-06,7.098014140366357e-07,1,13.8893,2.36892e-05,-177.018,-2.3657123100982764e-05,-1.232364891153464e-06,1,13.89,2.41195e-05,2.334,2.409949057142776e-05,9.822598676849783e-07,5.0,1,39.302,48.384,3.258,3.594,3.353,3.548,5.784,3.358,14.161,14.9936,4155.3,1.9,21.9,14.165,15.0,15.9751,15.9751,0.007587510626763105,15.903683870449886
162883.954018,1620311666.005853,149.9978,0,85.78,3.60982e-06,11.37,3.538975598103669e-06,7.11654514794067e-07,1,13.8893,2.36892e-05,-177.018,-2.3657123100982764e-05,-1.232364891153464e-06,1,13.89,2.41214e-05,2.334,2.4101388995196316e-05,9.8233724465169e-07,5.0,1,39.302,48.384,3.281,3.594,3.353,3.548,5.784,3.358,14.1613,14.9925,4155.2,1.8,22.4,14.165,15.0,15.9751,15.9751,0.007193454075604677,15.90340563902834
162884.110968,1620311666.162803,149.9978,0,85.78,3.60796e-06,11.406,3.536704487972866e-06,7.135101445337633e-07,1,13.8898,2.36874e-05,-177.012,-2.3655196365465365e-05,-1.234748424284995e-06,1,13.89,2.41232e-05,2.334,2.4103187501924424e-05,9.824105491464695e-07,5.0,1,39.301,48.372,3.355,3.683,3.353,3.548,5.786,3.358,14.1637,15.006,4155.2,1.8,21.7,14.165,15.0,15.9751,15.9751,0.005223133135586977,15.903405408994166
162884.757761,1620311666.809596,149.9978,0,85.78,3.59678e-06,11.544,3.5240218599464486e-06,7.197890656432435e-07,1,13.8898,2.36818e-05,-177.006,-2.3649474577153478e-05,-1.2369330881544854e-06,1,13.89,2.41288e-05,2.304,2.4109294059758137e-05,9.700151442688249e-07,5.0,1,39.301,48.382,3.427,3.683,3.353,3.548,5.784,3.358,14.1637,15.001,4155.4,1.8,22.4,14.165,15.0,15.9745,15.9745,0.006405339576303959,15.903961814351435
162885.135153,1620311667.186988,149.9978,0,85.78,3.59306e-06,11.526,3.5206028314669333e-06,7.179386231893452e-07,1,13.8893,2.36818e-05,-177.006,-2.3649474577153478e-05,-1.2369330881544854e-06,1,13.89,2.41307e-05,2.292,2.4111395170456182e-05,9.650416696195785e-07,5.0,1,39.295,48.382,3.461,3.652,3.353,3.548,5.784,3.358,14.1654,14.9903,4155.3,1.8,22.6,14.165,15.0,15.9745,15.9745,0.007981566712260246,15.90368344873908
162885.633993,1620311667.685828,149.9978,0,85.78,3.58933e-06,11.49,3.5173979817563523e-06,7.149834171757689e-07,1,13.8893,2.36781e-05,-176.994,-2.364552008682409e-05,-1.2416921653930448e-06,1,13.89,2.41307e-05,2.262,2.4111897159931845e-05,9.52416840921393e-07,5.0,1,39.302,48.382,3.461,3.552,3.353,3.548,5.784,3.358,14.1631,14.9938,4155.2,1.9,23.0,14.165,15.0,15.9745,15.9745,0.006405339576303959,15.903405466502708
162885.902909,1620311667.954744,149.9978,0,85.78,3.58933e-06,11.46,3.51777186402375e-06,7.131416139750021e-07,1,13.8898,2.36762e-05,-176.994,-2.3643622701131616e-05,-1.2415925283818722e-06,1,13.89,2.41307e-05,2.25,2.411209610481401e-05,9.473668361373569e-07,5.0,1,39.302,48.392,3.434,3.552,3.353,3.548,5.784,3.358,14.1636,14.9977,4155.2,1.8,22.2,14.165,15.0,15.9745,15.9745,0.007587510626763105,15.903405418578922
162886.039865,1620311668.0917,149.9978,0,85.78,3.58747e-06,11.442,3.5161726960717174e-06,7.1166745907042e-07,1,13.8893,2.36743e-05,-176.994,-2.3641725315439145e-05,-1.2414928913706998e-06,1,13.89,2.41307e-05,2.238,2.41122939920213e-05,9.423167897971612e-07,5.0,1,39.302,48.392,3.434,3.552,3.353,3.548,5.782,3.358,14.1642,14.994,4155.2,1.8,23.1,14.165,15.0,15.9745,15.9745,0.007587510626763105,15.903405361070377
162886.194814,1620311668.246649,149.9978,0,85.78,3.58561e-06,11.388,3.515018483761688e-06,7.079859680203292e-07,1,13.8903,2.36706e-05,-176.988,-2.36379002883365e-05,-1.2437742233465363e-06,1,13.89,2.41325e-05,2.226,2.4114289463253663e-05,9.37336616383571e-07,5.0,1,39.303,48.383,3.312,3.492,3.353,3.548,5.782,3.358,14.1685,15.0039,4155.3,1.8,22.9,14.165,15.0,15.9745,15.9745,0.007587510626763105,15.90368315162465
162886.697653,1620311668.749488,149.9978,0,85.78,3.58002e-06,11.244,3.511304039427635e-06,6.980595555532318e-07,1,13.8898,2.3665e-05,-176.982,-2.363217767795092e-05,-1.2459547334306816e-06,1,13.89,2.41344e-05,2.202,2.411657857533779e-05,9.2730856760753e-07,5.0,1,39.3,48.383,3.312,3.501,3.353,3.548,5.782,3.358,14.1686,14.9928,4155.2,1.8,23.6,14.165,15.0,15.9751,15.9751,0.008375621400773525,15.90340493934106
162886.875596,1620311668.927431,149.9978,0,85.78,3.57816e-06,11.196,3.510063010374472e-06,6.947565392285996e-07,1,13.8898,2.36613e-05,-176.982,-2.362848280968942e-05,-1.2457599296058899e-06,1,13.89,2.41344e-05,2.19,2.4116772261452856e-05,9.222575829008373e-07,5.0,1,39.3,48.374,3.312,3.501,3.353,3.548,5.782,3.358,14.1689,14.9838,4155.1,1.8,23.3,14.165,15.0,15.9751,15.9751,0.007587510626763105,15.903126707886267
162887.01855,1620311669.070385,149.9978,0,85.78,3.57816e-06,11.142,3.5107162439575515e-06,6.914480747045175e-07,1,13.8898,2.36594e-05,-176.976,-2.3626454870160283e-05,-1.2481340586168668e-06,1,13.89,2.41344e-05,2.184,2.411686870780592e-05,9.197320753631142e-07,5.0,1,39.3,48.374,3.264,3.501,3.353,3.548,5.783,3.358,14.1687,14.9767,4155.2,1.8,23.7,14.165,15.0,15.9751,15.9751,0.007587510626763105,15.903404929756299
162887.157516,1620311669.209351,149.9978,0,85.78,3.57816e-06,11.088,3.5113663590966172e-06,6.881389959917745e-07,1,13.8898,2.36576e-05,-176.976,-2.3624657376615802e-05,-1.2480391009549857e-06,1,13.89,2.41344e-05,2.178,2.411696488968792e-05,9.172065577394002e-07,5.0,1,39.303,48.386,3.267,3.641,3.353,3.548,5.785,3.358,14.1689,14.9743,4155.2,1.8,22.7,14.165,15.0,15.9751,15.9751,0.007587510626763105,15.903404910586787
162887.70933,1620311669.761165,149.9978,0,85.78,3.57443e-06,10.884,3.5101312938039494e-06,6.749282370431771e-07,1,13.8903,2.36501e-05,-176.964,-2.3616905996368055e-05,-1.252589784691922e-06,1,13.89,2.41344e-05,2.148,2.4117441831995225e-05,9.045788193003114e-07,5.0,1,39.305,48.386,3.267,3.641,3.353,3.548,5.785,3.358,14.1667,14.9929,4155.3,1.9,22.3,14.165,15.0,15.9751,15.9751,0.007981566712260246,15.903683324142708
162887.960249,1620311670.012084,149.9978,0,85.78,3.57257e-06,10.836,3.5088686535844905e-06,6.716376826773223e-07,1,13.8903,2.36501e-05,-176.964,-2.3616905996368055e-05,-1.252589784691922e-06,1,13.89,2.41344e-05,2.142,2.4117536427028824e-05,9.020532417422597e-07,5.0,1,39.305,48.386,3.331,3.641,3.353,3.548,5.785,3.358,14.1671,14.998,4155.2,1.8,22.4,14.165,15.0,15.9751,15.9751,0.006405339576303959,15.903405083112418
162888.1162,1620311670.168035,149.9978,0,85.78,3.57257e-06,10.752,3.509849554556699e-06,6.66492692591704e-07,1,13.8893,2.36483e-05,-176.964,-2.3615108522750885e-05,-1.2524944505659587e-06,1,13.89,2.41344e-05,2.136,2.4117630757584042e-05,8.995276542920874e-07,5.0,1,39.3,48.378,3.331,3.677,3.353,3.548,5.785,3.358,14.1658,15.0046,4155.3,1.9,22.6,14.165,15.0,15.9751,15.9751,0.007587510626763105,15.903683410401735
162888.638034,1620311670.689869,149.9978,0,85.78,3.57443e-06,10.59,3.5135483056503893e-06,6.569080063154051e-07,1,13.8893,2.36445e-05,-176.958,-2.3611182586926313e-05,-1.2547657537674764e-06,1,13.89,2.41381e-05,2.112,2.4121702921580163e-05,8.895615622490936e-07,5.0,1,39.297,48.378,3.42,3.672,3.353,3.548,5.785,3.358,14.1635,14.9983,4155.2,1.9,22.7,14.165,15.0,15.9729,15.9729,0.007587510626763105,15.90340542816368
162888.902948,1620311670.954783,149.9978,0,85.78,3.57443e-06,10.53,3.5142342914619753e-06,6.532282676161122e-07,1,13.8898,2.36427e-05,-176.952,-2.3609253605090274e-05,-1.2571425935556632e-06,1,13.89,2.414e-05,2.106,2.412369466063378e-05,8.871053604331937e-07,5.0,1,39.297,48.389,3.42,3.672,3.353,3.548,5.785,3.358,14.1634,14.9909,4155.3,1.8,23.5,14.165,15.0,15.9729,15.9729,0.007193454075604677,15.903683640425811
162889.042903,1620311671.094738,149.9978,0,85.78,3.57629e-06,10.5,3.516404693371895e-06,6.517270874623121e-07,1,13.8903,2.36427e-05,-176.946,-2.360912182797375e-05,-1.2596149419141652e-06,1,13.89,2.414e-05,2.106,2.412369466063378e-05,8.871053604331937e-07,5.0,1,39.297,48.389,3.451,3.582,3.353,3.548,5.784,3.358,14.1632,14.993,4155.2,1.8,22.6,14.165,15.0,15.9729,15.9729,0.007193454075604677,15.90340545691795
162889.199853,1620311671.251688,149.9978,0,85.78,3.57816e-06,10.44,3.518924294706089e-06,6.483832151800777e-07,1,13.8898,2.36408e-05,-176.946,-2.3607224526418802e-05,-1.2595137153880225e-06,1,13.89,2.414e-05,2.094,2.4123879926452813e-05,8.820528862188477e-07,5.0,1,39.307,48.385,3.454,3.494,3.353,3.548,5.783,3.358,14.163,14.9779,4155.2,1.8,23.0,14.165,15.0,15.9729,15.9729,0.007981566712260246,15.90340547608747
162889.722687,1620311671.774522,149.9978,0,85.78,3.58002e-06,10.374,3.521498438846769e-06,6.446642115084185e-07,1,13.8893,2.36389e-05,-176.94,-2.3605195210065982e-05,-1.2618844260383608e-06,1,13.89,2.41437e-05,2.094,2.4127577455687604e-05,8.821880807374479e-07,5.0,1,39.303,48.389,3.454,3.494,3.353,3.548,5.783,3.358,14.1643,14.9744,4155.3,1.8,23.7,14.165,15.0,15.9729,15.9729,0.007981566712260246,15.903683554166786
162889.920623,1620311671.972458,149.9978,0,85.78,3.58374e-06,10.338,3.525562408570202e-06,6.431190332097756e-07,1,13.8898,2.36389e-05,-176.94,-2.3605195210065982e-05,-1.2618844260383608e-06,1,13.89,2.41437e-05,2.094,2.4127577455687604e-05,8.821880807374479e-07,5.0,1,39.303,48.389,3.454,3.494,3.353,3.548,5.783,3.358,14.1646,14.9873,4155.3,1.8,21.7,14.165,15.0,15.9751,15.9751,0.007981566712260246,15.903683525413772
162890.061577,1620311672.113412,149.9978,0,85.78,3.58561e-06,10.332,3.5274694144987507e-06,6.430852213166142e-07,1,13.8898,2.36371e-05,-176.94,-2.3603397776539965e-05,-1.261788338996795e-06,1,13.89,2.41437e-05,2.088,2.4127669705912974e-05,8.796614419021382e-07,5.0,1,39.303,48.389,3.349,3.492,3.353,3.548,5.782,3.358,14.1647,14.9967,4155.2,1.8,22.3,14.165,15.0,15.9751,15.9751,0.007587510626763105,15.903405313146594
162890.215529,1620311672.267364,149.9978,0,85.78,3.58747e-06,10.332,3.5292992546405867e-06,6.434188154642345e-07,1,13.8893,2.36371e-05,-176.94,-2.3603397776539965e-05,-1.261788338996795e-06,1,13.89,2.41456e-05,2.082,2.4129660437276044e-05,8.772038199616571e-07,5.0,1,39.298,48.388,3.271,3.557,3.353,3.548,5.783,3.358,14.1649,14.9887,4155.3,1.9,22.8,14.165,15.0,15.9751,15.9751,0.007193454075604677,15.903683496660761
162890.783346,1620311672.835181,149.9978,0,85.78,3.58933e-06,10.272,3.5318012944481288e-06,6.400542675699623e-07,1,13.8903,2.36389e-05,-176.946,-2.3605327224863855e-05,-1.2594124888618797e-06,1,13.89,2.41456e-05,2.082,2.4129660437276044e-05,8.772038199616571e-07,5.0,1,39.305,48.387,3.271,3.557,3.353,3.548,5.783,3.358,14.1642,14.9869,4155.2,1.8,22.8,14.165,15.0,15.9751,15.9751,0.007587510626763105,15.903405361070377
162891.027256,1620311673.079091,149.9978,0,85.78,3.58933e-06,10.242,3.532135941931954e-06,6.38204933083776e-07,1,13.8898,2.36408e-05,-176.946,-2.3607224526418802e-05,-1.2595137153880225e-06,1,13.89,2.41437e-05,2.082,2.4127761691548838e-05,8.771347934202612e-07,5.0,1,39.305,48.387,3.257,3.557,3.353,3.548,5.784,3.358,14.1649,14.9784,4155.2,1.8,23.8,14.165,15.0,15.9751,15.9751,0.007981566712260246,15.903405293977078
162891.169211,1620311673.221046,149.9978,0,85.78,3.59119e-06,10.236,3.534033151744468e-06,6.381655729284249e-07,1,13.8898,2.36427e-05,-176.946,-2.360912182797375e-05,-1.2596149419141652e-06,1,13.89,2.41437e-05,2.082,2.4127761691548838e-05,8.771347934202612e-07,5.0,1,39.307,48.391,3.311,3.612,3.353,3.548,5.784,3.358,14.1654,14.9819,4155.2,1.8,23.8,14.165,15.0,15.9751,15.9751,0.008375621400773525,15.903405246053293
162891.700042,1620311673.751877,149.9978,0,85.78,3.61541e-06,10.464,3.5552828951480495e-06,6.566224208536467e-07,1,13.8898,2.36557e-05,-176.952,-2.3622235214503167e-05,-1.25783383667579e-06,1,13.89,2.414e-05,2.076,2.412415584106925e-05,8.744741024206453e-07,5.0,1,39.302,48.384,3.311,3.672,3.353,3.548,5.786,3.358,14.1668,14.9793,4155.2,1.8,22.3,14.165,15.0,15.9723,15.9723,0.006799397058784962,15.903405111866688
162891.994946,1620311674.046781,149.9978,0,85.78,3.621e-06,10.632,3.5588363305513973e-06,6.680755738293891e-07,1,13.8898,2.36594e-05,-176.952,-2.3625929980259144e-05,-1.2580305751022876e-06,1,13.89,2.414e-05,2.076,2.412415584106925e-05,8.744741024206453e-07,5.0,1,39.302,48.384,3.377,3.672,3.353,3.548,5.786,3.358,14.1674,14.9884,4155.3,1.8,21.5,14.165,15.0,15.9723,15.9723,0.007193454075604677,15.90368325705235
162892.135902,1620311674.187737,149.9978,0,85.78,3.62472e-06,10.836,3.560088783710543e-06,6.814418027230099e-07,1,13.8898,2.36613e-05,-176.958,-2.362795891408317e-05,-1.255657295760891e-06,1,13.89,2.41381e-05,2.076,2.4122257088124014e-05,8.744052747158152e-07,5.0,1,39.303,48.384,3.377,3.685,3.353,3.548,5.785,3.358,14.1662,14.985,4155.2,1.8,22.9,14.165,15.0,15.9723,15.9723,0.007981566712260246,15.903405169375231
162892.781697,1620311674.833532,149.9978,0,85.78,3.62472e-06,12.042,3.5449577852670737e-06,7.562204566621844e-07,1,13.8898,2.36706e-05,-176.952,-2.363711413606102e-05,-1.2586261076365508e-06,1,13.89,2.41307e-05,2.088,2.4114678337308457e-05,8.791877945844226e-07,5.0,1,39.298,48.376,3.433,3.609,3.354,3.548,5.784,3.358,14.1619,14.9885,4155.2,1.8,22.9,14.165,15.0,15.9723,15.9723,0.006799397058784962,15.903405581519795
162893.038612,1620311675.090447,149.9978,0,85.78,3.62286e-06,12.27,3.5401029472440526e-06,7.699257772759475e-07,1,13.8893,2.36706e-05,-176.946,-2.36369822034385e-05,-1.2611013735348942e-06,1,13.89,2.41288e-05,2.088,2.4112779598820103e-05,8.79118569207218e-07,5.0,1,39.298,48.376,3.464,3.506,3.354,3.548,5.782,3.358,14.1621,14.9832,4155.2,1.8,23.5,14.165,15.0,15.9723,15.9723,0.007587510626763105,15.903405562350281
162893.217556,1620311675.269391,149.9978,0,85.78,3.61727e-06,12.45,3.532208139927355e-06,7.798383865461698e-07,1,13.8898,2.36725e-05,-176.946,-2.3638879504993448e-05,-1.261202600061037e-06,1,13.89,2.41232e-05,2.094,2.4107091145062406e-05,8.814390300262845e-07,5.0,1,39.297,48.385,3.412,3.49,3.353,3.548,5.783,3.358,14.1636,14.9803,4155.3,1.8,23.4,14.165,15.0,15.9751,15.9751,0.006405339576303959,15.903683621257137
162893.769379,1620311675.821214,149.9978,0,85.78,3.60982e-06,12.888,3.5188811626195906e-06,8.051557586957926e-07,1,13.8893,2.36762e-05,-176.952,-2.3642706213961955e-05,-1.2589238739036823e-06,1,13.89,2.41158e-05,2.106,2.409951100650009e-05,8.862160501712847e-07,5.0,1,39.304,48.387,3.412,3.49,3.353,3.548,5.783,3.358,14.1624,14.9795,4155.2,1.8,22.7,14.165,15.0,15.9751,15.9751,0.007587510626763105,15.903405533596011
162894.007303,1620311676.059138,149.9978,0,85.78,3.60423e-06,12.93,3.51284174635444e-06,8.064841957344779e-07,1,13.8893,2.36781e-05,-176.958,-2.364473524124003e-05,-1.2565488377543057e-06,1,13.89,2.41139e-05,2.112,2.4097519360707425e-05,8.886697194857267e-07,5.0,1,39.304,48.387,3.288,3.49,3.353,3.548,5.783,3.358,14.1624,14.9789,4155.2,1.9,23.4,14.165,15.0,15.9751,15.9751,0.007587510626763105,15.903405533596011
162894.149257,1620311676.201092,149.9978,0,85.78,3.60237e-06,12.936,3.510944477708733e-06,8.064356709289044e-07,1,13.8898,2.36799e-05,-176.964,-2.364666417069678e-05,-1.2541680941106484e-06,1,13.89,2.41121e-05,2.118,2.4095627397004245e-05,8.911266771555813e-07,5.0,1,39.298,48.384,3.259,3.535,3.353,3.548,5.783,3.358,14.1627,14.9911,4155.3,1.8,23.1,14.165,15.0,15.9751,15.9751,0.006405339576303959,15.903683707516164
162894.77506,1620311676.826895,149.9978,0,85.78,3.60051e-06,12.78,3.511313233254458e-06,7.964619501722126e-07,1,13.8898,2.36781e-05,-176.988,-2.364538992747376e-05,-1.244168311653343e-06,1,13.89,2.41083e-05,2.136,2.4091548892579196e-05,8.985548655848056e-07,5.0,1,39.3,48.375,3.259,3.592,3.353,3.548,5.783,3.358,14.1642,14.9789,4155.2,1.8,24.0,14.165,15.0,15.9751,15.9751,0.007587510626763105,15.903405361070377
162895.052954,1620311677.104789,149.9978,0,85.78,3.59864e-06,12.702,3.510570012834473e-06,7.91269887325031e-07,1,13.8898,2.36781e-05,-176.988,-2.364538992747376e-05,-1.244168311653343e-06,1,13.89,2.41083e-05,2.136,2.4091548892579196e-05,8.985548655848056e-07,5.0,1,39.3,48.375,3.279,3.668,3.353,3.548,5.786,3.358,14.1644,14.9754,4155.2,1.8,23.5,14.165,15.0,15.9729,15.9729,0.007587510626763105,15.903405341900866
162895.219901,1620311677.271736,149.9978,0,85.78,3.59864e-06,12.648,3.511314207866516e-06,7.879609020977764e-07,1,13.8898,2.36743e-05,-177.0,-2.3641855194640207e-05,-1.2390171288823246e-06,1,13.89,2.41102e-05,2.142,2.4093353336438875e-05,9.011487366188607e-07,5.0,1,39.308,48.379,3.351,3.686,3.353,3.548,5.785,3.358,14.1643,14.9681,4155.2,1.9,23.4,14.165,15.0,15.9729,15.9729,0.007587510626763105,15.903405351485624
162895.757729,1620311677.809564,149.9978,0,85.78,3.60237e-06,12.312,3.5195188619149176e-06,7.681514157541615e-07,1,13.8898,2.36706e-05,-177.024,-2.3638677108743298e-05,-1.2289218480341558e-06,1,13.89,2.41121e-05,2.148,2.409515750121205e-05,9.037429954277312e-07,5.0,1,39.289,48.379,3.351,3.686,3.353,3.548,5.785,3.358,14.164,14.9811,4155.2,1.9,22.6,14.165,15.0,15.9729,15.9729,0.007981566712260246,15.903405380239892
162895.952669,1620311678.004504,149.9978,0,85.78,3.60051e-06,12.15,3.5198583519215064e-06,7.578056759542093e-07,1,13.8893,2.36687e-05,-177.03,-2.3636908223602775e-05,-1.2263479599931953e-06,1,13.89,2.41139e-05,2.154,2.4096861457495888e-05,9.063338834276968e-07,5.0,1,39.289,48.385,3.428,3.686,3.353,3.548,5.785,3.358,14.1638,14.9912,4155.3,1.9,22.8,14.165,15.0,15.9729,15.9729,0.007193454075604677,15.903683602088464
162896.216779,1620311678.268614,149.9978,0,85.78,3.60051e-06,12.018,3.5215948682321547e-06,7.496945005406882e-07,1,13.8893,2.36669e-05,-177.036,-2.3635238924858444e-05,-1.2237796267532173e-06,1,13.89,2.41158e-05,2.154,2.409876011498262e-05,9.064052959482146e-07,5.0,1,39.3,48.388,3.459,3.636,3.354,3.548,5.785,3.358,14.1632,14.9895,4155.2,1.8,23.6,14.165,15.0,15.9729,15.9729,0.007193454075604677,15.90340545691795
162896.763605,1620311678.81544,149.9978,0,85.78,3.60051e-06,11.61,3.526844069334463e-06,7.245986273105435e-07,1,13.8893,2.36669e-05,-177.036,-2.3635238924858444e-05,-1.2237796267532173e-06,1,13.89,2.41251e-05,2.142,2.4108242925273183e-05,9.017056426659121e-07,5.0,1,39.308,48.389,3.459,3.557,3.354,3.548,5.784,3.358,14.1624,14.9651,4155.3,1.9,23.7,14.165,15.0,15.9729,15.9729,0.006799397058784962,15.903683736269175
162897.061508,1620311679.113343,149.9978,0,85.78,3.59864e-06,11.508,3.5262960292668127e-06,7.179457943167496e-07,1,13.8903,2.36669e-05,-177.03,-2.3635110641361144e-05,-1.2262546964709912e-06,1,13.89,2.41288e-05,2.136,2.4112034648617484e-05,8.993189333433986e-07,5.0,1,39.308,48.389,3.44,3.491,3.354,3.548,5.783,3.358,14.1618,14.9547,4155.2,1.8,23.5,14.165,15.0,15.9729,15.9729,0.007193454075604677,15.903405591104557
162897.220459,1620311679.272294,149.9978,0,85.78,3.60051e-06,11.424,3.5291777548332157e-06,7.131455916503879e-07,1,13.8898,2.36669e-05,-177.024,-2.3634982098675856e-05,-1.2287297527413568e-06,1,13.89,2.41307e-05,2.13,2.411402738010013e-05,8.968645392595933e-07,5.0,1,39.299,48.383,3.316,3.502,3.353,3.548,5.783,3.358,14.1632,14.9583,4155.3,1.8,22.8,14.165,15.0,15.9729,15.9729,0.007214079145342112,15.903683659594485
162897.799272,1620311679.851107,149.9978,0,85.78,3.59492e-06,11.088,3.5278134995762097e-06,6.913622195404202e-07,1,13.8898,2.36725e-05,-177.006,-2.3640187271561523e-05,-1.2364473363231281e-06,1,13.89,2.41363e-05,2.112,2.4119904144325168e-05,8.894952268369424e-07,5.0,1,39.305,48.389,3.316,3.502,3.353,3.548,5.783,3.358,14.163,14.9897,4155.1,1.9,22.4,14.165,15.0,15.9729,15.9729,0.00760813569650054,15.903127273411778
162898.053191,1620311680.105026,149.9978,0,85.78,3.59492e-06,11.01,3.528751420921336e-06,6.865589674206076e-07,1,13.8893,2.36743e-05,-177.0,-2.3641855194640207e-05,-1.2390171288823246e-06,1,13.89,2.41381e-05,2.106,2.412179594398692e-05,8.870355385531264e-07,5.0,1,39.305,48.389,3.27,3.571,3.353,3.548,5.783,3.358,14.1625,14.9891,4155.2,1.9,22.1,14.165,15.0,15.9729,15.9729,0.00800219178199768,15.903405524011255
162898.204145,1620311680.25598,149.9978,0,85.78,3.59492e-06,10.98,3.52911041862602e-06,6.847112234696291e-07,1,13.8898,2.36762e-05,-177.0,-2.364375259075624e-05,-1.2391165671991861e-06,1,13.89,2.414e-05,2.1,2.412378742581676e-05,8.845791281762685e-07,5.0,1,39.294,48.384,3.258,3.571,3.353,3.548,5.783,3.358,14.1658,14.9955,4155.2,1.9,23.4,14.165,15.0,15.9729,15.9729,0.00800219178199768,15.90340520771426
162898.77696,1620311680.828795,149.9978,0,85.78,3.58933e-06,10.758,3.5262451723738577e-06,6.699886814044426e-07,1,13.8898,2.36836e-05,-176.976,-2.3650621172258303e-05,-1.2494107116266022e-06,1,13.89,2.41419e-05,2.082,2.4125962879807273e-05,8.770693998547282e-07,5.0,1,39.295,48.386,3.258,3.636,3.353,3.548,5.784,3.358,14.1638,14.9715,4155.3,1.8,23.8,14.165,15.0,15.9729,15.9729,0.00760813569650054,15.903683602088464
162899.021883,1620311681.073718,149.9978,0,85.78,3.58747e-06,10.704,3.5250474199294745e-06,6.663195090559438e-07,1,13.8898,2.36836e-05,-176.976,-2.3650621172258303e-05,-1.2494107116266022e-06,1,13.89,2.41419e-05,2.082,2.4125962879807273e-05,8.770693998547282e-07,5.0,1,39.295,48.386,3.312,3.636,3.353,3.548,5.785,3.358,14.1643,14.9737,4155.3,1.8,22.9,14.165,15.0,15.9729,15.9729,0.007214079145342112,15.903683554166786
162899.163838,1620311681.216672,149.9978,0,85.78,3.58747e-06,10.704,3.5250474199294745e-06,6.663195090559438e-07,1,13.8898,2.36836e-05,-176.97,-2.365049020459574e-05,-1.251887392028995e-06,1,13.89,2.41437e-05,2.076,2.412785341259419e-05,8.746081353195251e-07,5.0,1,39.302,48.388,3.312,3.678,3.353,3.548,5.785,3.358,14.1655,14.972,4155.2,1.8,23.0,14.165,15.0,15.9729,15.9729,0.00839624647051096,15.903405236468533
162899.741652,1620311681.793487,149.9978,0,85.78,3.58747e-06,10.518,3.527191923002797e-06,6.548726129590653e-07,1,13.8893,2.36743e-05,-176.952,-2.3640808901816996e-05,-1.2588228460630485e-06,1,13.89,2.41419e-05,2.07,2.4126146043649907e-05,8.720164508057863e-07,5.0,1,39.293,48.379,3.419,3.675,3.354,3.548,5.785,3.359,14.166,14.9807,4155.2,1.8,22.6,14.165,15.0,15.9729,15.9729,0.006031906232237816,15.903405188544747
162900.127529,1620311682.179364,149.9978,0,85.78,3.58747e-06,10.494,3.527465925953532e-06,6.5339508885267e-07,1,13.8898,2.36725e-05,-176.946,-2.3638879504993448e-05,-1.261202600061037e-06,1,13.89,2.41419e-05,2.07,2.4126146043649907e-05,8.720164508057863e-07,5.0,1,39.293,48.379,3.44,3.586,3.354,3.548,5.784,3.358,14.1662,14.9767,4155.2,1.8,23.5,14.165,15.0,15.9751,15.9751,0.007214079145342112,15.903405169375231
162900.269482,1620311682.321317,149.9978,0,85.78,3.58747e-06,10.464,3.5278075592690104e-06,6.515480225312846e-07,1,13.8898,2.36706e-05,-176.946,-2.36369822034385e-05,-1.2611013735348942e-06,1,13.89,2.41419e-05,2.07,2.4126146043649907e-05,8.720164508057863e-07,5.0,1,39.303,48.381,3.466,3.494,3.354,3.548,5.783,3.358,14.1643,14.9772,4155.2,1.9,22.8,14.165,15.0,15.9751,15.9751,0.00760813569650054,15.903405351485624
162900.853298,1620311682.905133,149.9978,0,85.78,3.58747e-06,10.41,3.5284200619096047e-06,6.482228533566359e-07,1,13.8898,2.3665e-05,-176.934,-2.363112557649042e-05,-1.2657523407603812e-06,1,13.89,2.41419e-05,2.07,2.4126146043649907e-05,8.720164508057863e-07,5.0,1,39.303,48.381,3.466,3.494,3.353,3.548,5.783,3.358,14.1642,14.9823,4155.2,1.8,22.1,14.165,15.0,15.9751,15.9751,0.007214079145342112,15.903405361070377
162901.016244,1620311683.068079,149.9978,0,85.78,3.58933e-06,10.404,3.530317343791613e-06,6.481892478467478e-07,1,13.8898,2.36632e-05,-176.928,-2.362919548428118e-05,-1.2681305160061072e-06,1,13.89,2.41419e-05,2.07,2.4126146043649907e-05,8.720164508057863e-07,5.0,1,39.303,48.381,3.38,3.494,3.353,3.548,5.783,3.358,14.165,14.9742,4155.2,1.9,23.9,14.165,15.0,15.9751,15.9751,0.007214079145342112,15.90340528439232
162901.157199,1620311683.209034,149.9978,0,85.78,3.58933e-06,10.404,3.530317343791613e-06,6.481892478467478e-07,1,13.8898,2.36613e-05,-176.922,-2.3627165297415935e-05,-1.2705029313560282e-06,1,13.89,2.414e-05,2.07,2.412424728350746e-05,8.719478219382766e-07,5.0,1,39.306,48.381,3.38,3.493,3.353,3.548,5.783,3.359,14.1649,14.9772,4155.3,1.8,24.2,14.165,15.0,15.9751,15.9751,0.007214079145342112,15.903683496660761
162901.739013,1620311683.790848,149.9978,0,85.78,3.59492e-06,10.386,3.5360192151598525e-06,6.480878925117325e-07,1,13.8893,2.36576e-05,-176.904,-2.362307039156085e-05,-1.2777257277526482e-06,1,13.89,2.414e-05,2.082,2.4124064134080067e-05,8.770003733133324e-07,5.0,1,39.302,48.383,3.277,3.534,3.353,3.548,5.783,3.359,14.1627,14.9716,4155.2,1.9,23.6,14.165,15.0,15.9745,15.9745,0.00760813569650054,15.903405504841738
162902.020923,1620311684.072758,149.9978,0,85.78,3.59864e-06,10.404,3.539474276832236e-06,6.498705203676509e-07,1,13.8898,2.36576e-05,-176.904,-2.362307039156085e-05,-1.2777257277526482e-06,1,13.89,2.414e-05,2.082,2.4124064134080067e-05,8.770003733133324e-07,5.0,1,39.302,48.383,3.256,3.534,3.353,3.548,5.783,3.359,14.1615,14.9733,4155.2,1.9,23.0,14.165,15.0,15.9745,15.9745,0.00760813569650054,15.903405619858827
162902.161878,1620311684.213713,149.9978,0,85.78,3.59864e-06,10.404,3.539474276832236e-06,6.498705203676509e-07,1,13.8898,2.36576e-05,-176.904,-2.362307039156085e-05,-1.2777257277526482e-06,1,13.89,2.414e-05,2.082,2.4124064134080067e-05,8.770003733133324e-07,5.0,1,39.299,48.383,3.256,3.594,3.353,3.548,5.784,3.358,14.1616,14.976,4155.2,1.8,22.6,14.165,15.0,15.9745,15.9745,0.00800219178199768,15.903405610274067
162902.734694,1620311684.786529,149.9978,0,85.78,3.60051e-06,10.398,3.541381602139269e-06,6.498373705239685e-07,1,13.8893,2.36576e-05,-176.898,-2.3622936458907796e-05,-1.2801995228887838e-06,1,13.89,2.41344e-05,2.076,2.4118559516599077e-05,8.742712418169355e-07,5.0,1,39.304,48.381,3.294,3.67,3.354,3.548,5.785,3.358,14.1636,14.9845,4155.3,1.8,23.3,14.165,15.0,15.9745,15.9745,0.007587510626763105,15.903683621257137
162902.930631,1620311684.982466,149.9978,0,85.78,3.60051e-06,10.398,3.541381602139269e-06,6.498373705239685e-07,1,13.8898,2.36576e-05,-176.898,-2.3622936458907796e-05,-1.2801995228887838e-06,1,13.89,2.41344e-05,2.082,2.411846783088409e-05,8.767969266650079e-07,5.0,1,39.304,48.396,3.294,3.67,3.354,3.549,5.785,3.358,14.1633,14.9807,4155.3,1.9,23.4,14.165,15.0,15.9745,15.9745,0.007587510626763105,15.903683650010146
162903.071586,1620311685.123421,149.9978,0,85.78,3.60237e-06,10.392,3.5432791233312587e-06,6.498020245158253e-07,1,13.8898,2.36594e-05,-176.898,-2.3624733821515417e-05,-1.2802969274920065e-06,1,13.89,2.41325e-05,2.082,2.4116569085156885e-05,8.767279001236121e-07,5.0,1,39.304,48.396,3.355,3.67,3.354,3.549,5.786,3.358,14.1639,14.9644,4155.2,1.8,24.8,14.165,15.0,15.9745,15.9745,0.007587510626763105,15.903405389824652
162903.22054,1620311685.272375,149.9978,0,85.78,3.60796e-06,10.41,3.5485727954707296e-06,6.519252080147313e-07,1,13.8903,2.3665e-05,-176.904,-2.363045959084132e-05,-1.278125395106284e-06,1,13.89,2.41288e-05,2.088,2.4112779598820103e-05,8.79118569207218e-07,5.0,1,39.302,48.388,3.427,3.633,3.354,3.548,5.785,3.358,14.1614,14.9715,4155.2,1.9,24.1,14.165,15.0,15.9751,15.9751,0.0060112811625003815,15.903405629443585
162903.913317,1620311685.965152,149.9978,0,85.78,3.60982e-06,10.422,3.5502654926226534e-06,6.530048731003666e-07,1,13.8898,2.36669e-05,-176.904,-2.36323568176836e-05,-1.2782280123997848e-06,1,13.89,2.41288e-05,2.094,2.4112687405525875e-05,8.816436487571387e-07,5.0,1,39.302,48.391,3.427,3.633,3.353,3.548,5.785,3.358,14.1633,14.9708,4155.3,1.8,22.5,14.165,15.0,15.9751,15.9751,0.007193454075604677,15.903683650010146
162904.061269,1620311686.113104,149.9978,0,85.78,3.60982e-06,10.452,3.549923093423551e-06,6.548636981679192e-07,1,13.8898,2.36669e-05,-176.904,-2.36323568176836e-05,-1.2782280123997848e-06,1,13.89,2.4127e-05,2.094,2.4110888607519762e-05,8.815778784507928e-07,5.0,1,39.302,48.391,3.461,3.633,3.353,3.548,5.785,3.358,14.1639,14.9778,4155.2,1.8,22.3,14.165,15.0,15.9751,15.9751,0.0060112811625003815,15.903405389824652
162904.216219,1620311686.268054,149.9978,0,85.78,3.61168e-06,10.446,3.551820823901134e-06,6.548291817735901e-07,1,13.8898,2.36669e-05,-176.904,-2.36323568176836e-05,-1.2782280123997848e-06,1,13.89,2.41251e-05,2.1,2.410889743274946e-05,8.840331369165408e-07,5.0,1,39.305,48.391,3.435,3.492,3.353,3.548,5.782,3.358,14.1632,14.9783,4155.2,1.9,23.8,14.165,15.0,15.9751,15.9751,0.007587510626763105,15.90340545691795
162904.770558,1620311686.822393,149.9978,0,85.78,3.61541e-06,10.488,3.5550075378953083e-06,6.581115966213765e-07,1,13.8898,2.36669e-05,-176.91,-2.3632490543828902e-05,-1.2757532307767969e-06,1,13.89,2.41251e-05,2.112,2.4108711752516297e-05,8.890824731613346e-07,5.0,1,39.301,48.383,3.435,3.492,3.353,3.548,5.782,3.358,14.1597,14.9718,4155.2,1.9,23.5,14.165,15.0,15.9751,15.9751,0.007587510626763105,15.903405792384456
162905.056463,1620311687.108298,149.9978,0,85.78,3.61541e-06,10.512,3.5547315568822557e-06,6.596006569170888e-07,1,13.8898,2.36669e-05,-176.916,-2.3632624010814948e-05,-1.2732784351635989e-06,1,13.89,2.41251e-05,2.118,2.410861851582679e-05,8.916071266727542e-07,5.0,1,39.301,48.383,3.313,3.492,3.353,3.548,5.782,3.358,14.158,14.9679,4155.2,1.9,23.7,14.165,15.0,15.9751,15.9751,0.007587510626763105,15.903405955325333
162905.212413,1620311687.264248,149.9978,0,85.78,3.61727e-06,10.506,3.556629429232836e-06,6.595675522756639e-07,1,13.8898,2.36669e-05,-176.916,-2.3632624010814948e-05,-1.2732784351635989e-06,1,13.89,2.41251e-05,2.118,2.410861851582679e-05,8.916071266727542e-07,5.0,1,39.303,48.386,3.265,3.501,3.353,3.548,5.782,3.358,14.1586,14.963,4155.2,1.9,23.2,14.165,15.0,15.9751,15.9751,0.007587510626763105,15.903405897816787
162905.819221,1620311687.871056,149.9978,0,85.78,3.61913e-06,10.56,3.5578347201075865e-06,6.632601761729498e-07,1,13.8898,2.3665e-05,-176.934,-2.363112557649042e-05,-1.2657523407603812e-06,1,13.89,2.4127e-05,2.118,2.4110517217808548e-05,8.916773462175718e-07,5.0,1,39.311,48.393,3.265,3.575,3.353,3.548,5.783,3.358,14.1576,14.9757,4155.1,1.9,23.0,14.165,15.0,15.9751,15.9751,0.007981566712260246,15.903127791011396
162906.021155,1620311688.07299,149.9978,0,85.78,3.61913e-06,10.56,3.5578347201075865e-06,6.632601761729498e-07,1,13.8898,2.3665e-05,-176.94,-2.36312579961932e-05,-1.2632776881410644e-06,1,13.89,2.41288e-05,2.118,2.411231598810705e-05,8.917438699968725e-07,5.0,1,39.311,48.393,3.267,3.575,3.353,3.548,5.783,3.358,14.158,14.9821,4155.3,1.9,22.5,14.165,15.0,15.9751,15.9751,0.007193454075604677,15.903684157979983
162906.16011,1620311688.211945,149.9978,0,85.78,3.61913e-06,10.584,3.5575565822146092e-06,6.647504202642588e-07,1,13.8893,2.36669e-05,-176.946,-2.363328745830518e-05,-1.2609042481945108e-06,1,13.89,2.41288e-05,2.112,2.411240923909601e-05,8.892188292863121e-07,5.0,1,39.312,48.393,3.267,3.641,3.353,3.548,5.784,3.358,14.1567,14.9853,4155.3,1.9,22.8,14.165,15.0,15.9751,15.9751,0.007587510626763105,15.903684282576355
162906.78591,1620311688.837745,149.9978,0,85.78,3.60982e-06,10.644,3.5477086964512264e-06,6.667559055039103e-07,1,13.8898,2.36706e-05,-176.982,-2.3637769910995354e-05,-1.246249571651988e-06,1,13.89,2.41307e-05,2.094,2.4114586136754553e-05,8.817130729693929e-07,5.0,1,39.304,48.392,3.331,3.678,3.353,3.548,5.785,3.358,14.1607,14.9537,4155.3,1.8,23.7,14.165,15.0,15.9756,15.9756,0.007587510626763105,15.903683899202896
162907.058823,1620311689.110658,149.9978,0,85.78,3.60796e-06,10.644,3.545880699992844e-06,6.664123520901011e-07,1,13.8898,2.36706e-05,-176.988,-2.36379002883365e-05,-1.2437742233465363e-06,1,13.89,2.41307e-05,2.088,2.4114678337308457e-05,8.791877945844226e-07,5.0,1,39.304,48.392,3.42,3.678,3.353,3.549,5.786,3.358,14.1606,14.9528,4155.2,1.9,23.4,14.165,15.0,15.9756,15.9756,0.007587510626763105,15.90340570612164
162907.212775,1620311689.26461,149.9978,0,85.78,3.6061e-06,10.65,3.543982933540655e-06,6.66439927354728e-07,1,13.8898,2.36725e-05,-176.988,-2.3639797663584607e-05,-1.2438740590509273e-06,1,13.89,2.41307e-05,2.076,2.411486194507414e-05,8.741372089180557e-07,5.0,1,39.3,48.394,3.45,3.658,3.354,3.548,5.786,3.358,14.1611,14.9623,4155.2,1.9,23.1,14.165,15.0,15.9756,15.9756,0.006799397058784962,15.903405658197856
162907.917549,1620311689.969384,149.9978,0,85.78,3.59306e-06,10.608,3.5316533654052342e-06,6.614413581126317e-07,1,13.8893,2.36725e-05,-177.0,-2.364005766147765e-05,-1.2389229241610873e-06,1,13.89,2.41307e-05,2.052,2.4115225987208874e-05,8.640359227750218e-07,5.0,1,39.305,48.39,3.455,3.583,3.353,3.548,5.784,3.358,14.1606,14.9928,4155.2,1.9,22.8,14.165,15.0,15.9756,15.9756,0.007981566712260246,15.90340570612164
162908.196459,1620311690.248294,149.9978,0,85.78,3.59119e-06,10.614,3.5297460750681936e-06,6.61466750215523e-07,1,13.8893,2.36725e-05,-176.994,-2.363992779215154e-05,-1.2413984984127466e-06,1,13.89,2.41307e-05,2.04,2.411540642156196e-05,8.589852227414466e-07,5.0,1,39.3,48.38,3.351,3.493,3.353,3.548,5.783,3.358,14.1601,14.9845,4155.3,1.9,24.0,14.165,15.0,15.974,15.974,0.007193454075604677,15.903683956708916
162908.733288,1620311690.785123,149.9978,0,85.78,3.58747e-06,10.542,3.5269173011722666e-06,6.563500221617532e-07,1,13.8898,2.36669e-05,-176.988,-2.3634205399695446e-05,-1.2435798064485114e-06,1,13.89,2.41307e-05,2.04,2.411540642156196e-05,8.589852227414466e-07,5.0,1,39.303,48.386,3.351,3.492,3.353,3.548,5.782,3.358,14.1614,14.9708,4155.3,1.8,23.2,14.165,15.0,15.974,15.974,0.007981566712260246,15.903683832112542
162908.998208,1620311691.050043,149.9978,0,85.78,3.58747e-06,10.518,3.527191923002797e-06,6.548726129590653e-07,1,13.8898,2.3665e-05,-176.982,-2.363217767795092e-05,-1.2459547334306816e-06,1,13.89,2.41307e-05,2.04,2.411540642156196e-05,8.589852227414466e-07,5.0,1,39.303,48.386,3.351,3.492,3.353,3.548,5.782,3.358,14.164,14.9624,4155.2,1.8,24.0,14.165,15.0,15.974,15.974,0.007587510626763105,15.903405380239892
162909.139159,1620311691.190994,149.9978,0,85.78,3.58561e-06,10.494,3.525637036339884e-06,6.530563222942693e-07,1,13.8898,2.36632e-05,-176.982,-2.3630380174472353e-05,-1.2458599640024046e-06,1,13.89,2.41325e-05,2.04,2.4117205280756216e-05,8.590492976916525e-07,5.0,1,39.303,48.386,3.271,3.557,3.353,3.548,5.783,3.358,14.1645,14.9663,4155.2,1.8,23.0,14.165,15.0,15.974,15.974,0.007981566712260246,15.903405332316105
162909.297107,1620311691.348942,149.9978,0,85.78,3.58561e-06,10.47,3.5259102786209973e-06,6.515794496566003e-07,1,13.8898,2.36594e-05,-176.982,-2.3626585444906486e-05,-1.2456598952093754e-06,1,13.89,2.41344e-05,2.04,2.4119104076572377e-05,8.591169323613145e-07,5.0,1,39.3,48.389,3.257,3.612,3.353,3.549,5.784,3.358,14.1653,14.9662,4155.3,1.9,23.2,14.165,15.0,15.974,15.974,0.007193454075604677,15.903683458323417
162909.805944,1620311691.857779,149.9978,0,85.78,3.58002e-06,10.434,3.5208214173091136e-06,6.483515618994426e-07,1,13.8898,2.36557e-05,-176.97,-2.3622629208940167e-05,-1.2504126306651142e-06,1,13.89,2.41381e-05,2.04,2.4122801731582785e-05,8.592486419811821e-07,5.0,1,39.304,48.394,3.257,3.612,3.353,3.549,5.784,3.358,14.1657,14.9747,4155.2,1.8,23.6,14.165,15.0,15.974,15.974,0.007193454075604677,15.903405217299019
162910.012878,1620311692.064713,149.9978,0,85.78,3.58002e-06,10.434,3.5208214173091136e-06,6.483515618994426e-07,1,13.8898,2.36538e-05,-176.97,-2.3620731865150003e-05,-1.2503121988876455e-06,1,13.89,2.41381e-05,2.04,2.4122801731582785e-05,8.592486419811821e-07,5.0,1,39.304,48.394,3.257,3.612,3.353,3.548,5.784,3.358,14.1662,14.9837,4155.2,1.8,22.0,14.165,15.0,15.974,15.974,0.008769677020609379,15.903405169375231
162910.151834,1620311692.203669,149.9978,0,85.78,3.57816e-06,10.41,3.519263304981637e-06,6.465406219331675e-07,1,13.8898,2.36538e-05,-176.964,-2.3620600803247797e-05,-1.25278574928418e-06,1,13.89,2.414e-05,2.046,2.4124610407730575e-05,8.61842604666062e-07,5.0,1,39.304,48.394,3.31,3.672,3.353,3.548,5.785,3.358,14.1663,14.9785,4155.1,1.8,22.9,14.165,15.0,15.9729,15.9729,0.007193454075604677,15.9031269571009
162910.306785,1620311692.35862,149.9978,0,85.78,3.57443e-06,10.422,3.5154593538722685e-06,6.466029354804792e-07,1,13.8898,2.36538e-05,-176.964,-2.3620600803247797e-05,-1.25278574928418e-06,1,13.89,2.41419e-05,2.04,2.4126599323215105e-05,8.593839113205059e-07,5.0,1,39.302,48.381,3.397,3.685,3.354,3.548,5.785,3.358,14.1649,14.975,4155.3,1.8,23.6,14.165,15.0,15.9729,15.9729,0.008375621400773525,15.903683496660761
162910.847611,1620311692.899446,149.9978,0,85.78,3.56139e-06,10.404,3.5028367090810854e-06,6.431436244059278e-07,1,13.8898,2.36576e-05,-176.952,-2.3624132526648126e-05,-1.2579348645164238e-06,1,13.89,2.41437e-05,2.046,2.4128308048928115e-05,8.619747015027343e-07,5.0,1,39.3,48.386,3.397,3.685,3.354,3.548,5.785,3.358,14.1634,14.9756,4155.3,1.9,23.0,14.165,15.0,15.9729,15.9729,0.007587510626763105,15.903683640425811
162911.10153,1620311693.153365,149.9978,0,85.78,3.56139e-06,10.404,3.5028367090810854e-06,6.431436244059278e-07,1,13.8898,2.36594e-05,-176.952,-2.3625929980259144e-05,-1.2580305751022876e-06,1,13.89,2.41437e-05,2.046,2.4128308048928115e-05,8.619747015027343e-07,5.0,1,39.3,48.386,3.44,3.61,3.354,3.548,5.785,3.358,14.1629,14.9658,4155.3,1.9,23.4,14.165,15.0,15.9729,15.9729,0.007193454075604677,15.90368368834749
162911.241485,1620311693.29332,149.9978,0,85.78,3.55953e-06,10.386,3.501209060824149e-06,6.417078254960576e-07,1,13.8898,2.36613e-05,-176.958,-2.362795891408317e-05,-1.255657295760891e-06,1,13.89,2.41437e-05,2.046,2.4128308048928115e-05,8.619747015027343e-07,5.0,1,39.302,48.389,3.44,3.61,3.354,3.548,5.785,3.358,14.1621,14.9527,4155.2,1.9,22.6,14.165,15.0,15.9729,15.9729,0.007587510626763105,15.903405562350281
162911.75832,1620311693.810155,149.9978,0,85.78,3.55953e-06,10.41,3.500939955726207e-06,6.431743521781495e-07,1,13.8903,2.36706e-05,-176.964,-2.363737722367473e-05,-1.2536755344598378e-06,1,13.89,2.414e-05,2.052,2.412452002350625e-05,8.643689232301188e-07,5.0,1,39.297,48.389,3.465,3.506,3.354,3.548,5.783,3.358,14.1614,14.9709,4155.2,1.8,22.7,14.165,15.0,15.974,15.974,0.007587510626763105,15.903405629443585
162911.956256,1620311694.008091,149.9978,0,85.78,3.55953e-06,10.44,3.500602710537026e-06,6.450073518037042e-07,1,13.8898,2.36706e-05,-176.964,-2.363737722367473e-05,-1.2536755344598378e-06,1,13.89,2.41381e-05,2.058,2.4122530600252558e-05,8.668270011246962e-07,5.0,1,39.297,48.381,3.465,3.506,3.354,3.548,5.783,3.358,14.1613,14.9782,4155.1,1.9,23.5,14.165,15.0,15.974,15.974,0.007587510626763105,15.903127436359805
162912.109208,1620311694.161043,149.9978,0,85.78,3.56139e-06,10.464,3.5021612901306664e-06,6.468114331165674e-07,1,13.8898,2.36743e-05,-176.964,-2.364107203055447e-05,-1.253871499052096e-06,1,13.89,2.41381e-05,2.064,2.412243969407486e-05,8.693531018644933e-07,5.0,1,39.297,48.381,3.414,3.489,3.354,3.548,5.782,3.358,14.1615,14.9812,4155.3,1.8,22.6,14.165,15.0,15.974,15.974,0.007587510626763105,15.903683822528201
162912.253163,1620311694.304998,149.9978,0,85.78,3.56139e-06,10.488,3.501890047155087e-06,6.482783582197882e-07,1,13.8898,2.36762e-05,-176.97,-2.3643100549834044e-05,-1.25149623668517e-06,1,13.89,2.41363e-05,2.064,2.4120640861878077e-05,8.692882734155534e-07,5.0,1,39.303,48.373,3.414,3.489,3.353,3.548,5.782,3.358,14.1624,14.982,4155.3,1.9,23.8,14.165,15.0,15.974,15.974,0.007587510626763105,15.903683736269175
162912.783992,1620311694.835827,149.9978,0,85.78,3.57071e-06,10.542,3.5104401922437884e-06,6.532836755800588e-07,1,13.8898,2.36855e-05,-176.988,-2.3652779704755862e-05,-1.2445571454493923e-06,1,13.89,2.41307e-05,2.076,2.411486194507414e-05,8.741372089180557e-07,5.0,1,39.302,48.388,3.289,3.533,3.353,3.548,5.783,3.358,14.1616,14.9664,4155.1,1.9,24.7,14.165,15.0,15.974,15.974,0.007981566712260246,15.903127407604272
162913.032913,1620311695.084748,149.9978,0,85.78,3.57443e-06,10.584,3.5136170776306365e-06,6.565400647960074e-07,1,13.8898,2.36874e-05,-176.988,-2.365467708000397e-05,-1.2446569811537833e-06,1,13.89,2.41307e-05,2.082,2.411477027341532e-05,8.766625065580791e-07,5.0,1,39.302,48.388,3.259,3.533,3.353,3.548,5.783,3.358,14.1615,14.9612,4155.2,1.8,24.3,14.165,15.0,15.974,15.974,0.007981566712260246,15.903405619858827
162913.223851,1620311695.275686,149.9978,0,85.78,3.58374e-06,10.608,3.5224926474195683e-06,6.597256524306754e-07,1,13.8898,2.36892e-05,-177.006,-2.3656864476226645e-05,-1.2373196003643825e-06,1,13.89,2.41251e-05,2.094,2.4108989876291084e-05,8.815084542385386e-07,5.0,1,39.303,48.378,3.291,3.668,3.353,3.549,5.785,3.358,14.1608,14.9726,4155.3,1.9,22.4,14.165,15.0,15.9729,15.9729,0.007981566712260246,15.90368388961856
162913.933625,1620311695.98546,149.9978,0,85.78,3.59119e-06,10.644,3.5293992480535544e-06,6.633148301817232e-07,1,13.8893,2.36911e-05,-177.012,-2.365889133521942e-05,-1.2349412934546742e-06,1,13.89,2.41214e-05,2.1,2.4105199917692478e-05,8.838975551943266e-07,5.0,1,39.303,48.384,3.291,3.668,3.354,3.548,5.785,3.358,14.161,14.9696,4155.2,1.9,23.9,14.165,15.0,15.9729,15.9729,0.007587510626763105,15.90340566778261
162914.172548,1620311696.224383,149.9978,0,85.78,3.59306e-06,10.638,3.5313065514244212e-06,6.632904367371522e-07,1,13.8893,2.36911e-05,-177.018,-2.3659020528244633e-05,-1.2324637333808585e-06,1,13.89,2.41195e-05,2.106,2.4103208507338707e-05,8.863520190956261e-07,5.0,1,39.297,48.384,3.37,3.685,3.354,3.548,5.786,3.358,14.1604,14.9759,4155.3,1.9,22.9,14.165,15.0,15.9729,15.9729,0.007587510626763105,15.903683927955907
162914.772356,1620311696.824191,149.9978,0,85.78,3.60051e-06,10.698,3.537930532788131e-06,6.683710086961367e-07,1,13.8893,2.36874e-05,-177.018,-2.3655325538313625e-05,-1.2322712511485641e-06,1,13.89,2.41195e-05,2.112,2.410311555661186e-05,8.888760963235306e-07,5.0,1,39.3,48.377,3.432,3.637,3.353,3.548,5.785,3.358,14.1608,14.9655,4155.2,1.9,24.1,14.165,15.0,15.9729,15.9729,0.008375621400773525,15.903405686952127
162915.142237,1620311697.195072,149.9978,0,85.78,3.60051e-06,10.722,3.537650255820886e-06,6.698529148928294e-07,1,13.8898,2.36874e-05,-177.018,-2.3655325538313625e-05,-1.2322712511485641e-06,1,13.89,2.41195e-05,2.112,2.410311555661186e-05,8.888760963235306e-07,5.0,1,39.3,48.377,3.458,3.535,3.353,3.548,5.783,3.358,14.1606,14.9671,4155.2,1.9,23.3,14.165,15.0,15.9729,15.9729,0.007587510626763105,15.90340570612164
162915.298188,1620311697.350023,149.9978,0,85.78,3.60051e-06,10.746,3.5373693581388315e-06,6.713347035573769e-07,1,13.8898,2.36855e-05,-177.018,-2.365342811105175e-05,-1.2321724089211696e-06,1,13.89,2.41195e-05,2.112,2.410311555661186e-05,8.888760963235306e-07,5.0,1,39.297,48.38,3.442,3.535,3.353,3.548,5.782,3.358,14.1635,14.9713,4155.2,1.9,23.0,14.165,15.0,15.9729,15.9729,0.008375621400773525,15.90340542816368
162915.839016,1620311697.890851,149.9978,0,85.78,3.60051e-06,10.824,3.536452154456913e-06,6.761497018686452e-07,1,13.8898,2.36781e-05,-177.006,-2.364577962761689e-05,-1.2367398320495368e-06,1,13.89,2.41195e-05,2.1,2.41033011937443e-05,8.838279321477841e-07,5.0,1,39.296,48.38,3.442,3.489,3.353,3.548,5.782,3.358,14.1643,14.979,4155.1,1.9,23.5,14.165,15.0,15.9729,15.9729,0.007193454075604677,15.903127148804463
162916.079938,1620311698.131773,149.9978,0,85.78,3.60051e-06,10.824,3.536452154456913e-06,6.761497018686452e-07,1,13.8898,2.36762e-05,-177.0,-2.364375259075624e-05,-1.2391165671991861e-06,1,13.89,2.41195e-05,2.094,2.4103393615827614e-05,8.813038355076841e-07,5.0,1,39.296,48.383,3.319,3.489,3.353,3.548,5.782,3.358,14.1648,14.9816,4155.3,1.8,23.2,14.165,15.0,15.9729,15.9729,0.007193454075604677,15.903683506245102
162916.233889,1620311698.285724,149.9978,0,85.78,3.60237e-06,10.824,3.538279062591397e-06,6.764989963978856e-07,1,13.8898,2.36743e-05,-177.0,-2.3641855194640207e-05,-1.2390171288823246e-06,1,13.89,2.41195e-05,2.094,2.4103393615827614e-05,8.813038355076841e-07,5.0,1,39.298,48.388,3.319,3.512,3.353,3.548,5.782,3.358,14.1642,14.987,4155.2,1.9,23.3,14.165,15.0,15.9729,15.9729,0.007587510626763105,15.903405361070377
162916.762719,1620311698.814554,149.9978,0,85.78,3.60237e-06,10.794,3.538632791601783e-06,6.746462651646215e-07,1,13.8903,2.36706e-05,-176.982,-2.3637769910995354e-05,-1.246249571651988e-06,1,13.89,2.41195e-05,2.076,2.4103669296133794e-05,8.73731487710636e-07,5.0,1,39.303,48.389,3.265,3.577,3.353,3.548,5.783,3.358,14.1624,14.9615,4155.2,1.9,23.7,14.165,15.0,15.9745,15.9745,0.007981566712260246,15.903405533596011
162917.022635,1620311699.07447,149.9978,0,85.78,3.60423e-06,10.788,3.5405305482326864e-06,6.746238432868748e-07,1,13.8898,2.36687e-05,-176.982,-2.363587254621242e-05,-1.2461495372554732e-06,1,13.89,2.41195e-05,2.07,2.4103760660917903e-05,8.712073525783041e-07,5.0,1,39.303,48.389,3.265,3.577,3.353,3.548,5.783,3.358,14.1621,14.9603,4155.3,1.9,23.6,14.165,15.0,15.9745,15.9745,0.007587510626763105,15.903683765022187
162917.164591,1620311699.216426,149.9978,0,85.78,3.60423e-06,10.764,3.540812823388998e-06,6.731407301776003e-07,1,13.8898,2.36687e-05,-176.976,-2.36357419201401e-05,-1.2486246732032526e-06,1,13.89,2.41195e-05,2.07,2.4103760660917903e-05,8.712073525783041e-07,5.0,1,39.303,48.389,3.265,3.577,3.353,3.548,5.785,3.358,14.163,14.9643,4155.2,1.9,22.9,14.165,15.0,15.9745,15.9745,0.007587510626763105,15.90340547608747
162917.32654,1620311699.378375,149.9978,0,85.78,3.6061e-06,10.758,3.542720428630794e-06,6.731189898985495e-07,1,13.8898,2.36669e-05,-176.97,-2.3633813551282188e-05,-1.2510046495638762e-06,1,13.89,2.41214e-05,2.064,2.4105750528693536e-05,8.687516379215509e-07,5.0,1,39.309,48.398,3.326,3.677,3.353,3.548,5.785,3.358,14.1631,14.974,4155.3,1.9,23.2,14.165,15.0,15.9745,15.9745,0.007587510626763105,15.903683669178818
162917.863409,1620311699.915244,149.9978,0,85.78,3.60982e-06,10.746,3.546516092552643e-06,6.730706037743237e-07,1,13.8893,2.36632e-05,-176.952,-2.3629724604549065e-05,-1.2582326307835555e-06,1,13.89,2.41232e-05,2.052,2.4107730796646476e-05,8.637673740209114e-07,5.0,1,39.305,48.389,3.326,3.677,3.353,3.548,5.785,3.358,14.1636,14.9934,4155.2,1.8,22.5,14.165,15.0,15.9745,15.9745,0.007587510626763105,15.903405418578922
162918.098335,1620311700.15017,149.9978,0,85.78,3.60982e-06,10.716,3.546868025331817e-06,6.712135601124107e-07,1,13.8898,2.36613e-05,-176.946,-2.3627695411616918e-05,-1.2606058963279845e-06,1,13.89,2.41232e-05,2.052,2.4107730796646476e-05,8.637673740209114e-07,5.0,1,39.305,48.389,3.417,3.677,3.353,3.548,5.785,3.358,14.1643,14.9942,4155.3,1.9,23.0,14.165,15.0,15.9751,15.9751,0.007587510626763105,15.903683554166786
162918.241288,1620311700.293123,149.9978,0,85.78,3.60982e-06,10.716,3.546868025331817e-06,6.712135601124107e-07,1,13.8898,2.36613e-05,-176.94,-2.3627563271723056e-05,-1.2630801758889568e-06,1,13.89,2.41251e-05,2.052,2.410962957825562e-05,8.638354063719527e-07,5.0,1,39.305,48.389,3.417,3.675,3.353,3.548,5.785,3.358,14.1639,14.996,4155.3,1.9,22.9,14.165,15.0,15.9751,15.9751,0.007981566712260246,15.90368359250413
162918.405238,1620311700.457073,149.9978,0,85.78,3.60982e-06,10.662,3.5474990538368196e-06,6.67870418140277e-07,1,13.8898,2.36594e-05,-176.91,-2.3625001448126522e-05,-1.2753489467670269e-06,1,13.89,2.41288e-05,2.052,2.4113327205599734e-05,8.639678904239804e-07,5.0,1,39.295,48.391,3.447,3.587,3.354,3.548,5.784,3.358,14.1642,14.9638,4155.3,1.9,23.9,14.165,15.0,15.9751,15.9751,0.007587510626763105,15.903683563751118
162918.969054,1620311701.020889,149.9978,0,85.78,3.61168e-06,10.632,3.5496763320424937e-06,6.663560310654868e-07,1,13.8893,2.36576e-05,-176.904,-2.362307039156085e-05,-1.2777257277526482e-06,1,13.89,2.41307e-05,2.052,2.4115225987208874e-05,8.640359227750218e-07,5.0,1,39.295,48.387,3.447,3.587,3.353,3.548,5.784,3.358,14.165,14.9558,4155.1,1.8,24.4,14.165,15.0,15.9751,15.9751,0.007587510626763105,15.903127081708215
162919.122006,1620311701.173841,149.9978,0,85.78,3.61168e-06,10.632,3.5496763320424937e-06,6.663560310654868e-07,1,13.8898,2.36576e-05,-176.898,-2.3622936458907796e-05,-1.2801995228887838e-06,1,13.89,2.41307e-05,2.052,2.4115225987208874e-05,8.640359227750218e-07,5.0,1,39.295,48.387,3.458,3.587,3.353,3.548,5.783,3.358,14.1667,14.9614,4155.2,1.8,23.0,14.165,15.0,15.9751,15.9751,0.007981566712260246,15.903405121451447
162919.263962,1620311701.315797,149.9978,0,85.78,3.61168e-06,10.608,3.549955143183464e-06,6.648690877046945e-07,1,13.8898,2.36576e-05,-176.892,-2.362280226720026e-05,-1.2826733039859818e-06,1,13.89,2.41325e-05,2.052,2.411702483294385e-05,8.641003744760084e-07,5.0,1,39.3,48.38,3.355,3.493,3.353,3.548,5.783,3.358,14.1675,14.9676,4155.3,1.9,23.8,14.165,15.0,15.9751,15.9751,0.007981566712260246,15.903683247468015
162919.837777,1620311701.889612,149.9978,0,85.78,3.60982e-06,10.5,3.5493732304225144e-06,6.578374446320638e-07,1,13.8898,2.36557e-05,-176.868,-2.3620365747863274e-05,-1.2924644781066163e-06,1,13.89,2.41381e-05,2.046,2.4122711619007513e-05,8.617747711553386e-07,5.0,1,39.297,48.384,3.355,3.492,3.353,3.548,5.782,3.358,14.1663,14.9776,4155.2,1.8,23.8,14.165,15.0,15.9729,15.9729,0.007193454075604677,15.903405159790475
162920.079703,1620311702.131538,149.9978,0,85.78,3.60982e-06,10.506,3.5493043223849132e-06,6.582091305199051e-07,1,13.8898,2.36557e-05,-176.868,-2.3620365747863274e-05,-1.2924644781066163e-06,1,13.89,2.414e-05,2.046,2.4124610407730575e-05,8.61842604666062e-07,5.0,1,39.297,48.384,3.272,3.492,3.353,3.548,5.783,3.358,14.1655,14.9775,4155.2,1.9,23.8,14.165,15.0,15.9729,15.9729,0.0060112811625003815,15.903405236468533
162920.222655,1620311702.27449,149.9978,0,85.78,3.60982e-06,10.506,3.5493043223849132e-06,6.582091305199051e-07,1,13.8898,2.36557e-05,-176.868,-2.3620365747863274e-05,-1.2924644781066163e-06,1,13.89,2.41419e-05,2.04,2.4126599323215105e-05,8.593839113205059e-07,5.0,1,39.297,48.384,3.272,3.548,3.353,3.548,5.783,3.358,14.1657,14.9745,4155.2,1.8,23.6,14.165,15.0,15.9729,15.9729,0.007587510626763105,15.903405217299019
162920.363608,1620311702.415443,149.9978,0,85.78,3.60982e-06,10.506,3.5493043223849132e-06,6.582091305199051e-07,1,13.8898,2.36557e-05,-176.868,-2.3620365747863274e-05,-1.2924644781066163e-06,1,13.89,2.41437e-05,2.034,2.4128488051293105e-05,8.569212616137873e-07,5.0,1,39.306,48.378,3.256,3.605,3.353,3.548,5.784,3.358,14.164,14.9738,4155.2,1.9,22.7,14.165,15.0,15.9729,15.9729,0.007193454075604677,15.903405380239892
162920.911436,1620311702.963271,149.9978,0,85.78,3.60982e-06,10.506,3.5493043223849132e-06,6.582091305199051e-07,1,13.8898,2.36576e-05,-176.874,-2.3622398137765454e-05,-1.2900945627724912e-06,1,13.89,2.41437e-05,2.034,2.4128488051293105e-05,8.569212616137873e-07,5.0,1,39.31,48.39,3.256,3.605,3.353,3.548,5.784,3.358,14.1622,14.9731,4155.2,1.8,23.7,14.165,15.0,15.9729,15.9729,0.007193454075604677,15.903405552765523
162921.15536,1620311703.207195,149.9978,0,85.78,3.60982e-06,10.506,3.5493043223849132e-06,6.582091305199051e-07,1,13.8893,2.36576e-05,-176.88,-2.362253310662761e-05,-1.287620823954958e-06,1,13.89,2.41437e-05,2.034,2.4128488051293105e-05,8.569212616137873e-07,5.0,1,39.31,48.39,3.306,3.605,3.353,3.548,5.785,3.358,14.1631,14.9668,4155.2,1.9,23.1,14.165,15.0,15.9729,15.9729,0.007587510626763105,15.903405466502708
162921.322302,1620311703.374137,149.9978,0,85.78,3.60982e-06,10.506,3.5493043223849132e-06,6.582091305199051e-07,1,13.8893,2.36576e-05,-176.88,-2.362253310662761e-05,-1.287620823954958e-06,1,13.89,2.41437e-05,2.034,2.4128488051293105e-05,8.569212616137873e-07,5.0,1,39.304,48.391,3.393,3.672,3.353,3.548,5.785,3.358,14.1622,14.9677,4155.3,1.8,23.9,14.165,15.0,15.9734,15.9734,0.007587510626763105,15.903683755437848
162921.835138,1620311703.886973,149.9978,0,85.78,3.60982e-06,10.536,3.548959198374878e-06,6.600674516065328e-07,1,13.8898,2.3665e-05,-176.91,-2.363059330625097e-05,-1.2756508121609886e-06,1,13.89,2.41381e-05,2.046,2.4122711619007513e-05,8.617747711553386e-07,5.0,1,39.303,48.391,3.393,3.685,3.354,3.548,5.785,3.358,14.1629,14.9808,4155.3,1.9,22.4,14.165,15.0,15.9734,15.9734,0.008769677020609379,15.90368368834749
162922.076062,1620311704.127897,149.9978,0,85.78,3.60982e-06,10.536,3.548959198374878e-06,6.600674516065328e-07,1,13.8903,2.36669e-05,-176.916,-2.3632624010814948e-05,-1.2732784351635989e-06,1,13.89,2.41381e-05,2.046,2.4122711619007513e-05,8.617747711553386e-07,5.0,1,39.303,48.391,3.437,3.685,3.354,3.548,5.785,3.358,14.1625,14.9793,4155.1,1.8,22.8,14.165,15.0,15.9734,15.9734,0.007587510626763105,15.903127321337667
162922.222014,1620311704.273849,149.9978,0,85.78,3.60982e-06,10.536,3.548959198374878e-06,6.600674516065328e-07,1,13.8893,2.36669e-05,-176.922,-2.3632757218640275e-05,-1.2708036255873507e-06,1,13.89,2.41363e-05,2.046,2.4120912766533038e-05,8.6171050782939e-07,5.0,1,39.303,48.391,3.437,3.615,3.354,3.548,5.784,3.358,14.1616,14.9681,4155.2,1.9,24.5,14.165,15.0,15.9734,15.9734,0.007587510626763105,15.903405610274067
162922.371967,1620311704.423802,149.9978,0,85.78,3.60982e-06,10.536,3.548959198374878e-06,6.600674516065328e-07,1,13.8898,2.36687e-05,-176.928,-2.363468758066559e-05,-1.2684252655682135e-06,1,13.89,2.41344e-05,2.052,2.411892361455299e-05,8.641684068270497e-07,5.0,1,39.304,48.384,3.466,3.51,3.354,3.548,5.783,3.358,14.1638,14.9747,4155.2,1.8,22.9,14.165,15.0,15.9734,15.9734,0.007587510626763105,15.903405399409408
