time,abs_time,angle,is_rotating,Freq_363-x,V_363-x_R,V_363-x_theta,V_363-x_X,V_363-x_Y,Harm_363-x,Freq_367-y,V_367-y_R,V_367-y_theta,V_367-y_X,V_367-y_Y,Harm_367-y,Freq_367-x,V_367-x_R,V_367-x_theta,V_367-x_X,V_367-x_Y,Vout_367-x,Harm_367-x,CFMS_1st stage A,CFMS_1st stage B,CFMS_2nd stage A,CFMS_2nd stage B,CFMS_Inner Magnet,CFMS_Outer Magnet,CFMS_Switch,CFMS_He Pot,Tvti,Tsample,sC,H1,H2,SP1,SP2,Magnet_output_field,Magnet_magnet_field,Vti-Pressure,Hanalog
245532.386234,1620394314.438069,216.2005,0,85.78,4.15745e-06,8.598,4.1107269148047155e-06,6.215422225401173e-07,1,14.1177,4.79029e-06,-9.726,4.7214387285369775e-06,-8.092555942167636e-07,1,14.118,2.13758e-05,2.214,2.1359843107854236e-05,8.257893483521363e-07,5.0,1,39.293,48.452,3.65,3.729,3.621,3.794,8.297,3.541,2.27298,3.00162,-4120.1,0.4,8.9,2.273,3.0,-15.9729,-15.9729,0.009123368188738823,-15.919544994666364
245532.52619,1620394314.578025,216.2005,0,85.78,4.15745e-06,8.598,4.1107269148047155e-06,6.215422225401173e-07,1,14.1177,4.78936e-06,-9.738,4.720352534789662e-06,-8.100871292057477e-07,1,14.118,2.13758e-05,2.214,2.1359843107854236e-05,8.257893483521363e-07,5.0,1,39.29,48.452,3.65,3.617,3.62,3.794,8.297,3.541,2.27299,3.00156,-4120.2,0.4,8.9,2.273,3.0,-15.9729,-15.9729,0.008335464634001255,-15.919828888089384
245533.188976,1620394315.240811,216.2005,0,85.78,4.15e-06,8.568,4.103684933960734e-06,6.182798418060286e-07,1,14.1168,4.7833e-06,-9.804,4.713444750022818e-06,-8.144921598654791e-07,1,14.118,2.13796e-05,2.214,2.136364027117958e-05,8.259361498530737e-07,5.0,1,39.292,48.457,3.508,3.563,3.619,3.792,8.235,3.541,2.27321,3.00157,-4120.3,0.4,8.8,2.273,3.0,-15.9729,-15.9729,0.007153622340410948,-15.920112781512408
245533.429899,1620394315.481734,216.2005,0,85.78,4.14814e-06,8.568,4.101845692038525e-06,6.18002733250424e-07,1,14.1177,4.78237e-06,-9.81,4.712443029055122e-06,-8.148272913997094e-07,1,14.118,2.13796e-05,2.214,2.136364027117958e-05,8.259361498530737e-07,5.0,1,39.292,48.457,3.508,3.575,3.619,3.792,8.173,3.541,2.27306,3.00056,-4120.4,0.4,9.0,2.273,3.0,-15.9729,-15.9729,0.008335464634001255,-15.92039667493543
245533.58185,1620394315.633685,216.2005,0,85.78,4.14814e-06,8.55,4.10203964090203e-06,6.167140699451822e-07,1,14.1177,4.7819e-06,-9.822,4.711809157711147e-06,-8.157340689890098e-07,1,14.118,2.13814e-05,2.214,2.1365438927491585e-05,8.260056874061494e-07,5.0,1,39.293,48.452,3.443,3.575,3.617,3.791,8.173,3.541,2.27313,3.0015,-4120.3,0.4,8.9,2.273,3.0,-15.9729,-15.9729,0.008335464634001255,-15.920112781512408
245534.136674,1620394316.188509,216.2005,0,85.78,4.14069e-06,8.544,4.094736880192485e-06,6.151776638431496e-07,1,14.1177,4.78144e-06,-9.828,4.711270459087619e-06,-8.16148966138127e-07,1,14.118,2.13851e-05,2.208,2.1369222562378478e-05,8.239108504775506e-07,5.0,1,39.291,48.451,3.438,3.651,3.616,3.79,8.112,3.541,2.27308,3.00092,-4120.4,0.4,8.9,2.273,3.0,-15.9729,-15.9729,0.008335464634001255,-15.92039667493543
245534.377597,1620394316.429432,216.2005,0,85.78,4.14069e-06,8.544,4.094736880192485e-06,6.151776638431496e-07,1,14.1177,4.78237e-06,-9.822,4.712272268672088e-06,-8.158142452813674e-07,1,14.118,2.1387e-05,2.208,2.137112115171725e-05,8.239840524086105e-07,5.0,1,39.291,48.451,3.438,3.651,3.616,3.79,8.05,3.541,2.27309,3.00118,-4120.5,0.4,8.9,2.273,3.0,-15.9729,-15.9729,0.009517302736639977,-15.920680568358454
245534.519552,1620394316.571387,216.2005,0,85.78,4.14069e-06,8.544,4.094736880192485e-06,6.151776638431496e-07,1,14.1177,4.78284e-06,-9.822,4.7127353796330296e-06,-8.158944215737249e-07,1,14.118,2.1387e-05,2.208,2.137112115171725e-05,8.239840524086105e-07,5.0,1,39.291,48.451,3.438,3.709,3.616,3.79,8.05,3.541,2.2731,3.00107,-4120.4,0.4,8.9,2.273,3.0,-15.9729,-15.9729,0.008335464634001255,-15.92039667493543
245534.673503,1620394316.725338,216.2005,0,85.78,4.14069e-06,8.562,4.094543414365562e-06,6.16464032994308e-07,1,14.1177,4.7847e-06,-9.834,4.714397066244755e-06,-8.171991139146256e-07,1,14.118,2.1387e-05,2.184,2.13714644264554e-05,8.150320660878631e-07,5.0,1,39.293,48.444,3.487,3.758,3.614,3.789,7.988,3.541,2.27293,3.00041,-4120.5,0.4,8.9,2.273,3.0,-15.9729,-15.9729,0.008335464634001255,-15.920680568358454
245535.275309,1620394317.327144,216.2005,0,85.78,4.14069e-06,8.562,4.094543414365562e-06,6.16464032994308e-07,1,14.1177,4.7847e-06,-9.834,4.714397066244755e-06,-8.171991139146256e-07,1,14.118,2.1387e-05,2.184,2.13714644264554e-05,8.150320660878631e-07,5.0,1,39.293,48.444,3.487,3.758,3.614,3.788,7.988,3.541,2.273,3.00063,-4120.5,0.4,8.9,2.273,3.0,-15.9729,-15.9729,0.008335464634001255,-15.920680568358454
245535.417264,1620394317.469099,216.2005,0,85.78,4.14069e-06,8.586,4.094284831309273e-06,6.181790971965931e-07,1,14.1177,4.7847e-06,-9.84,4.714311463504244e-06,-8.176927999392417e-07,1,14.118,2.1387e-05,2.178,2.1371549659231453e-05,8.127940471017532e-07,5.0,1,39.293,48.444,3.572,3.763,3.614,3.788,7.93,3.541,2.27314,3.00056,-4120.5,0.4,8.9,2.273,3.0,-15.974,-15.974,0.008335464634001255,-15.920680568358454
245535.574214,1620394317.626049,216.2005,0,85.78,4.13883e-06,8.592,4.0923809476103885e-06,6.18329967360062e-07,1,14.1177,4.7847e-06,-9.846,4.714225809065523e-06,-8.18186476996853e-07,1,14.118,2.1387e-05,2.178,2.1371549659231453e-05,8.127940471017532e-07,5.0,1,39.287,48.451,3.626,3.763,3.612,3.786,7.93,3.541,2.27299,3.00095,-4120.5,0.4,8.9,2.273,3.0,-15.974,-15.974,0.008729401975870132,-15.920680568358454
245536.156028,1620394318.207863,216.2005,0,85.78,4.13696e-06,8.592,4.090531934151988e-06,6.180505944360803e-07,1,14.1182,4.7847e-06,-9.858,4.714054345097207e-06,-8.191738041894055e-07,1,14.118,2.13851e-05,2.178,2.1369651031824497e-05,8.127218392797355e-07,5.0,1,39.29,48.442,3.648,3.677,3.61,3.785,7.87,3.541,2.27281,3.00076,-4120.7,0.4,8.9,2.273,3.0,-15.974,-15.974,0.008729401975870132,-15.9212483552045
245536.39495,1620394318.446785,216.2005,0,85.78,4.1351e-06,8.598,4.088628093039958e-06,6.182008790065156e-07,1,14.1177,4.7847e-06,-9.858,4.714054345097207e-06,-8.191738041894055e-07,1,14.118,2.13851e-05,2.178,2.1369651031824497e-05,8.127218392797355e-07,5.0,1,39.29,48.442,3.648,3.568,3.61,3.785,7.812,3.541,2.27278,3.00111,-4120.6,0.4,8.9,2.273,3.0,-15.974,-15.974,0.009123368188738823,-15.920964461781479
245536.533907,1620394318.585742,216.2005,0,85.78,4.1351e-06,8.598,4.088628093039958e-06,6.182008790065156e-07,1,14.1177,4.78516e-06,-9.858,4.7145075532395664e-06,-8.192525593778034e-07,1,14.118,2.13851e-05,2.184,2.136956580662044e-05,8.149596594424445e-07,5.0,1,39.291,48.442,3.648,3.568,3.609,3.785,7.812,3.541,2.27305,3.00011,-4120.6,0.4,8.9,2.273,3.0,-15.974,-15.974,0.008335464634001255,-15.920964461781479
245536.67786,1620394318.729695,216.2005,0,85.78,4.1351e-06,8.598,4.088628093039958e-06,6.182008790065156e-07,1,14.1182,4.78516e-06,-9.858,4.7145075532395664e-06,-8.192525593778034e-07,1,14.118,2.13851e-05,2.184,2.136956580662044e-05,8.149596594424445e-07,5.0,1,39.291,48.45,3.544,3.558,3.609,3.784,7.753,3.541,2.273,3.00043,-4120.6,0.4,8.8,2.273,3.0,-15.974,-15.974,0.00870834942907095,-15.920964461781479
245537.203692,1620394319.255527,216.2005,0,85.78,4.13696e-06,8.64,4.090012721910961e-06,6.214772531690072e-07,1,14.1182,4.7847e-06,-9.852,4.71414010292953e-06,-8.186801450820455e-07,1,14.118,2.13814e-05,2.19,2.1365783049548698e-05,8.170560810724926e-07,5.0,1,39.287,48.444,3.456,3.558,3.607,3.783,7.694,3.541,2.27296,3.00022,-4120.7,0.4,9.0,2.273,3.0,-15.9729,-15.9729,0.008314382284879684,-15.9212483552045
245537.460616,1620394319.512451,216.2005,0,85.78,4.13696e-06,8.664,4.089752039319455e-06,6.231904191195213e-07,1,14.1177,4.7847e-06,-9.846,4.714225809065523e-06,-8.18186476996853e-07,1,14.118,2.13796e-05,2.19,2.136398436426667e-05,8.169872969448897e-07,5.0,1,39.287,48.444,3.456,3.61,3.607,3.783,7.694,3.541,2.27299,3.00052,-4120.6,0.4,8.9,2.273,3.0,-15.9729,-15.9729,0.007526478264480829,-15.920964461781479
245537.59857,1620394319.650405,216.2005,0,85.78,4.13696e-06,8.688,4.089490639141564e-06,6.249034757252744e-07,1,14.1177,4.78423e-06,-9.846,4.713762731729376e-06,-8.181061067240692e-07,1,14.118,2.13796e-05,2.196,2.1363898692416002e-05,8.192245236721729e-07,5.0,1,39.292,48.451,3.428,3.61,3.606,3.782,7.641,3.541,2.27308,3.00061,-4120.5,0.4,8.9,2.273,3.0,-15.9729,-15.9729,0.00870834942907095,-15.920680568358454
245538.125403,1620394320.177238,216.2005,0,85.78,4.14441e-06,8.766,4.095999109771083e-06,6.316055263014243e-07,1,14.1177,4.78377e-06,-9.81,4.713822558501961e-06,-8.150658254754836e-07,1,14.118,2.13796e-05,2.214,2.136364027117958e-05,8.259361498530737e-07,5.0,1,39.287,48.444,3.462,3.676,3.605,3.78,7.641,3.541,2.27303,3.00066,-4120.6,0.4,8.9,2.273,3.0,-15.9729,-15.9729,0.008314382284879684,-15.920964461781479
245538.379462,1620394320.431297,216.2005,0,85.78,4.14628e-06,8.784,4.097648549807591e-06,6.331778586303708e-07,1,14.1177,4.7833e-06,-9.804,4.713444750022818e-06,-8.144921598654791e-07,1,14.118,2.13796e-05,2.214,2.136364027117958e-05,8.259361498530737e-07,5.0,1,39.287,48.444,3.462,3.676,3.605,3.78,7.587,3.541,2.273,3.00084,-4120.7,0.4,8.9,2.273,3.0,-15.9729,-15.9729,0.008314382284879684,-15.9212483552045
245538.528415,1620394320.58025,216.2005,0,85.78,4.14814e-06,8.802,4.099287523764681e-06,6.347497594385036e-07,1,14.1172,4.78377e-06,-9.786,4.7141635589237935e-06,-8.130912326516349e-07,1,14.118,2.13777e-05,2.214,2.136174168951691e-05,8.25862749102605e-07,5.0,1,39.287,48.445,3.54,3.749,3.604,3.779,7.533,3.541,2.27308,3.00032,-4120.6,0.4,9.0,2.273,3.0,-15.9751,-15.9751,0.008314382284879684,-15.920964461781479
245539.278174,1620394321.330009,216.2005,0,85.78,4.15e-06,8.772,4.101457559654031e-06,6.32886945952275e-07,1,14.1177,4.78377e-06,-9.72,4.715097044935923e-06,-8.07660367813435e-07,1,14.118,2.13796e-05,2.214,2.136364027117958e-05,8.259361498530737e-07,5.0,1,39.293,48.443,3.605,3.706,3.603,3.778,7.48,3.541,2.27311,3.0003,-4120.7,0.4,8.8,2.273,3.0,-15.9751,-15.9751,0.007920444943010807,-15.9212483552045
245539.523096,1620394321.574931,216.2005,0,85.78,4.14814e-06,8.778,4.099553047484649e-06,6.330325982596231e-07,1,14.1177,4.78377e-06,-9.702,4.7153505462388495e-06,-8.061790365576265e-07,1,14.118,2.13796e-05,2.214,2.136364027117958e-05,8.259361498530737e-07,5.0,1,39.293,48.443,3.605,3.706,3.603,3.778,7.48,3.541,2.27292,2.99981,-4120.7,0.4,9.0,2.273,3.0,-15.9751,-15.9751,0.008314382284879684,-15.9212483552045
245539.680046,1620394321.731881,216.2005,0,85.78,4.14814e-06,8.778,4.099553047484649e-06,6.330325982596231e-07,1,14.1172,4.7833e-06,-9.678,4.7152245130342045e-06,-8.041247923558563e-07,1,14.118,2.13796e-05,2.214,2.136364027117958e-05,8.259361498530737e-07,5.0,1,39.293,48.445,3.642,3.59,3.6,3.776,7.426,3.541,2.27312,2.9998,-4120.7,0.4,8.9,2.273,3.0,-15.9751,-15.9751,0.007920444943010807,-15.9212483552045
245540.205877,1620394322.257712,216.2005,0,85.78,4.14441e-06,8.742,4.096263316726285e-06,6.298897428459793e-07,1,14.1177,4.78004e-06,-9.636,4.712598695538507e-06,-8.001224508840908e-07,1,14.118,2.13796e-05,2.214,2.136364027117958e-05,8.259361498530737e-07,5.0,1,39.293,48.446,3.601,3.59,3.6,3.775,7.426,3.541,2.27302,3.00042,-4120.7,0.4,8.9,2.273,3.0,-15.9751,-15.9751,0.008314382284879684,-15.9212483552045
245540.474791,1620394322.526626,216.2005,0,85.78,4.14069e-06,8.748,4.092520607796204e-06,6.297529284277991e-07,1,14.1177,4.77911e-06,-9.63,4.7117655633444985e-06,-7.994733692756171e-07,1,14.118,2.13796e-05,2.208,2.1363726645871514e-05,8.236989501507986e-07,5.0,1,39.293,48.446,3.601,3.556,3.6,3.775,7.375,3.541,2.27297,3.00064,-4120.8,0.4,8.9,2.273,3.0,-15.9734,-15.9734,0.007920444943010807,-15.921532248627525
245540.615746,1620394322.667581,216.2005,0,85.78,4.13696e-06,8.736,4.088965686210214e-06,6.283292597002274e-07,1,14.1182,4.77865e-06,-9.624,4.71139573216112e-06,-7.989030463541822e-07,1,14.118,2.13796e-05,2.208,2.1363726645871514e-05,8.236989501507986e-07,5.0,1,39.293,48.443,3.48,3.583,3.598,3.774,7.325,3.54,2.27307,3.00023,-4120.7,0.4,8.9,2.273,3.0,-15.9734,-15.9734,0.008314382284879684,-15.9212483552045
245541.120584,1620394323.172419,216.2005,0,85.78,4.12579e-06,8.688,4.078448808802568e-06,6.232162049216284e-07,1,14.1177,4.77632e-06,-9.606,4.709349152390369e-06,-7.970340665743917e-07,1,14.118,2.13796e-05,2.208,2.1363726645871514e-05,8.236989501507986e-07,5.0,1,39.292,48.448,3.48,3.583,3.597,3.774,7.325,3.54,2.27305,3.00056,-4120.8,0.4,8.9,2.273,3.0,-15.9734,-15.9734,0.00870834942907095,-15.921532248627525
245541.284534,1620394323.336369,216.2005,0,85.78,4.12393e-06,8.67,4.076805650991675e-06,6.216545093074939e-07,1,14.1172,4.77632e-06,-9.612,4.7092656613563525e-06,-7.975272240932735e-07,1,14.118,2.13796e-05,2.208,2.1363726645871514e-05,8.236989501507986e-07,5.0,1,39.292,48.448,3.48,3.583,3.597,3.772,7.325,3.54,2.27303,3.00028,-4120.7,0.4,8.9,2.273,3.0,-15.9734,-15.9734,0.008314382284879684,-15.9212483552045
245541.422488,1620394323.474323,216.2005,0,85.78,4.12206e-06,8.646,4.075216942024132e-06,6.196656510082532e-07,1,14.1172,4.77632e-06,-9.612,4.7092656613563525e-06,-7.975272240932735e-07,1,14.118,2.13796e-05,2.208,2.1363726645871514e-05,8.236989501507986e-07,5.0,1,39.292,48.448,3.432,3.651,3.597,3.772,7.277,3.54,2.27298,3.00109,-4120.7,0.4,8.9,2.273,3.0,-15.9734,-15.9734,0.008314382284879684,-15.9212483552045
245541.578438,1620394323.630273,216.2005,0,85.78,4.1202e-06,8.628,4.073572463896341e-06,6.181063188364063e-07,1,14.1182,4.77632e-06,-9.624,4.709098524360603e-06,-7.985135128880348e-07,1,14.118,2.13796e-05,2.208,2.1363726645871514e-05,8.236989501507986e-07,5.0,1,39.292,48.448,3.432,3.651,3.596,3.772,7.277,3.54,2.27299,3.0003,-4120.7,0.4,9.0,2.273,3.0,-15.9734,-15.9734,0.008314382284879684,-15.9212483552045
245542.160252,1620394324.212087,216.2005,0,85.78,4.11834e-06,8.538,4.072698970300924e-06,6.114306607537728e-07,1,14.1177,4.77911e-06,-9.672,4.711178252886717e-06,-8.029270587215663e-07,1,14.118,2.13796e-05,2.208,2.1363726645871514e-05,8.236989501507986e-07,5.0,1,39.293,48.445,3.441,3.737,3.595,3.77,7.229,3.541,2.27311,3.00013,-4120.8,0.4,9.0,2.273,3.0,-15.9751,-15.9751,0.008314382284879684,-15.921532248627525
245542.419387,1620394324.471222,216.2005,0,85.78,4.1202e-06,8.532,4.074602392510389e-06,6.112801182343619e-07,1,14.1177,4.77958e-06,-9.684,4.711473287636738e-06,-8.03992808603078e-07,1,14.118,2.13796e-05,2.208,2.1363726645871514e-05,8.236989501507986e-07,5.0,1,39.293,48.445,3.509,3.76,3.595,3.77,7.183,3.541,2.27305,3.00029,-4120.7,0.4,8.9,2.273,3.0,-15.9751,-15.9751,0.007920444943010807,-15.9212483552045
245542.574338,1620394324.626173,216.2005,0,85.78,4.1202e-06,8.532,4.074602392510389e-06,6.112801182343619e-07,1,14.1177,4.78004e-06,-9.696,4.7117582254492814e-06,-8.050570330796693e-07,1,14.118,2.13796e-05,2.208,2.1363726645871514e-05,8.236989501507986e-07,5.0,1,39.292,48.445,3.509,3.76,3.595,3.77,7.183,3.54,2.27309,3.00065,-4120.8,0.4,8.9,2.273,3.0,-15.9751,-15.9751,0.008314382284879684,-15.921532248627525
245542.715292,1620394324.767127,216.2005,0,85.78,4.12206e-06,8.508,4.076697618557027e-06,6.098484815521443e-07,1,14.1177,4.78004e-06,-9.714,4.711505076811411e-06,-8.065372358300048e-07,1,14.118,2.13777e-05,2.214,2.136174168951691e-05,8.25862749102605e-07,5.0,1,39.292,48.446,3.596,3.731,3.594,3.768,7.135,3.54,2.27292,2.99984,-4120.8,0.4,8.9,2.273,3.0,-15.9751,-15.9751,0.005950662307441235,-15.921532248627525
245543.214132,1620394325.265967,216.2005,0,85.78,4.12206e-06,8.46,4.0772070933747925e-06,6.064329817335735e-07,1,14.1177,4.77958e-06,-9.738,4.710713449861772e-06,-8.084329098270348e-07,1,14.118,2.13777e-05,2.22,2.1361655088243363e-05,8.28099740928873e-07,5.0,1,39.289,48.445,3.626,3.731,3.593,3.767,7.135,3.54,2.27296,3.00011,-4120.8,0.4,8.9,2.273,3.0,-15.9751,-15.9751,0.008314382284879684,-15.921532248627525
245543.466051,1620394325.517886,216.2005,0,85.78,4.12206e-06,8.436,4.077460757728112e-06,6.047250720677019e-07,1,14.1177,4.77958e-06,-9.744,4.7106287651362015e-06,-8.089262101523124e-07,1,14.118,2.13777e-05,2.226,2.1361568252713054e-05,8.303367236740108e-07,5.0,1,39.289,48.445,3.626,3.651,3.593,3.767,7.089,3.54,2.27314,3.00025,-4120.7,0.4,8.9,2.273,3.0,-15.9751,-15.9751,0.008314382284879684,-15.9212483552045
245543.614005,1620394325.66584,216.2005,0,85.78,4.12206e-06,8.418,4.07765053649475e-06,6.03444070170609e-07,1,14.1177,4.77958e-06,-9.75,4.710544028752807e-06,-8.09419501606721e-07,1,14.118,2.13777e-05,2.226,2.1361568252713054e-05,8.303367236740108e-07,5.0,1,39.29,48.452,3.626,3.651,3.591,3.766,7.047,3.54,2.273,3.00046,-4120.8,0.4,8.9,2.273,3.0,-15.9751,-15.9751,0.008314382284879684,-15.921532248627525
245544.183822,1620394326.235657,216.2005,0,85.78,4.11834e-06,8.328,4.074912620169511e-06,5.964993659537742e-07,1,14.1177,4.77911e-06,-9.744,4.710165545455893e-06,-8.088466643933185e-07,1,14.118,2.13777e-05,2.238,2.1361393878885973e-05,8.348106618227724e-07,5.0,1,39.298,48.453,3.543,3.558,3.59,3.764,7.047,3.54,2.27317,3.00044,-4120.8,0.4,8.9,2.273,3.0,-15.9723,-15.9723,0.00870834942907095,-15.921532248627525
245544.425017,1620394326.476852,216.2005,0,85.78,4.11647e-06,8.31,4.073249448797253e-06,5.949488959338224e-07,1,14.1172,4.77911e-06,-9.738,4.71025022185399e-06,-8.083534125767287e-07,1,14.118,2.13777e-05,2.238,2.1361393878885973e-05,8.348106618227724e-07,5.0,1,39.298,48.453,3.543,3.556,3.59,3.764,7.006,3.54,2.27313,3.00101,-4120.8,0.4,8.8,2.273,3.0,-15.9723,-15.9723,0.009890214540064335,-15.921532248627525
245544.578968,1620394326.630803,216.2005,0,85.78,4.11647e-06,8.286,4.073498303055306e-06,5.932426450496828e-07,1,14.1177,4.77911e-06,-9.726,4.7104194196882355e-06,-8.073668823551972e-07,1,14.118,2.13777e-05,2.238,2.1361393878885973e-05,8.348106618227724e-07,5.0,1,39.293,48.453,3.543,3.556,3.589,3.764,7.006,3.54,2.27318,3.00096,-4120.8,0.4,8.9,2.273,3.0,-15.9723,-15.9723,0.008314382284879684,-15.921532248627525
245544.719924,1620394326.771759,216.2005,0,85.78,4.11647e-06,8.262,4.073746442578848e-06,5.915362900754077e-07,1,14.1177,4.77958e-06,-9.714,4.711051672167238e-06,-8.064596199254346e-07,1,14.118,2.13777e-05,2.238,2.1361393878885973e-05,8.348106618227724e-07,5.0,1,39.293,48.451,3.438,3.618,3.589,3.763,6.965,3.54,2.27314,3.00086,-4120.9,0.4,9.0,2.273,3.0,-15.9723,-15.9723,0.007132539991289377,-15.921816142050545
245545.29474,1620394327.346575,216.2005,0,85.78,4.11461e-06,8.292,4.071595601055696e-06,5.934009719944052e-07,1,14.1177,4.78004e-06,-9.66,4.712263127604404e-06,-8.020963893572654e-07,1,14.118,2.13796e-05,2.244,2.1363204883560982e-05,8.371220120127296e-07,5.0,1,39.293,48.437,3.425,3.685,3.588,3.762,6.927,3.54,2.27327,3.00036,-4120.8,0.4,9.0,2.273,3.0,-15.9723,-15.9723,0.008314382284879684,-15.921532248627525
245545.536662,1620394327.588497,216.2005,0,85.78,4.11275e-06,8.292,4.069755045615942e-06,5.931327264479476e-07,1,14.1177,4.78004e-06,-9.648,4.712431014926633e-06,-8.011094376909741e-07,1,14.118,2.13814e-05,2.244,2.1365003503216654e-05,8.371924913304728e-07,5.0,1,39.293,48.437,3.425,3.685,3.588,3.762,6.927,3.54,2.27325,3.00085,-4120.8,0.4,8.8,2.273,3.0,-15.9734,-15.9734,0.007132539991289377,-15.921532248627525
245545.679616,1620394327.731451,216.2005,0,85.78,4.11275e-06,8.316,4.06950623772888e-06,5.948374093697666e-07,1,14.1177,4.78004e-06,-9.642,4.712514881071824e-06,-8.006159486774006e-07,1,14.118,2.13814e-05,2.244,2.1365003503216654e-05,8.371924913304728e-07,5.0,1,39.291,48.446,3.483,3.747,3.586,3.761,6.888,3.54,2.27316,3.00074,-4120.8,0.4,8.9,2.273,3.0,-15.9734,-15.9734,0.009890214540064335,-15.921532248627525
245546.232441,1620394328.284276,216.2005,0,85.78,4.10902e-06,8.346,4.065503726055302e-06,5.964267044913815e-07,1,14.1177,4.77818e-06,-9.636,4.7107649381695925e-06,-7.998111087700824e-07,1,14.118,2.13833e-05,2.25,2.136681425064625e-05,8.395044183208918e-07,5.0,1,39.293,48.451,3.55,3.747,3.585,3.759,6.888,3.54,2.27301,3.00061,-4120.9,0.4,8.9,2.273,3.0,-15.9734,-15.9734,0.00870834942907095,-15.921816142050545
245546.479361,1620394328.531196,216.2005,0,85.78,4.10716e-06,8.376,4.063350720293558e-06,5.982843717579679e-07,1,14.1177,4.77771e-06,-9.642,4.710217795760216e-06,-8.002256935413728e-07,1,14.118,2.13833e-05,2.25,2.136681425064625e-05,8.395044183208918e-07,5.0,1,39.293,48.451,3.55,3.759,3.585,3.759,6.849,3.54,2.27301,3.0005,-4120.8,0.4,8.9,2.273,3.0,-15.9734,-15.9734,0.008314382284879684,-15.921532248627525
245546.620317,1620394328.672152,216.2005,0,85.78,4.1053e-06,8.376,4.061510560100202e-06,5.980134281055488e-07,1,14.1172,4.77678e-06,-9.648,4.709217124434364e-06,-8.005630789226641e-07,1,14.118,2.13833e-05,2.25,2.136681425064625e-05,8.395044183208918e-07,5.0,1,39.296,48.456,3.602,3.684,3.584,3.758,6.811,3.54,2.27305,3.00039,-4120.8,0.4,8.9,2.273,3.0,-15.9734,-15.9734,0.008335464634001255,-15.921532248627525
245547.267109,1620394329.318944,216.2005,0,85.78,4.10716e-06,8.424,4.062848076900992e-06,6.016882661494335e-07,1,14.1177,4.77073e-06,-9.684,4.7027493958731135e-06,-8.025041137060082e-07,1,14.118,2.13796e-05,2.256,2.1363029088590547e-05,8.415962927878337e-07,5.0,1,39.295,48.452,3.638,3.684,3.583,3.756,6.811,3.54,2.27307,3.00121,-4120.9,0.4,8.9,2.273,3.0,-15.9751,-15.9751,0.0067596836015582085,-15.921816142050545
245547.437054,1620394329.488889,216.2005,0,85.78,4.10716e-06,8.448,4.062595685883892e-06,6.033900551364712e-07,1,14.1182,4.76933e-06,-9.684,4.701369345198642e-06,-8.022686139482795e-07,1,14.118,2.13796e-05,2.256,2.1363029088590547e-05,8.415962927878337e-07,5.0,1,39.295,48.452,3.638,3.684,3.583,3.756,6.774,3.54,2.27293,3.00058,-4120.9,0.4,8.9,2.273,3.0,-15.9751,-15.9751,0.008335464634001255,-15.921816142050545
245547.579008,1620394329.630843,216.2005,0,85.78,4.10716e-06,8.448,4.062595685883892e-06,6.033900551364712e-07,1,14.1177,4.76747e-06,-9.684,4.699535849302558e-06,-8.019557356987259e-07,1,14.118,2.13796e-05,2.262,2.1362940839697104e-05,8.438334193439484e-07,5.0,1,39.295,48.452,3.638,3.569,3.582,3.756,6.774,3.54,2.27296,3.00074,-4121.0,0.4,8.9,2.273,3.0,-15.9751,-15.9751,0.008729401975870132,-15.922100035473571
245547.718964,1620394329.770799,216.2005,0,85.78,4.10902e-06,8.466,4.064245657155535e-06,6.049401612493388e-07,1,14.1177,4.76607e-06,-9.684,4.698155798628086e-06,-8.017202359409973e-07,1,14.118,2.13777e-05,2.262,2.136104232019274e-05,8.437584280673691e-07,5.0,1,39.295,48.448,3.551,3.551,3.582,3.755,6.74,3.54,2.27284,3.0006,-4120.8,0.4,8.8,2.273,3.0,-15.9751,-15.9751,0.007941527292132378,-15.921532248627525
245548.279784,1620394330.331619,216.2005,0,85.78,4.11461e-06,8.526,4.069138160108525e-06,6.100246601971152e-07,1,14.1177,4.76142e-06,-9.648,4.694074376593495e-06,-7.979888241124673e-07,1,14.118,2.13777e-05,2.274,2.136086513534202e-05,8.48232255770711e-07,5.0,1,39.293,48.453,3.442,3.588,3.58,3.754,6.708,3.54,2.27306,3.00166,-4120.8,0.4,8.9,2.273,3.0,-15.9751,-15.9751,0.008335464634001255,-15.921532248627525
245548.533705,1620394330.58554,216.2005,0,85.78,4.11461e-06,8.55,4.0688822765991265e-06,6.117290832366184e-07,1,14.1172,4.76002e-06,-9.636,4.692861156546222e-06,-7.967713384526677e-07,1,14.118,2.13777e-05,2.28,2.136077619154402e-05,8.504691556817859e-07,5.0,1,39.293,48.453,3.442,3.588,3.58,3.754,6.708,3.54,2.2731,3.00088,-4120.9,0.4,8.9,2.273,3.0,-15.9751,-15.9751,0.007941527292132378,-15.921816142050545
245548.680662,1620394330.732497,216.2005,0,85.78,4.11647e-06,8.544,4.070785672244471e-06,6.115793256390626e-07,1,14.1177,4.75955e-06,-9.618,4.692647844566699e-06,-7.952184664502699e-07,1,14.118,2.13777e-05,2.28,2.136077619154402e-05,8.504691556817859e-07,5.0,1,39.293,48.449,3.419,3.656,3.579,3.753,6.676,3.54,2.27301,3.0009,-4120.9,0.4,8.9,2.273,3.0,-15.974,-15.974,0.008335464634001255,-15.921816142050545
245549.421432,1620394331.473267,216.2005,0,85.78,4.11834e-06,8.634,4.0716687921223715e-06,6.182536719314736e-07,1,14.1172,4.75722e-06,-9.54,4.69142829547127e-06,-7.884431982403876e-07,1,14.118,2.13814e-05,2.28,2.1364473262412672e-05,8.506163528019637e-07,5.0,1,39.29,48.438,3.457,3.739,3.578,3.752,6.647,3.54,2.27297,3.00104,-4120.8,0.4,8.9,2.273,3.0,-15.974,-15.974,0.008335464634001255,-15.921532248627525
245549.679342,1620394331.731177,216.2005,0,85.78,4.11834e-06,8.652,4.071474361077387e-06,6.195327938773549e-07,1,14.1172,4.75722e-06,-9.534,4.691510835326131e-06,-7.879519086958988e-07,1,14.118,2.13814e-05,2.28,2.1364473262412672e-05,8.506163528019637e-07,5.0,1,39.288,48.445,3.518,3.739,3.577,3.75,6.647,3.54,2.27312,3.0009,-4120.9,0.4,8.9,2.273,3.0,-15.974,-15.974,0.008335464634001255,-15.921816142050545
245550.321136,1620394332.372971,216.2005,0,85.78,4.11647e-06,8.706,4.069040203051531e-06,6.230867410323826e-07,1,14.1177,4.75909e-06,-9.528,4.693437526757984e-06,-7.877701508180523e-07,1,14.118,2.13851e-05,2.274,2.1368259307867665e-05,8.485258756967416e-07,5.0,1,39.289,48.445,3.593,3.756,3.576,3.749,6.616,3.54,2.273,3.0008,-4120.8,0.4,8.9,2.273,3.0,-15.9734,-15.9734,0.009123368188738823,-15.921532248627525
245550.501078,1620394332.552913,216.2005,0,85.78,4.11647e-06,8.706,4.069040203051531e-06,6.230867410323826e-07,1,14.1182,4.75955e-06,-9.528,4.693891180978079e-06,-7.878462944231062e-07,1,14.118,2.13851e-05,2.268,2.1368348048124825e-05,8.462881921662143e-07,5.0,1,39.287,48.445,3.593,3.711,3.576,3.749,6.587,3.539,2.27306,3.00047,-4120.9,0.4,8.9,2.273,3.0,-15.9734,-15.9734,0.008335464634001255,-15.921816142050545
245550.655029,1620394332.706864,216.2005,0,85.78,4.11834e-06,8.7,4.070953913799674e-06,6.229434864569328e-07,1,14.1177,4.76048e-06,-9.534,4.6947258065326685e-06,-7.884918717882823e-07,1,14.118,2.13851e-05,2.268,2.1368348048124825e-05,8.462881921662143e-07,5.0,1,39.287,48.445,3.593,3.711,3.575,3.749,6.587,3.539,2.27301,3.00092,-4120.9,0.4,8.9,2.273,3.0,-15.9734,-15.9734,0.008335464634001255,-15.921816142050545
245551.27483,1620394333.326665,216.2005,0,85.78,4.1202e-06,8.652,4.073313194760765e-06,6.198125986036796e-07,1,14.1172,4.76747e-06,-9.558,4.701288076931967e-06,-7.916189857484016e-07,1,14.118,2.13851e-05,2.262,2.136843655405183e-05,8.440504993550988e-07,5.0,1,39.292,48.445,3.584,3.598,3.574,3.746,6.528,3.539,2.27298,3.0007,-4120.9,0.4,8.8,2.273,3.0,-15.9734,-15.9734,0.008335464634001255,-15.921816142050545
245551.512754,1620394333.564589,216.2005,0,85.78,4.1202e-06,8.652,4.073313194760765e-06,6.198125986036796e-07,1,14.1177,4.76887e-06,-9.564,4.702585693884948e-06,-7.923439080150876e-07,1,14.118,2.13851e-05,2.262,2.136843655405183e-05,8.440504993550988e-07,5.0,1,39.292,48.445,3.584,3.55,3.574,3.746,6.528,3.539,2.27304,3.00082,-4120.9,0.4,8.9,2.273,3.0,-15.9734,-15.9734,0.008335464634001255,-15.921816142050545
245551.667705,1620394333.71954,216.2005,0,85.78,4.12206e-06,8.622,4.075476149439429e-06,6.179585738141056e-07,1,14.1177,4.7698e-06,-9.576,4.7033366838269215e-06,-7.934835086931368e-07,1,14.118,2.13851e-05,2.256,2.1368524825647706e-05,8.418127972879335e-07,5.0,1,39.296,48.452,3.584,3.55,3.573,3.746,6.528,3.539,2.27312,3.00083,-4120.9,0.4,8.9,2.273,3.0,-15.9734,-15.9734,0.008335464634001255,-15.921816142050545
245552.318497,1620394334.370332,216.2005,0,85.78,4.12579e-06,8.574,4.079680733008172e-06,6.151001876295462e-07,1,14.1177,4.77445e-06,-9.606,4.707505372468804e-06,-7.9672201593614e-07,1,14.118,2.13814e-05,2.244,2.1365003503216654e-05,8.371924913304728e-07,5.0,1,39.296,48.453,3.422,3.638,3.571,3.744,6.477,3.539,2.27308,3.00001,-4121.0,0.4,9.0,2.273,3.0,-15.9745,-15.9745,0.008729401975870132,-15.922100035473571
245552.579417,1620394334.631252,216.2005,0,85.78,4.12579e-06,8.574,4.079680733008172e-06,6.151001876295462e-07,1,14.1177,4.77492e-06,-9.612,4.707885315833879e-06,-7.972934587438559e-07,1,14.118,2.13814e-05,2.244,2.1365003503216654e-05,8.371924913304728e-07,5.0,1,39.292,48.453,3.422,3.638,3.571,3.744,6.477,3.539,2.27308,3.00042,-4120.9,0.4,8.9,2.273,3.0,-15.9745,-15.9745,0.008335464634001255,-15.921816142050545
245552.725367,1620394334.777202,216.2005,0,85.78,4.12579e-06,8.592,4.07948729226411e-06,6.163818267564674e-07,1,14.1177,4.77539e-06,-9.618,4.708265191134743e-06,-7.978649898628976e-07,1,14.118,2.13796e-05,2.238,2.1363292429636047e-05,8.348848578428056e-07,5.0,1,39.287,48.44,3.435,3.719,3.571,3.743,6.455,3.539,2.27329,3.00048,-4120.8,0.4,8.9,2.273,3.0,-15.9745,-15.9745,0.008335464634001255,-15.921532248627525
245553.312179,1620394335.364014,216.2005,0,85.78,4.12579e-06,8.592,4.07948729226411e-06,6.163818267564674e-07,1,14.1177,4.77539e-06,-9.612,4.708348717544995e-06,-7.973719371111604e-07,1,14.118,2.13777e-05,2.238,2.1361393878885973e-05,8.348106618227724e-07,5.0,1,39.287,48.443,3.49,3.719,3.569,3.742,6.455,3.539,2.27312,3.00079,-4120.9,0.4,8.9,2.273,3.0,-15.9745,-15.9745,0.008335464634001255,-15.921816142050545
245553.493121,1620394335.544956,216.2005,0,85.78,4.12579e-06,8.592,4.07948729226411e-06,6.163818267564674e-07,1,14.1177,4.77539e-06,-9.612,4.708348717544995e-06,-7.973719371111604e-07,1,14.118,2.13796e-05,2.238,2.1363292429636047e-05,8.348848578428056e-07,5.0,1,39.287,48.443,3.49,3.747,3.569,3.742,6.432,3.539,2.2731,3.00082,-4120.8,0.4,8.9,2.273,3.0,-15.9745,-15.9745,0.008335464634001255,-15.921532248627525
245553.631076,1620394335.682911,216.2005,0,85.78,4.12579e-06,8.592,4.07948729226411e-06,6.163818267564674e-07,1,14.1177,4.77539e-06,-9.612,4.708348717544995e-06,-7.973719371111604e-07,1,14.118,2.13796e-05,2.232,2.1363379741436394e-05,8.32647694517345e-07,5.0,1,39.291,48.443,3.49,3.747,3.568,3.742,6.432,3.539,2.27302,3.00048,-4121.0,0.4,8.9,2.273,3.0,-15.9745,-15.9745,0.008335464634001255,-15.922100035473571
245553.81002,1620394335.861855,216.2005,0,85.78,4.12393e-06,8.598,4.077583625965582e-06,6.165309547438612e-07,1,14.1177,4.77585e-06,-9.612,4.708802259645236e-06,-7.974487457259691e-07,1,14.118,2.13796e-05,2.232,2.1363379741436394e-05,8.32647694517345e-07,5.0,1,39.286,48.443,3.589,3.733,3.567,3.741,6.409,3.538,2.27307,3.00105,-4120.9,0.4,9.0,2.273,3.0,-15.974,-15.974,0.008729401975870132,-15.921816142050545
245554.375839,1620394336.427674,216.2005,0,85.78,4.12393e-06,8.622,4.077325016365057e-06,6.182389148409303e-07,1,14.1177,4.77585e-06,-9.618,4.708718725189118e-06,-7.979418459721027e-07,1,14.118,2.13814e-05,2.226,2.1365265460669715e-05,8.304804363221253e-07,5.0,1,39.286,48.443,3.611,3.733,3.567,3.739,6.409,3.538,2.27303,2.99993,-4120.9,0.4,8.9,2.273,3.0,-15.974,-15.974,0.009123368188738823,-15.921816142050545
245554.515794,1620394336.567629,216.2005,0,85.78,4.12393e-06,8.646,4.077065691358588e-06,6.199467664620277e-07,1,14.1177,4.77539e-06,-9.618,4.708265191134743e-06,-7.978649898628976e-07,1,14.118,2.13814e-05,2.226,2.1365265460669715e-05,8.304804363221253e-07,5.0,1,39.297,48.443,3.611,3.633,3.567,3.739,6.387,3.538,2.27305,3.00029,-4120.8,0.4,8.9,2.273,3.0,-15.974,-15.974,0.008335464634001255,-15.921532248627525
245554.667746,1620394336.719581,216.2005,0,85.78,4.12393e-06,8.646,4.077065691358588e-06,6.199467664620277e-07,1,14.1177,4.77539e-06,-9.624,4.708181613092586e-06,-7.983580338650661e-07,1,14.118,2.13814e-05,2.226,2.1365265460669715e-05,8.304804363221253e-07,5.0,1,39.297,48.443,3.611,3.633,3.566,3.739,6.387,3.538,2.27315,2.99997,-4120.9,0.4,8.9,2.273,3.0,-15.974,-15.974,0.008335464634001255,-15.921816142050545
245554.8077,1620394336.859535,216.2005,0,85.78,4.12393e-06,8.646,4.077065691358588e-06,6.199467664620277e-07,1,14.1177,4.77352e-06,-9.63,4.706254334371091e-06,-7.985382461806787e-07,1,14.118,2.13796e-05,2.214,2.136364027117958e-05,8.259361498530737e-07,5.0,1,39.295,48.448,3.624,3.55,3.565,3.737,6.364,3.538,2.27302,3.00052,-4120.8,0.4,8.9,2.273,3.0,-15.974,-15.974,0.007941527292132378,-15.921532248627525
245555.382517,1620394337.434352,216.2005,0,85.78,4.12206e-06,8.646,4.075216942024132e-06,6.196656510082532e-07,1,14.1177,4.77259e-06,-9.618,4.705504549064634e-06,-7.97397170067736e-07,1,14.118,2.13796e-05,2.214,2.136364027117958e-05,8.259361498530737e-07,5.0,1,39.295,48.448,3.526,3.55,3.565,3.737,6.364,3.538,2.27299,3.00097,-4120.8,0.4,8.8,2.273,3.0,-15.974,-15.974,0.008729401975870132,-15.921532248627525
245555.555467,1620394337.607302,216.2005,0,85.78,4.12206e-06,8.622,4.075476149439429e-06,6.179585738141056e-07,1,14.1172,4.77213e-06,-9.612,4.705134484399807e-06,-7.968275977975163e-07,1,14.118,2.13796e-05,2.22,2.1363553662209116e-05,8.281733404979457e-07,5.0,1,39.287,48.448,3.526,3.548,3.565,3.737,6.345,3.538,2.27309,3.00039,-4120.9,0.4,8.9,2.273,3.0,-15.974,-15.974,0.008335464634001255,-15.921816142050545
245555.696416,1620394337.748251,216.2005,0,85.78,4.12206e-06,8.622,4.075476149439429e-06,6.179585738141056e-07,1,14.1172,4.77259e-06,-9.6,4.705754826562322e-06,-7.959188528898025e-07,1,14.118,2.13796e-05,2.22,2.1363553662209116e-05,8.281733404979457e-07,5.0,1,39.287,48.445,3.434,3.548,3.564,3.736,6.326,3.538,2.27308,3.00032,-4120.9,0.4,8.9,2.273,3.0,-15.9751,-15.9751,0.008729401975870132,-15.921816142050545
245556.345211,1620394338.397046,216.2005,0,85.78,4.1202e-06,8.562,4.074281768465881e-06,6.134134911676913e-07,1,14.1177,4.77539e-06,-9.564,4.709015069968618e-06,-7.934272007616415e-07,1,14.118,2.13833e-05,2.226,2.1367164026917724e-05,8.305542347089947e-07,5.0,1,39.294,48.445,3.414,3.685,3.563,3.735,6.307,3.538,2.27305,3.0008,-4120.9,0.4,8.8,2.273,3.0,-15.9751,-15.9751,0.008335464634001255,-15.921816142050545
245556.585132,1620394338.636967,216.2005,0,85.78,4.1202e-06,8.562,4.074281768465881e-06,6.134134911676913e-07,1,14.1177,4.77632e-06,-9.57,4.709849014042829e-06,-7.940749381008031e-07,1,14.118,2.13851e-05,2.232,2.1368875568700604e-05,8.328618969495628e-07,5.0,1,39.288,48.445,3.414,3.685,3.563,3.735,6.307,3.538,2.27293,3.00022,-4120.9,0.4,9.0,2.273,3.0,-15.9751,-15.9751,0.008335464634001255,-15.921816142050545
245556.725089,1620394338.776924,216.2005,0,85.78,4.1202e-06,8.562,4.074281768465881e-06,6.134134911676913e-07,1,14.1177,4.77725e-06,-9.57,4.7107660714391215e-06,-7.942295528863354e-07,1,14.118,2.1387e-05,2.232,2.137077412721006e-05,8.3293589415342e-07,5.0,1,39.288,48.442,3.466,3.738,3.562,3.734,6.291,3.538,2.27304,3.00055,-4120.9,0.4,9.0,2.273,3.0,-15.9751,-15.9751,0.008314382284879684,-15.921816142050545
245557.298904,1620394339.350739,216.2005,0,85.78,4.11647e-06,8.592,4.070271888289622e-06,6.149894440551253e-07,1,14.1172,4.77911e-06,-9.63,4.7117655633444985e-06,-7.994733692756171e-07,1,14.118,2.13907e-05,2.22,2.1374645331166928e-05,8.286033169277911e-07,5.0,1,39.289,48.447,3.549,3.738,3.561,3.732,6.273,3.538,2.27311,3.00036,-4120.9,0.4,9.0,2.273,3.0,-15.974,-15.974,0.008314382284879684,-15.921816142050545
245557.555822,1620394339.607657,216.2005,0,85.78,4.11647e-06,8.616,4.0700139250370225e-06,6.16694341554005e-07,1,14.1182,4.77865e-06,-9.648,4.711060675115512e-06,-8.008764810382285e-07,1,14.118,2.13907e-05,2.22,2.1374645331166928e-05,8.286033169277911e-07,5.0,1,39.293,48.447,3.549,3.747,3.561,3.732,6.273,3.538,2.27308,3.00084,-4120.9,0.4,8.9,2.273,3.0,-15.974,-15.974,0.00870834942907095,-15.921816142050545
245557.693778,1620394339.745613,216.2005,0,85.78,4.11461e-06,8.64,4.067916355416069e-06,6.181197112521583e-07,1,14.1177,4.77865e-06,-9.666,4.710808839871201e-06,-8.023564648529691e-07,1,14.118,2.13907e-05,2.214,2.1374731985103602e-05,8.263649647637066e-07,5.0,1,39.293,48.451,3.549,3.747,3.56,3.732,6.273,3.538,2.27306,3.00088,-4120.9,0.4,8.9,2.273,3.0,-15.974,-15.974,0.008314382284879684,-15.921816142050545
245558.278591,1620394340.330426,216.2005,0,85.78,4.10716e-06,8.7,4.0599025521451525e-06,6.212523904865688e-07,1,14.1177,4.77445e-06,-9.738,4.705657365436406e-06,-8.075652057970964e-07,1,14.118,2.13889e-05,2.208,2.137301974105602e-05,8.240572543396703e-07,5.0,1,39.293,48.456,3.629,3.666,3.559,3.73,6.237,3.538,2.27294,3.00024,-4120.9,0.4,8.9,2.273,3.0,-15.974,-15.974,0.00910231377929449,-15.921816142050545
245558.527529,1620394340.579364,216.2005,0,85.78,4.10902e-06,8.724,4.06148044700406e-06,6.23235059190109e-07,1,14.1182,4.77399e-06,-9.744,4.7051194076618816e-06,-8.079801233591732e-07,1,14.118,2.1387e-05,2.208,2.137112115171725e-05,8.239840524086105e-07,5.0,1,39.297,48.456,3.629,3.557,3.559,3.73,6.237,3.537,2.27286,3.00069,-4120.8,0.4,8.9,2.273,3.0,-15.974,-15.974,0.008314382284879684,-15.921532248627525
245558.716469,1620394340.768304,216.2005,0,85.78,4.10716e-06,8.754,4.0593152325147305e-06,6.250784820115613e-07,1,14.1177,4.77213e-06,-9.756,4.703116980232871e-06,-8.086503614945364e-07,1,14.118,2.13851e-05,2.202,2.1369308724950947e-05,8.21673066210214e-07,5.0,1,39.297,48.445,3.629,3.557,3.558,3.729,6.237,3.537,2.27294,3.0003,-4120.8,0.4,8.9,2.273,3.0,-15.974,-15.974,0.00673857145011425,-15.921532248627525
245559.351265,1620394341.4031,216.2005,0,85.78,4.10902e-06,8.862,4.059967572340704e-06,6.33015538467998e-07,1,14.1177,4.76794e-06,-9.81,4.698224021970922e-06,-8.123686866044096e-07,1,14.118,2.13814e-05,2.19,2.1365783049548698e-05,8.170560810724926e-07,5.0,1,39.29,48.446,3.443,3.543,3.557,3.728,6.207,3.537,2.273,3.0007,-4121.0,0.4,8.9,2.273,3.0,-15.9729,-15.9729,0.008314382284879684,-15.922100035473571
245559.590189,1620394341.642024,216.2005,0,85.78,4.11089e-06,8.886,4.06154961482477e-06,6.350049751118211e-07,1,14.1172,4.76747e-06,-9.822,4.697590665867786e-06,-8.132724862257753e-07,1,14.118,2.13814e-05,2.19,2.1365783049548698e-05,8.170560810724926e-07,5.0,1,39.295,48.446,3.443,3.591,3.557,3.728,6.207,3.537,2.27303,3.00138,-4120.9,0.4,8.8,2.273,3.0,-15.9729,-15.9729,0.00870834942907095,-15.921816142050545
245559.730145,1620394341.78198,216.2005,0,85.78,4.11089e-06,8.934,4.061016209087117e-06,6.384073477269077e-07,1,14.1177,4.767e-06,-9.84,4.696871851218411e-06,-8.146679159216598e-07,1,14.118,2.13796e-05,2.184,2.1364069801835035e-05,8.147500612583382e-07,5.0,1,39.295,48.454,3.443,3.591,3.556,3.727,6.207,3.537,2.27297,3.00042,-4120.9,0.4,8.9,2.273,3.0,-15.9729,-15.9729,0.00870834942907095,-15.921816142050545
245560.311958,1620394342.363793,216.2005,0,85.78,4.11834e-06,9.078,4.066755577060733e-06,6.497872205925761e-07,1,14.1177,4.76747e-06,-9.888,4.696650726775486e-06,-8.186831814440183e-07,1,14.118,2.13796e-05,2.166,2.136432470883694e-05,8.080383006884154e-07,5.0,1,39.294,48.449,3.442,3.732,3.555,3.726,6.182,3.537,2.27337,3.00032,-4120.9,0.4,8.9,2.273,3.0,-15.9729,-15.9729,0.00910231377929449,-15.921816142050545
245560.580872,1620394342.632707,216.2005,0,85.78,4.1202e-06,9.144,4.067840741194948e-06,6.547669388985214e-07,1,14.1177,4.76747e-06,-9.894,4.696564968721092e-06,-8.191750090681771e-07,1,14.118,2.13777e-05,2.16,2.1362510559268724e-05,8.057294180630597e-07,5.0,1,39.294,48.449,3.442,3.732,3.555,3.726,6.182,3.537,2.27327,3.00024,-4120.8,0.4,8.9,2.273,3.0,-15.9745,-15.9745,0.008314382284879684,-15.921532248627525
245560.721827,1620394342.773662,216.2005,0,85.78,4.12393e-06,9.162,4.0713172523356535e-06,6.566387711170161e-07,1,14.1172,4.76794e-06,-9.9,4.6969421605463925e-06,-8.19747634386208e-07,1,14.118,2.13777e-05,2.16,2.1362510559268724e-05,8.057294180630597e-07,5.0,1,39.295,48.455,3.442,3.732,3.554,3.726,6.182,3.537,2.27319,3.00052,-4120.8,0.4,8.9,2.273,3.0,-15.9745,-15.9745,0.008314382284879684,-15.921532248627525
245561.326636,1620394343.378471,216.2005,0,85.78,4.12951e-06,9.24,4.0759271564623504e-06,6.630766586999853e-07,1,14.1177,4.7684e-06,-9.918,4.697137522872861e-06,-8.213024115511879e-07,1,14.118,2.13777e-05,2.16,2.1362510559268724e-05,8.057294180630597e-07,5.0,1,39.29,48.451,3.588,3.75,3.553,3.724,6.169,3.537,2.27296,3.00029,-4121.0,0.4,8.9,2.273,3.0,-15.9745,-15.9745,0.008314382284879684,-15.922100035473571
245561.510575,1620394343.56241,216.2005,0,85.78,4.13138e-06,9.258,4.077564284868253e-06,6.646579625392711e-07,1,14.1172,4.7684e-06,-9.918,4.697137522872861e-06,-8.213024115511879e-07,1,14.118,2.13777e-05,2.16,2.1362510559268724e-05,8.057294180630597e-07,5.0,1,39.29,48.451,3.588,3.696,3.553,3.724,6.157,3.537,2.27303,3.00018,-4120.9,0.4,8.8,2.273,3.0,-15.9745,-15.9745,0.00870834942907095,-15.921816142050545
245561.669524,1620394343.721359,216.2005,0,85.78,4.13138e-06,9.234,4.07784233841245e-06,6.629498981453141e-07,1,14.1177,4.7684e-06,-9.924,4.697051490530663e-06,-8.217942901381531e-07,1,14.118,2.13758e-05,2.16,2.1360611909270706e-05,8.056578067159868e-07,5.0,1,39.29,48.451,3.588,3.696,3.552,3.724,6.157,3.537,2.27315,3.00072,-4120.9,0.4,8.9,2.273,3.0,-15.9745,-15.9745,0.008314382284879684,-15.921816142050545
245561.808481,1620394343.860316,216.2005,0,85.78,4.13138e-06,9.234,4.07784233841245e-06,6.629498981453141e-07,1,14.1177,4.76794e-06,-9.924,4.6965983734084325e-06,-8.217150129438188e-07,1,14.118,2.13758e-05,2.16,2.1360611909270706e-05,8.056578067159868e-07,5.0,1,39.293,48.461,3.62,3.584,3.552,3.723,6.144,3.536,2.27304,3.00106,-4121.0,0.4,8.9,2.273,3.0,-15.9745,-15.9745,0.00870834942907095,-15.922100035473571
245562.354305,1620394344.40614,216.2005,0,85.78,4.13883e-06,9.15,4.0861650927796895e-06,6.581554553817404e-07,1,14.1177,4.76654e-06,-9.966,4.69461588817645e-06,-8.249152890335136e-07,1,14.118,2.1374e-05,2.166,2.1358728709923513e-05,8.078266496526684e-07,5.0,1,39.293,48.454,3.59,3.544,3.551,3.721,6.133,3.536,2.27321,2.99989,-4121.0,0.4,9.0,2.273,3.0,-15.9751,-15.9751,0.008314382284879684,-15.922100035473571
245562.594229,1620394344.646064,216.2005,0,85.78,4.13696e-06,9.126,4.084594092386703e-06,6.561471954063711e-07,1,14.1177,4.76607e-06,-9.972,4.69406657803535e-06,-8.253255150978278e-07,1,14.118,2.1374e-05,2.172,2.1358643997402404e-05,8.100633260593457e-07,5.0,1,39.293,48.454,3.59,3.544,3.551,3.721,6.133,3.536,2.27325,3.0007,-4121.0,0.4,8.8,2.273,3.0,-15.9751,-15.9751,0.008314382284879684,-15.922100035473571
245562.734184,1620394344.786019,216.2005,0,85.78,4.13883e-06,9.078,4.086988928793221e-06,6.530201105797897e-07,1,14.1177,4.76607e-06,-9.99,4.693807062739211e-06,-8.268001588530907e-07,1,14.118,2.1374e-05,2.178,2.135855905065755e-05,8.122999935826845e-07,5.0,1,39.29,48.453,3.59,3.544,3.55,3.721,6.133,3.536,2.27299,3.00022,-4120.9,0.4,9.0,2.273,3.0,-15.9751,-15.9751,0.008314382284879684,-15.921816142050545
245562.881138,1620394344.932973,216.2005,0,85.78,4.13883e-06,9.054,4.087262106658709e-06,6.513080994213191e-07,1,14.1182,4.76561e-06,-10.014,4.693007329686893e-06,-8.286862347143764e-07,1,14.118,2.1374e-05,2.178,2.135855905065755e-05,8.122999935826845e-07,5.0,1,39.288,48.45,3.447,3.567,3.549,3.721,6.122,3.536,2.27299,3.00025,-4120.9,0.4,8.9,2.273,3.0,-15.9751,-15.9751,0.008314382284879684,-15.921816142050545
245563.418965,1620394345.4708,216.2005,0,85.78,4.13883e-06,8.964,4.088280136151697e-06,6.448870422387604e-07,1,14.1177,4.76514e-06,-10.068,4.6917614646551305e-06,-8.330267572996347e-07,1,14.118,2.1374e-05,2.19,2.1358388454500352e-05,8.167733018812358e-07,5.0,1,39.288,48.45,3.417,3.567,3.549,3.72,6.112,3.536,2.27306,3.00065,-4120.9,0.4,8.9,2.273,3.0,-15.9751,-15.9751,0.00870834942907095,-15.921816142050545
245563.576914,1620394345.628749,216.2005,0,85.78,4.14069e-06,8.934,4.090454672055183e-06,6.430351871880126e-07,1,14.1177,4.76514e-06,-10.098,4.6913246497483894e-06,-8.35483243556174e-07,1,14.118,2.1374e-05,2.19,2.1358388454500352e-05,8.167733018812358e-07,5.0,1,39.288,48.45,3.417,3.635,3.549,3.72,6.112,3.536,2.27302,3.00012,-4120.9,0.4,9.0,2.273,3.0,-15.9751,-15.9751,0.008314382284879684,-15.921816142050545
245563.717869,1620394345.769704,216.2005,0,85.78,4.14255e-06,8.934,4.092292106320975e-06,6.433240389127661e-07,1,14.1177,4.76561e-06,-10.116,4.691524636902983e-06,-8.370395769808799e-07,1,14.118,2.1374e-05,2.196,2.135830280508988e-05,8.190099426073931e-07,5.0,1,39.29,48.446,3.417,3.635,3.548,3.72,6.112,3.536,2.27298,2.99996,-4121.0,0.4,8.9,2.273,3.0,-15.9751,-15.9751,0.00870834942907095,-15.922100035473571
245563.88082,1620394345.932655,216.2005,0,85.78,4.14441e-06,8.904,4.09446597427845e-06,6.414691212958159e-07,1,14.1177,4.76514e-06,-10.146,4.690623070748775e-06,-8.39413144857364e-07,1,14.118,2.1374e-05,2.196,2.135830280508988e-05,8.190099426073931e-07,5.0,1,39.288,48.447,3.489,3.718,3.547,3.718,6.103,3.536,2.27316,3.0003,-4120.9,0.4,8.8,2.273,3.0,-15.9729,-15.9729,0.007920444943010807,-15.921816142050545
245564.460243,1620394346.512078,216.2005,0,85.78,4.14441e-06,8.88,4.094734313021043e-06,6.397539791733141e-07,1,14.1172,4.76468e-06,-10.212,4.6892003114997485e-06,-8.447342428424817e-07,1,14.118,2.13758e-05,2.202,2.1360015592295872e-05,8.213157351939571e-07,5.0,1,39.288,48.447,3.489,3.744,3.547,3.718,6.095,3.536,2.27294,3.00002,-4120.9,0.4,8.9,2.273,3.0,-15.9729,-15.9729,0.008314382284879684,-15.921816142050545
245564.698168,1620394346.750003,216.2005,0,85.78,4.14441e-06,8.88,4.094734313021043e-06,6.397539791733141e-07,1,14.1182,4.76468e-06,-10.224,4.689023287929268e-06,-8.457163281248612e-07,1,14.118,2.13758e-05,2.202,2.1360015592295872e-05,8.213157351939571e-07,5.0,1,39.289,48.447,3.489,3.744,3.547,3.718,6.095,3.536,2.27296,3.00038,-4121.0,0.4,8.9,2.273,3.0,-15.9729,-15.9729,0.008314382284879684,-15.922100035473571
245564.837123,1620394346.888958,216.2005,0,85.78,4.14255e-06,8.862,4.093097299794107e-06,6.381810063909656e-07,1,14.1177,4.76514e-06,-10.23,4.689387386277986e-06,-8.462890528755005e-07,1,14.118,2.13758e-05,2.196,2.136010148315899e-05,8.190789150925008e-07,5.0,1,39.293,48.45,3.578,3.722,3.547,3.717,6.086,3.536,2.27309,3.00021,-4121.0,0.4,8.9,2.273,3.0,-15.9729,-15.9729,0.008314382284879684,-15.922100035473571
245565.364956,1620394347.416791,216.2005,0,85.78,4.13324e-06,8.856,4.083965097759525e-06,6.363190849581935e-07,1,14.1177,4.767e-06,-10.23,4.691217817396166e-06,-8.466193889492252e-07,1,14.118,2.13758e-05,2.202,2.1360015592295872e-05,8.213157351939571e-07,5.0,1,39.293,48.453,3.606,3.619,3.546,3.716,6.076,3.536,2.27314,3.00013,-4120.9,0.4,9.0,2.273,3.0,-15.9729,-15.9729,0.008314382284879684,-15.921816142050545
245565.606878,1620394347.658713,216.2005,0,85.78,4.12951e-06,8.844,4.080412625986648e-06,6.34890259642361e-07,1,14.1177,4.76747e-06,-10.224,4.69176898648055e-06,-8.462115447092842e-07,1,14.118,2.13758e-05,2.202,2.1360015592295872e-05,8.213157351939571e-07,5.0,1,39.292,48.453,3.606,3.619,3.546,3.716,6.076,3.535,2.27317,2.99983,-4121.0,0.4,8.8,2.273,3.0,-15.9745,-15.9745,0.00870834942907095,-15.922100035473571
245565.764825,1620394347.81666,216.2005,0,85.78,4.12765e-06,8.844,4.078574740260658e-06,6.346042945077725e-07,1,14.1177,4.7684e-06,-10.212,4.692861381111722e-06,-8.453937648635565e-07,1,14.118,2.13758e-05,2.202,2.1360015592295872e-05,8.213157351939571e-07,5.0,1,39.292,48.446,3.606,3.619,3.545,3.714,6.076,3.535,2.27318,3.00058,-4121.0,0.4,8.9,2.273,3.0,-15.9745,-15.9745,0.00870834942907095,-15.922100035473571
245565.904782,1620394347.956617,216.2005,0,85.78,4.12579e-06,8.826,4.0769359303328505e-06,6.330375534366142e-07,1,14.1177,4.76933e-06,-10.182,4.694218738553153e-06,-8.431008738676784e-07,1,14.118,2.13796e-05,2.208,2.1363726645871514e-05,8.236989501507986e-07,5.0,1,39.293,48.456,3.611,3.547,3.544,3.714,6.066,3.535,2.27325,3.00027,-4120.9,0.4,8.9,2.273,3.0,-15.9745,-15.9745,0.00910231377929449,-15.921816142050545
245566.448609,1620394348.500444,216.2005,0,85.78,4.1202e-06,8.862,4.071014108366026e-06,6.34737874626029e-07,1,14.1182,4.77306e-06,-10.104,4.699034300627384e-06,-8.373639621617989e-07,1,14.118,2.13833e-05,2.208,2.136742389879438e-05,8.238415012797045e-07,5.0,1,39.297,48.456,3.508,3.544,3.544,3.714,6.058,3.535,2.27315,3.00047,-4120.9,0.4,8.9,2.273,3.0,-15.9745,-15.9745,0.008314382284879684,-15.921816142050545
245566.68753,1620394348.739365,216.2005,0,85.78,4.11834e-06,8.868,4.069109850669558e-06,6.348774517841758e-07,1,14.1182,4.77352e-06,-10.086,4.699750025542551e-06,-8.359682337342673e-07,1,14.118,2.13814e-05,2.202,2.1365611457120437e-05,8.215309022575097e-07,5.0,1,39.297,48.456,3.508,3.544,3.543,3.714,6.058,3.535,2.2731,3.00046,-4120.9,0.4,8.9,2.273,3.0,-15.9745,-15.9745,0.008314382284879684,-15.921816142050545
245566.868473,1620394348.920308,216.2005,0,85.78,4.11647e-06,8.868,4.0672622044284146e-06,6.345891752371115e-07,1,14.1177,4.77492e-06,-10.062,4.701478249758487e-06,-8.34244133001773e-07,1,14.118,2.13851e-05,2.202,2.1369308724950947e-05,8.21673066210214e-07,5.0,1,39.302,48.453,3.43,3.601,3.542,3.713,6.051,3.535,2.27306,3.00046,-4121.0,0.4,9.0,2.273,3.0,-15.9729,-15.9729,0.008314382284879684,-15.922100035473571
245567.420298,1620394349.472133,216.2005,0,85.78,4.11461e-06,8.898,4.065091761402958e-06,6.364310044881548e-07,1,14.1182,4.77771e-06,-9.996,4.705183758020554e-06,-8.293121531483647e-07,1,14.118,2.1387e-05,2.19,2.137137895931501e-05,8.172700761361463e-07,5.0,1,39.302,48.453,3.407,3.601,3.542,3.712,6.045,3.535,2.27289,3.00053,-4120.9,0.4,8.9,2.273,3.0,-15.9729,-15.9729,0.008314382284879684,-15.921816142050545
245567.600239,1620394349.652074,216.2005,0,85.78,4.11461e-06,8.898,4.065091761402958e-06,6.364310044881548e-07,1,14.1182,4.77771e-06,-9.984,4.705357345554248e-06,-8.283266835848526e-07,1,14.118,2.13851e-05,2.19,2.136948034707287e-05,8.171974706681209e-07,5.0,1,39.298,48.453,3.407,3.667,3.542,3.712,6.045,3.535,2.27293,2.99991,-4120.8,0.4,9.0,2.273,3.0,-15.9729,-15.9729,0.00870834942907095,-15.921532248627525
245567.756188,1620394349.808023,216.2005,0,85.78,4.11647e-06,8.898,4.066929376796933e-06,6.36718701661969e-07,1,14.1182,4.77771e-06,-9.972,4.705530726687874e-06,-8.273411776868664e-07,1,14.118,2.13851e-05,2.19,2.136948034707287e-05,8.171974706681209e-07,5.0,1,39.298,48.453,3.407,3.667,3.541,3.712,6.045,3.535,2.27288,3.00035,-4120.8,0.4,8.9,2.273,3.0,-15.9729,-15.9729,0.008314382284879684,-15.921532248627525
245567.896144,1620394349.947979,216.2005,0,85.78,4.11647e-06,8.892,4.066996031523895e-06,6.362928103231194e-07,1,14.1172,4.77632e-06,-9.96,4.704334850462017e-06,-8.261152202498825e-07,1,14.118,2.13833e-05,2.184,2.1367767114145213e-05,8.148910636731006e-07,5.0,1,39.298,48.453,3.449,3.733,3.541,3.711,6.039,3.535,2.273,2.99991,-4120.9,0.4,8.9,2.273,3.0,-15.9729,-15.9729,0.00910231377929449,-15.921816142050545
245568.398985,1620394350.45082,216.2005,0,85.78,4.12765e-06,8.844,4.078574740260658e-06,6.346042945077725e-07,1,14.1177,4.77166e-06,-9.924,4.700262711875167e-06,-8.223561241675656e-07,1,14.118,2.13777e-05,2.184,2.1362171182000073e-05,8.146776546129196e-07,5.0,1,39.298,48.448,3.53,3.746,3.541,3.71,6.033,3.535,2.27303,3.00031,-4120.9,0.4,8.9,2.273,3.0,-15.9729,-15.9729,0.00870834942907095,-15.921816142050545
245568.637907,1620394350.689742,216.2005,0,85.78,4.12951e-06,8.82,4.080678210215095e-06,6.331810047496163e-07,1,14.1172,4.77073e-06,-9.912,4.699518724484403e-06,-8.21211599479994e-07,1,14.118,2.13758e-05,2.184,2.1360272562165114e-05,8.14605247967501e-07,5.0,1,39.298,48.448,3.53,3.746,3.541,3.71,6.033,3.534,2.2731,3.00005,-4121.0,0.4,8.9,2.273,3.0,-15.9729,-15.9729,0.00870834942907095,-15.922100035473571
245568.780861,1620394350.832696,216.2005,0,85.78,4.13324e-06,8.808,4.08449674598525e-06,6.328974874621511e-07,1,14.1177,4.76887e-06,-9.906,4.697772425945383e-06,-8.20399482524965e-07,1,14.118,2.13758e-05,2.184,2.1360272562165114e-05,8.14605247967501e-07,5.0,1,39.298,48.453,3.53,3.746,3.54,3.709,6.033,3.534,2.27304,3.00065,-4121.0,0.4,8.8,2.273,3.0,-15.9729,-15.9729,0.008314382284879684,-15.922100035473571
245568.921817,1620394350.973652,216.2005,0,85.78,4.14069e-06,8.82,4.091726005810748e-06,6.348952429117956e-07,1,14.1177,4.76468e-06,-9.894,4.693816463483989e-06,-8.186956146985637e-07,1,14.118,2.1374e-05,2.178,2.135855905065755e-05,8.122999935826845e-07,5.0,1,39.299,48.462,3.587,3.676,3.539,3.708,6.025,3.534,2.27293,3.00009,-4120.9,0.4,8.9,2.273,3.0,-15.9729,-15.9729,0.008314382284879684,-15.921816142050545
245569.482636,1620394351.534471,216.2005,0,85.78,4.14814e-06,8.85,4.098754318593026e-06,6.381837473761153e-07,1,14.1177,4.76281e-06,-9.894,4.691974275386002e-06,-8.183743001927657e-07,1,14.118,2.13721e-05,2.178,2.13566604232506e-05,8.122277857606668e-07,5.0,1,39.299,48.462,3.622,3.676,3.539,3.708,6.017,3.534,2.27291,3.00021,-4121.0,0.4,8.9,2.273,3.0,-15.9729,-15.9729,0.008314382284879684,-15.922100035473571
245569.624591,1620394351.676426,216.2005,0,85.78,4.15373e-06,8.838,4.104411517841137e-06,6.381841467108159e-07,1,14.1177,4.76188e-06,-9.888,4.691143764474166e-06,-8.177232511278817e-07,1,14.118,2.13721e-05,2.178,2.13566604232506e-05,8.122277857606668e-07,5.0,1,39.305,48.462,3.622,3.563,3.539,3.708,6.017,3.534,2.27295,3.00008,-4120.9,0.4,8.9,2.273,3.0,-15.9729,-15.9729,0.008314382284879684,-15.921816142050545
245569.777543,1620394351.829378,216.2005,0,85.78,4.15745e-06,8.874,4.107685196249939e-06,6.413367532031092e-07,1,14.1182,4.76142e-06,-9.882,4.6907761954168454e-06,-8.171530461979974e-07,1,14.118,2.13721e-05,2.178,2.13566604232506e-05,8.122277857606668e-07,5.0,1,39.305,48.452,3.622,3.563,3.538,3.708,6.017,3.534,2.27288,3.00021,-4121.0,0.4,8.9,2.273,3.0,-15.9729,-15.9729,0.008314382284879684,-15.922100035473571
245570.382349,1620394352.434184,216.2005,0,85.78,4.18539e-06,8.976,4.134134797706489e-06,6.53007600639019e-07,1,14.1177,4.76421e-06,-9.858,4.693866878060393e-06,-8.156657741670758e-07,1,14.118,2.13796e-05,2.178,2.1364155005120156e-05,8.125128166370526e-07,5.0,1,39.302,48.455,3.446,3.575,3.537,3.706,6.006,3.534,2.27303,3.00035,-4121.0,0.4,8.9,2.273,3.0,-15.9734,-15.9734,0.008314382284879684,-15.922100035473571
245570.622273,1620394352.674108,216.2005,0,85.78,4.19098e-06,9.012,4.139244679466378e-06,6.564806500646287e-07,1,14.1177,4.76514e-06,-9.858,4.6947831466960315e-06,-8.158249966131844e-07,1,14.118,2.13814e-05,2.172,2.136603868092354e-05,8.103437821561381e-07,5.0,1,39.308,48.455,3.446,3.575,3.537,3.706,6.006,3.534,2.27317,2.99988,-4121.0,0.4,8.9,2.273,3.0,-15.9734,-15.9734,0.008314382284879684,-15.922100035473571
245570.781223,1620394352.833058,216.2005,0,85.78,4.19657e-06,9.024,4.144627906740748e-06,6.582243383268363e-07,1,14.1177,4.76654e-06,-9.858,4.696162475824951e-06,-8.16064686317004e-07,1,14.118,2.13851e-05,2.166,2.136982077919834e-05,8.082461722413811e-07,5.0,1,39.308,48.467,3.446,3.575,3.536,3.706,6.006,3.534,2.27308,3.00077,-4121.0,0.4,8.8,2.273,3.0,-15.9734,-15.9734,0.00870834942907095,-15.922100035473571
245571.379033,1620394353.430868,216.2005,0,85.78,4.21333e-06,8.982,4.161663776237756e-06,6.578026318361067e-07,1,14.1172,4.77306e-06,-9.888,4.702157689076806e-06,-8.19643111760155e-07,1,14.118,2.13945e-05,2.136,2.1379634515178822e-05,7.974072029862795e-07,5.0,1,39.302,48.453,3.427,3.714,3.535,3.705,5.998,3.534,2.27301,3.00044,-4120.9,0.4,8.9,2.273,3.0,-15.9734,-15.9734,0.00870834942907095,-15.921816142050545
245571.620955,1620394353.67279,216.2005,0,85.78,4.21333e-06,8.982,4.161663776237756e-06,6.578026318361067e-07,1,14.1182,4.77399e-06,-9.906,4.702816093485248e-06,-8.212802876948538e-07,1,14.118,2.13945e-05,2.13,2.1379717902238734e-05,7.951683285271198e-07,5.0,1,39.302,48.453,3.427,3.714,3.535,3.705,5.998,3.533,2.27314,3.00013,-4121.0,0.4,9.0,2.273,3.0,-15.9734,-15.9734,0.008314382284879684,-15.922100035473571
245571.781902,1620394353.833737,216.2005,0,85.78,4.21333e-06,8.964,4.1618702256560505e-06,6.564951741617406e-07,1,14.1177,4.77492e-06,-9.93,4.7033877316630805e-06,-8.234105003224238e-07,1,14.118,2.13945e-05,2.118,2.1379883972993118e-05,7.906905534733635e-07,5.0,1,39.302,48.46,3.427,3.714,3.535,3.705,5.998,3.533,2.27299,3.00007,-4121.0,0.4,8.9,2.273,3.0,-15.9734,-15.9734,0.008314382284879684,-15.922100035473571
245572.376712,1620394354.428547,216.2005,0,85.78,4.19471e-06,8.706,4.14637872501009e-06,6.349294865445261e-07,1,14.1177,4.77539e-06,-9.996,4.702898975913936e-06,-8.289094488830778e-07,1,14.118,2.13907e-05,2.112,2.1376169238036332e-05,7.883116115022179e-07,5.0,1,39.305,48.46,3.579,3.704,3.534,3.703,5.989,3.533,2.27297,3.00038,-4120.8,0.4,8.9,2.273,3.0,-15.9734,-15.9734,0.00870834942907095,-15.921532248627525
245572.623632,1620394354.675467,216.2005,0,85.78,4.18912e-06,8.652,4.141448903071748e-06,6.30180416742548e-07,1,14.1177,4.77539e-06,-10.002,4.702812146933063e-06,-8.294019307662834e-07,1,14.118,2.13889e-05,2.112,2.1374370460781337e-05,7.882452760900668e-07,5.0,1,39.303,48.46,3.579,3.704,3.534,3.703,5.989,3.533,2.273,2.99969,-4120.9,0.4,9.0,2.273,3.0,-15.9734,-15.9734,0.008314382284879684,-15.921816142050545
245572.777584,1620394354.829419,216.2005,0,85.78,4.18167e-06,8.526,4.13545705910913e-06,6.199668548918295e-07,1,14.1177,4.77585e-06,-10.002,4.703265155710899e-06,-8.294818247410483e-07,1,14.118,2.1387e-05,2.118,2.1372389096749342e-05,7.904133710596099e-07,5.0,1,39.303,48.451,3.579,3.704,3.533,3.703,5.989,3.533,2.27288,3.0001,-4120.9,0.4,8.9,2.273,3.0,-15.9734,-15.9734,0.00870834942907095,-15.921816142050545
245572.917538,1620394354.969373,216.2005,0,85.78,4.17235e-06,8.43,4.1272707142109465e-06,6.11670641862646e-07,1,14.1177,4.77585e-06,-10.008,4.703178266788958e-06,-8.299743449673738e-07,1,14.118,2.1387e-05,2.13,2.1372223084212288e-05,7.948895763962472e-07,5.0,1,39.308,48.463,3.61,3.621,3.532,3.701,5.983,3.533,2.27295,3.00029,-4121.0,0.4,9.0,2.273,3.0,-15.9734,-15.9734,0.008314382284879684,-15.922100035473571
245573.511349,1620394355.563184,216.2005,0,85.78,4.15e-06,8.148,4.108106867063684e-06,5.881819181037437e-07,1,14.1177,4.77585e-06,-10.014,4.703091326290895e-06,-8.304668560920123e-07,1,14.118,2.1387e-05,2.136,2.1372139726384327e-05,7.971276660014285e-07,5.0,1,39.308,48.463,3.596,3.621,3.532,3.701,5.978,3.533,2.27284,3.00059,-4121.0,0.4,8.9,2.273,3.0,-15.9745,-15.9745,0.007920444943010807,-15.922100035473571
245573.665298,1620394355.717133,216.2005,0,85.78,4.14814e-06,8.082,4.106940152047508e-06,5.83187831748913e-07,1,14.1182,4.77585e-06,-10.02,4.703004334217665e-06,-8.309593581095627e-07,1,14.118,2.1387e-05,2.136,2.1372139726384327e-05,7.971276660014285e-07,5.0,1,39.3,48.463,3.596,3.543,3.532,3.701,5.978,3.533,2.27287,2.99997,-4120.9,0.4,9.0,2.273,3.0,-15.9745,-15.9745,0.008314382284879684,-15.921816142050545
245573.806253,1620394355.858088,216.2005,0,85.78,4.14255e-06,8.046,4.101770796947694e-06,5.798248285534824e-07,1,14.1177,4.77585e-06,-10.026,4.702917290570222e-06,-8.314518510146239e-07,1,14.118,2.1387e-05,2.142,2.1372056134184626e-05,7.993657468651265e-07,5.0,1,39.3,48.463,3.483,3.543,3.532,3.701,5.974,3.533,2.27282,3.0005,-4121.0,0.4,8.9,2.273,3.0,-15.9745,-15.9745,0.008314382284879684,-15.922100035473571
245574.441051,1620394356.492886,216.2005,0,85.78,4.13138e-06,7.86,4.092566413031205e-06,5.649786361703419e-07,1,14.1172,4.77166e-06,-10.014,4.698965159711719e-06,-8.297382619931555e-07,1,14.118,2.13796e-05,2.16,2.1364409209266743e-05,8.058010294101325e-07,5.0,1,39.308,48.464,3.416,3.616,3.531,3.7,5.971,3.533,2.27293,3.00087,-4121.0,0.4,8.8,2.273,3.0,-15.9745,-15.9745,0.008314382284879684,-15.922100035473571
245574.682973,1620394356.734808,216.2005,0,85.78,4.12951e-06,7.818,4.091126845764478e-06,5.617241066263717e-07,1,14.1177,4.77073e-06,-10.002,4.6982229710532485e-06,-8.285925700654043e-07,1,14.118,2.13777e-05,2.166,2.1362426066348455e-05,8.079664905155727e-07,5.0,1,39.307,48.464,3.416,3.616,3.53,3.7,5.971,3.532,2.27294,3.00082,-4121.0,0.4,8.9,2.273,3.0,-15.9745,-15.9745,0.008314382284879684,-15.922100035473571
245574.873913,1620394356.925748,216.2005,0,85.78,4.12765e-06,7.794,4.089518963879675e-06,5.597581322040019e-07,1,14.1172,4.76933e-06,-9.984,4.697104250545186e-06,-8.268738164982272e-07,1,14.118,2.13758e-05,2.178,2.1360357750306246e-05,8.12368400993017e-07,5.0,1,39.306,48.456,3.41,3.682,3.529,3.699,5.968,3.532,2.27292,3.00074,-4121.0,0.4,8.9,2.273,3.0,-15.9745,-15.9745,0.008314382284879684,-15.922100035473571
245575.41374,1620394357.465575,216.2005,0,85.78,4.12765e-06,7.842,4.0890485869673675e-06,5.631839627689842e-07,1,14.1177,4.76887e-06,-9.912,4.69768648815421e-06,-8.208914276037752e-07,1,14.118,2.13758e-05,2.184,2.1360272562165114e-05,8.14605247967501e-07,5.0,1,39.306,48.462,3.473,3.732,3.529,3.698,5.966,3.532,2.27302,3.00037,-4121.0,0.4,8.9,2.273,3.0,-15.9745,-15.9745,0.008314382284879684,-15.922100035473571
245575.670658,1620394357.722493,216.2005,0,85.78,4.12951e-06,7.86,4.090713981351628e-06,5.647229080481071e-07,1,14.1177,4.76933e-06,-9.888,4.698483097058215e-06,-8.190025858068116e-07,1,14.118,2.13758e-05,2.19,2.136018713978238e-05,8.168420860088388e-07,5.0,1,39.302,48.462,3.473,3.732,3.529,3.698,5.966,3.532,2.27308,2.99976,-4120.9,0.4,9.0,2.273,3.0,-15.9745,-15.9745,0.008314382284879684,-15.921816142050545
245575.811612,1620394357.863447,216.2005,0,85.78,4.13138e-06,7.884,4.092329396300318e-06,5.666928767650732e-07,1,14.1177,4.7698e-06,-9.876,4.699117560699046e-06,-8.180991325810354e-07,1,14.118,2.13758e-05,2.19,2.136018713978238e-05,8.168420860088388e-07,5.0,1,39.302,48.458,3.562,3.74,3.529,3.697,5.962,3.532,2.27292,3.00001,-4121.0,0.4,8.9,2.273,3.0,-15.9745,-15.9745,0.00910231377929449,-15.922100035473571
245576.379431,1620394358.431266,216.2005,0,85.78,4.14441e-06,8.07,4.103369141624718e-06,5.81804035446664e-07,1,14.1177,4.77073e-06,-9.804,4.7010583221366755e-06,-8.123517617199501e-07,1,14.118,2.13758e-05,2.178,2.1360357750306246e-05,8.12368400993017e-07,5.0,1,39.311,48.467,3.596,3.657,3.528,3.697,5.958,3.532,2.27287,2.99979,-4121.0,0.4,8.9,2.273,3.0,-15.9745,-15.9745,0.008314382284879684,-15.922100035473571
245576.629352,1620394358.681187,216.2005,0,85.78,4.14628e-06,8.088,4.105037559389775e-06,5.833562157029266e-07,1,14.1177,4.7698e-06,-9.786,4.700396829980268e-06,-8.107167697238303e-07,1,14.118,2.13758e-05,2.178,2.1360357750306246e-05,8.12368400993017e-07,5.0,1,39.311,48.467,3.596,3.657,3.528,3.697,5.958,3.532,2.27294,3.00047,-4120.9,0.4,8.9,2.273,3.0,-15.9745,-15.9745,0.007920444943010807,-15.921816142050545
245576.784301,1620394358.836136,216.2005,0,85.78,4.14814e-06,8.124,4.106511549655194e-06,5.861982191618274e-07,1,14.1172,4.76887e-06,-9.768,4.699734774594417e-06,-8.090822735469893e-07,1,14.118,2.1374e-05,2.178,2.135855905065755e-05,8.122999935826845e-07,5.0,1,39.311,48.464,3.596,3.657,3.527,3.696,5.958,3.532,2.27295,3.00002,-4120.9,0.4,8.9,2.273,3.0,-15.9729,-15.9729,0.00870834942907095,-15.921816142050545
245576.925294,1620394358.977129,216.2005,0,85.78,4.14814e-06,8.172,4.106019016387e-06,5.896382761221791e-07,1,14.1172,4.76654e-06,-9.744,4.697776882942081e-06,-8.067192384559738e-07,1,14.118,2.1374e-05,2.178,2.135855905065755e-05,8.122999935826845e-07,5.0,1,39.312,48.47,3.613,3.543,3.526,3.695,5.953,3.532,2.2729,2.99969,-4120.9,0.4,8.9,2.273,3.0,-15.9729,-15.9729,0.007941527292132378,-15.921816142050545
245577.469121,1620394359.520956,216.2005,0,85.78,4.15373e-06,8.256,4.110682216360231e-06,5.964600816481647e-07,1,14.1177,4.76002e-06,-9.654,4.692610611868578e-06,-7.982456049226994e-07,1,14.118,2.13702e-05,2.178,2.135476179584364e-05,8.12155577938649e-07,5.0,1,39.312,48.47,3.522,3.541,3.526,3.695,5.949,3.532,2.27281,2.99999,-4120.9,0.4,8.9,2.273,3.0,-15.9729,-15.9729,0.008335464634001255,-15.921816142050545
245577.708043,1620394359.759878,216.2005,0,85.78,4.15559e-06,8.256,4.1125229399803105e-06,5.967271706866591e-07,1,14.1177,4.75909e-06,-9.63,4.6920276735327634e-06,-7.961243237728147e-07,1,14.118,2.13684e-05,2.184,2.135287793754475e-05,8.143232431379761e-07,5.0,1,39.318,48.47,3.522,3.541,3.526,3.695,5.949,3.532,2.27286,3.00049,-4120.9,0.4,8.9,2.273,3.0,-15.9729,-15.9729,0.007941527292132378,-15.921816142050545
245577.866993,1620394359.918828,216.2005,0,85.78,4.15559e-06,8.232,4.112772535674872e-06,5.950044688054755e-07,1,14.1182,4.75816e-06,-9.606,4.691443781601266e-06,-7.940036710713704e-07,1,14.118,2.13684e-05,2.19,2.135279254473404e-05,8.165593068175821e-07,5.0,1,39.318,48.468,3.423,3.59,3.526,3.694,5.948,3.532,2.27289,3.00004,-4120.9,0.4,8.9,2.273,3.0,-15.9729,-15.9729,0.008335464634001255,-15.921816142050545
245578.493088,1620394360.544923,216.2005,0,85.78,4.15373e-06,8.184,4.111428504343072e-06,5.912939764408998e-07,1,14.1177,4.76374e-06,-9.552,4.697692664247609e-06,-7.905076975426627e-07,1,14.118,2.13777e-05,2.214,2.136174168951691e-05,8.25862749102605e-07,5.0,1,39.306,48.467,3.401,3.652,3.525,3.694,5.946,3.531,2.27299,3.00082,-4121.0,0.4,8.9,2.273,3.0,-15.9729,-15.9729,0.008335464634001255,-15.922100035473571
245578.769999,1620394360.821834,216.2005,0,85.78,4.15e-06,8.19,4.107674603501734e-06,5.911931594215833e-07,1,14.1182,4.76654e-06,-9.558,4.700370987173343e-06,-7.914645630343109e-07,1,14.118,2.13796e-05,2.214,2.136364027117958e-05,8.259361498530737e-07,5.0,1,39.306,48.467,3.401,3.652,3.524,3.694,5.946,3.531,2.27304,3.0002,-4120.9,0.4,8.9,2.273,3.0,-15.9729,-15.9729,0.008729401975870132,-15.921816142050545
245578.909956,1620394360.961791,216.2005,0,85.78,4.14814e-06,8.196,4.105771669070393e-06,5.913581495666763e-07,1,14.1182,4.76933e-06,-9.564,4.703039300173059e-06,-7.924203366444456e-07,1,14.118,2.13833e-05,2.208,2.136742389879438e-05,8.238415012797045e-07,5.0,1,39.3,48.454,3.449,3.726,3.524,3.692,5.945,3.531,2.27297,3.00031,-4120.9,0.4,8.8,2.273,3.0,-15.9729,-15.9729,0.008335464634001255,-15.921816142050545
245579.519759,1620394361.571594,216.2005,0,85.78,4.1351e-06,8.268,4.092120839301562e-06,5.946419481956174e-07,1,14.1172,4.78237e-06,-9.672,4.714391914238811e-06,-8.034747636732062e-07,1,14.118,2.1387e-05,2.196,2.1371293257811233e-05,8.195080772220603e-07,5.0,1,39.3,48.454,3.53,3.744,3.524,3.692,5.942,3.53,2.27285,3.00095,-4121.0,0.4,8.8,2.273,3.0,-15.9729,-15.9729,0.008335464634001255,-15.922100035473571
245579.778187,1620394361.830022,216.2005,0,85.78,4.13138e-06,8.28,4.0883149848726206e-06,5.949632668207235e-07,1,14.1177,4.78423e-06,-9.702,4.715803967128915e-06,-8.062565574996485e-07,1,14.118,2.1387e-05,2.19,2.137137895931501e-05,8.172700761361463e-07,5.0,1,39.299,48.456,3.53,3.744,3.523,3.692,5.942,3.53,2.27304,3.00079,-4120.9,0.4,8.9,2.273,3.0,-15.9729,-15.9729,0.008335464634001255,-15.921816142050545
245579.919142,1620394361.970977,216.2005,0,85.78,4.13138e-06,8.28,4.0883149848726206e-06,5.949632668207235e-07,1,14.1177,4.7861e-06,-9.732,4.717224254998246e-06,-8.090417406143193e-07,1,14.118,2.13889e-05,2.19,2.1373277571557156e-05,8.173426816041717e-07,5.0,1,39.309,48.463,3.579,3.688,3.522,3.691,5.939,3.53,2.27288,3.00058,-4121.0,0.4,8.9,2.273,3.0,-15.9729,-15.9729,0.008335464634001255,-15.922100035473571
245580.460968,1620394362.512803,216.2005,0,85.78,4.11647e-06,8.286,4.073498303055306e-06,5.932426450496828e-07,1,14.1177,4.78936e-06,-9.852,4.7187313819814355e-06,-8.194774885886566e-07,1,14.118,2.13889e-05,2.184,2.1373363046290357e-05,8.151044727332818e-07,5.0,1,39.309,48.463,3.611,3.577,3.522,3.69,5.935,3.53,2.27303,3.00022,-4121.0,0.4,8.9,2.273,3.0,-15.9756,-15.9756,0.008335464634001255,-15.922100035473571
245580.707893,1620394362.759728,216.2005,0,85.78,4.11461e-06,8.292,4.071595601055696e-06,5.934009719944052e-07,1,14.1177,4.78936e-06,-9.87,4.718473702679819e-06,-8.209598813090681e-07,1,14.118,2.13889e-05,2.178,2.1373448286638408e-05,8.12866254923771e-07,5.0,1,39.313,48.463,3.611,3.577,3.521,3.69,5.935,3.53,2.27297,3.00041,-4121.1,0.4,8.9,2.273,3.0,-15.9756,-15.9756,0.0067596836015582085,-15.922383824051082
245580.927822,1620394362.979657,216.2005,0,85.78,4.11089e-06,8.274,4.068100543299371e-06,5.915864786380457e-07,1,14.1182,4.78889e-06,-9.888,4.71775253938627e-06,-8.223614832994114e-07,1,14.118,2.13889e-05,2.172,2.1373533292600367e-05,8.106280282001844e-07,5.0,1,39.31,48.466,3.559,3.539,3.521,3.69,5.933,3.53,2.27293,3.0005,-4121.2,0.4,8.9,2.273,3.0,-15.9756,-15.9756,0.008335464634001255,-15.92266761262859
245581.55077,1620394363.602605,216.2005,0,85.78,4.09971e-06,8.34,4.056354616829179e-06,5.946505752360822e-07,1,14.1177,4.7847e-06,-9.912,4.7132801984267655e-06,-8.236163312599806e-07,1,14.118,2.1387e-05,2.172,2.137163465764224e-05,8.105560192023593e-07,5.0,1,39.31,48.48,3.437,3.564,3.521,3.689,5.931,3.53,2.27302,3.00011,-4121.0,0.4,8.9,2.273,3.0,-15.9756,-15.9756,0.008729401975870132,-15.922100035473571
245581.720719,1620394363.772554,216.2005,0,85.78,4.09785e-06,8.346,4.05445202111835e-06,5.948053723272236e-07,1,14.1177,4.78377e-06,-9.906,4.712450286559446e-06,-8.229627631951494e-07,1,14.118,2.1387e-05,2.172,2.137163465764224e-05,8.105560192023593e-07,5.0,1,39.312,48.48,3.437,3.564,3.52,3.689,5.931,3.53,2.27313,3.00043,-4121.0,0.4,8.9,2.273,3.0,-15.9756,-15.9756,0.009517302736639977,-15.922100035473571
245581.880665,1620394363.9325,216.2005,0,85.78,4.09599e-06,8.376,4.052299865799046e-06,5.966572531571498e-07,1,14.1177,4.78284e-06,-9.9,4.711620289506098e-06,-8.223093779803712e-07,1,14.118,2.13851e-05,2.178,2.1369651031824497e-05,8.127218392797355e-07,5.0,1,39.312,48.466,3.404,3.631,3.52,3.689,5.93,3.53,2.27305,3.00017,-4121.0,0.4,8.8,2.273,3.0,-15.9756,-15.9756,0.0075475606136024,-15.922100035473571
245582.437487,1620394364.489322,216.2005,0,85.78,4.09226e-06,8.526,4.047035156937283e-06,6.067110894928673e-07,1,14.1177,4.77818e-06,-9.846,4.707801842615147e-06,-8.170715532127035e-07,1,14.118,2.13833e-05,2.178,2.1367852332175803e-05,8.126534318694028e-07,5.0,1,39.309,48.468,3.414,3.714,3.519,3.688,5.929,3.53,2.27303,3.0003,-4121.0,0.4,9.0,2.273,3.0,-15.9751,-15.9751,0.007153622340410948,-15.922100035473571
245582.687406,1620394364.739241,216.2005,0,85.78,4.0904e-06,8.55,4.044941334464522e-06,6.081297236119738e-07,1,14.1177,4.77725e-06,-9.828,4.707141949010409e-06,-8.154337706806667e-07,1,14.118,2.13814e-05,2.178,2.136595370476885e-05,8.125812240473852e-07,5.0,1,39.311,48.468,3.414,3.714,3.519,3.688,5.929,3.53,2.27313,3.00027,-4121.0,0.4,8.9,2.273,3.0,-15.9751,-15.9751,0.008335464634001255,-15.922100035473571
245582.824363,1620394364.876198,216.2005,0,85.78,4.08854e-06,8.574,4.042847033933679e-06,6.095467101163427e-07,1,14.1177,4.77632e-06,-9.816,4.706396244713948e-06,-8.142893405555827e-07,1,14.118,2.13814e-05,2.184,2.1365868494310258e-05,8.148186570276821e-07,5.0,1,39.311,48.472,3.482,3.738,3.519,3.687,5.928,3.53,2.2731,3.00036,-4121.0,0.4,9.0,2.273,3.0,-15.9751,-15.9751,0.008335464634001255,-15.922100035473571
245583.36819,1620394365.420025,216.2005,0,85.78,4.08481e-06,8.658,4.0382615525057865e-06,6.149116763028283e-07,1,14.1177,4.77399e-06,-9.726,4.70537300991135e-06,-8.065019266547301e-07,1,14.118,2.13758e-05,2.19,2.136018713978238e-05,8.168420860088388e-07,5.0,1,39.312,48.47,3.57,3.738,3.518,3.686,5.928,3.529,2.27294,3.00066,-4121.1,0.4,8.9,2.273,3.0,-15.9751,-15.9751,0.008729401975870132,-15.922383824051082
245583.609111,1620394365.660946,216.2005,0,85.78,4.08481e-06,8.634,4.038518771822964e-06,6.132200793626564e-07,1,14.1177,4.77306e-06,-9.72,4.704540791321877e-06,-8.058521616205615e-07,1,14.118,2.13758e-05,2.19,2.136018713978238e-05,8.168420860088388e-07,5.0,1,39.312,48.47,3.57,3.714,3.518,3.686,5.925,3.529,2.27279,3.00039,-4121.1,0.4,8.9,2.273,3.0,-15.9751,-15.9751,0.008335464634001255,-15.922383824051082
245583.766062,1620394365.817897,216.2005,0,85.78,4.08481e-06,8.634,4.038518771822964e-06,6.132200793626564e-07,1,14.1177,4.77166e-06,-9.702,4.703413748459075e-06,-8.041382134970043e-07,1,14.118,2.1374e-05,2.19,2.1358388454500352e-05,8.167733018812358e-07,5.0,1,39.319,48.468,3.57,3.714,3.518,3.686,5.925,3.529,2.27309,3.00004,-4121.0,0.4,8.9,2.273,3.0,-15.9751,-15.9751,0.0067596836015582085,-15.922100035473571
245583.918013,1620394365.969848,216.2005,0,85.78,4.08295e-06,8.616,4.036872212169628e-06,6.116726617339431e-07,1,14.1182,4.7698e-06,-9.69,4.70174860049254e-06,-8.028400449444724e-07,1,14.118,2.13684e-05,2.19,2.135279254473404e-05,8.165593068175821e-07,5.0,1,39.314,48.466,3.598,3.612,3.517,3.685,5.922,3.529,2.27289,3.00034,-4121.0,0.4,8.9,2.273,3.0,-15.9745,-15.9745,0.008335464634001255,-15.922100035473571
245584.482832,1620394366.534667,216.2005,0,85.78,4.08108e-06,8.406,4.037237079011902e-06,5.9659930795421e-07,1,14.1182,4.76002e-06,-9.624,4.693027929017938e-06,-7.957884504424543e-07,1,14.118,2.13591e-05,2.202,2.134332792397977e-05,8.206740762722916e-07,5.0,1,39.314,48.466,3.601,3.54,3.517,3.685,5.92,3.529,2.27278,3.00041,-4121.0,0.4,8.9,2.273,3.0,-15.9745,-15.9745,0.008335464634001255,-15.922100035473571
245584.723755,1620394366.77559,216.2005,0,85.78,4.08295e-06,8.334,4.039833852652111e-06,5.917965405998904e-07,1,14.1177,4.75816e-06,-9.618,4.691277382967609e-06,-7.949862273376718e-07,1,14.118,2.13591e-05,2.208,2.1343241866163737e-05,8.229091398419952e-07,5.0,1,39.314,48.466,3.601,3.54,3.516,3.685,5.92,3.529,2.27297,3.00101,-4121.0,0.4,8.8,2.273,3.0,-15.9745,-15.9745,0.008335464634001255,-15.922100035473571
245584.878706,1620394366.930541,216.2005,0,85.78,4.08481e-06,8.28,4.042230425029294e-06,5.882566846772651e-07,1,14.1177,4.75583e-06,-9.612,4.6890633186738705e-06,-7.941059012292963e-07,1,14.118,2.13591e-05,2.214,2.1343155574292868e-05,8.251441943874902e-07,5.0,1,39.309,48.472,3.499,3.546,3.516,3.684,5.917,3.529,2.27288,3.00009,-4120.9,0.4,8.8,2.273,3.0,-15.9745,-15.9745,0.008335464634001255,-15.921816142050545
245585.423043,1620394367.474878,216.2005,0,85.78,4.08854e-06,7.986,4.048889525448062e-06,5.680254768203351e-07,1,14.1177,4.74931e-06,-9.6,4.68280083881932e-06,-7.920364764662517e-07,1,14.118,2.13591e-05,2.232,2.13428952943607e-05,8.318493036336238e-07,5.0,1,39.309,48.467,3.415,3.599,3.515,3.684,5.917,3.529,2.27303,3.00043,-4120.9,0.4,8.9,2.273,3.0,-15.9745,-15.9745,0.008729401975870132,-15.921816142050545
245585.685465,1620394367.7373,216.2005,0,85.78,4.09226e-06,7.932,4.053107487594547e-06,5.647225881838125e-07,1,14.1177,4.74838e-06,-9.6,4.681883862504844e-06,-7.918813815318056e-07,1,14.118,2.13591e-05,2.238,2.1342808066279973e-05,8.340843218371845e-07,5.0,1,39.309,48.467,3.415,3.599,3.515,3.684,5.917,3.528,2.27313,2.99973,-4121.0,0.4,9.0,2.273,3.0,-15.9751,-15.9751,0.007941527292132378,-15.922100035473571
245585.825421,1620394367.877256,216.2005,0,85.78,4.09226e-06,7.932,4.053107487594547e-06,5.647225881838125e-07,1,14.1177,4.74838e-06,-9.6,4.681883862504844e-06,-7.918813815318056e-07,1,14.118,2.13591e-05,2.238,2.1342808066279973e-05,8.340843218371845e-07,5.0,1,39.321,48.47,3.415,3.599,3.515,3.683,5.917,3.528,2.27317,3.00063,-4121.0,0.4,8.9,2.273,3.0,-15.9751,-15.9751,0.008335464634001255,-15.922100035473571
245585.978371,1620394368.030206,216.2005,0,85.78,4.0904e-06,7.914,4.051442415331913e-06,5.631931420476559e-07,1,14.1177,4.74791e-06,-9.6,4.681420444367421e-06,-7.91803000220849e-07,1,14.118,2.13591e-05,2.238,2.1342808066279973e-05,8.340843218371845e-07,5.0,1,39.317,48.472,3.401,3.664,3.514,3.683,5.916,3.528,2.27306,3.00025,-4121.1,0.4,8.9,2.273,3.0,-15.9751,-15.9751,0.007941527292132378,-15.922383824051082
245586.505203,1620394368.557038,216.2005,0,85.78,4.09599e-06,7.926,4.056860970257994e-06,5.648124893248852e-07,1,14.1172,4.74838e-06,-9.594,4.681966762457749e-06,-7.913910914591459e-07,1,14.118,2.13591e-05,2.25,2.1342632907969225e-05,8.385543307795223e-07,5.0,1,39.317,48.472,3.442,3.664,3.514,3.683,5.917,3.528,2.2731,3.00022,-4121.0,0.4,8.9,2.273,3.0,-15.9751,-15.9751,0.0067596836015582085,-15.922100035473571
245586.659153,1620394368.710988,216.2005,0,85.78,4.09971e-06,7.944,4.060367630457534e-06,5.666010850966183e-07,1,14.1177,4.74931e-06,-9.594,4.682883755008701e-06,-7.915460903672066e-07,1,14.118,2.13591e-05,2.25,2.1342632907969225e-05,8.385543307795223e-07,5.0,1,39.317,48.472,3.442,3.729,3.514,3.683,5.917,3.528,2.27325,3.00056,-4120.9,0.4,8.8,2.273,3.0,-15.9751,-15.9751,0.008335464634001255,-15.921816142050545
245586.795111,1620394368.846946,216.2005,0,85.78,4.09971e-06,7.986,4.059951199297224e-06,5.695773375276005e-07,1,14.1177,4.74977e-06,-9.594,4.683337321216698e-06,-7.916227564937743e-07,1,14.118,2.13591e-05,2.256,2.1342544977741134e-05,8.407893214692799e-07,5.0,1,39.316,48.47,3.442,3.729,3.514,3.683,5.917,3.528,2.27312,3.00063,-4120.9,0.4,8.9,2.273,3.0,-15.9751,-15.9751,0.008729401975870132,-15.921816142050545
245586.936065,1620394368.9879,216.2005,0,85.78,4.09971e-06,8.034,4.059472606643561e-06,5.729783940171999e-07,1,14.1172,4.75024e-06,-9.594,4.683800747559652e-06,-7.917010892752673e-07,1,14.118,2.13609e-05,2.256,2.1344343582596203e-05,8.408601774874945e-07,5.0,1,39.319,48.47,3.523,3.742,3.514,3.682,5.915,3.528,2.27305,3.00041,-4121.0,0.4,8.9,2.273,3.0,-15.9751,-15.9751,0.007568434812128544,-15.922100035473571
245587.489888,1620394369.541723,216.2005,0,85.78,4.10902e-06,8.226,4.066743961666715e-06,5.879106315141016e-07,1,14.1182,4.75443e-06,-9.588,4.688015098274773e-06,-7.919084942389358e-07,1,14.118,2.13647e-05,2.262,2.134805244989975e-05,8.432453298591953e-07,5.0,1,39.319,48.474,3.58,3.67,3.513,3.681,5.913,3.528,2.27314,3.00065,-4121.0,0.4,8.9,2.273,3.0,-15.974,-15.974,0.008356339298188686,-15.922100035473571
245587.740807,1620394369.792642,216.2005,0,85.78,4.11089e-06,8.274,4.068100543299371e-06,5.915864786380457e-07,1,14.1172,4.75536e-06,-9.588,4.688932107052143e-06,-7.920633971189114e-07,1,14.118,2.13665e-05,2.262,2.1349851047324933e-05,8.43316374226481e-07,5.0,1,39.316,48.474,3.58,3.67,3.513,3.681,5.913,3.528,2.27298,3.00018,-4121.1,0.4,8.9,2.273,3.0,-15.974,-15.974,0.007962401956319809,-15.922383824051082
245587.883761,1620394369.935596,216.2005,0,85.78,4.11089e-06,8.298,4.067852383248207e-06,5.932904686592272e-07,1,14.1177,4.75676e-06,-9.594,4.690229555551266e-06,-7.927877482866172e-07,1,14.118,2.13684e-05,2.256,2.1351837769492328e-05,8.411554108967214e-07,5.0,1,39.316,48.47,3.58,3.67,3.513,3.68,5.913,3.528,2.27304,3.00084,-4121.1,0.4,8.8,2.273,3.0,-15.974,-15.974,0.008356339298188686,-15.922383824051082
245588.459579,1620394370.511414,216.2005,0,85.78,4.10344e-06,8.382,4.059607782200729e-06,5.981676088650075e-07,1,14.1177,4.76328e-06,-9.654,4.695824445128668e-06,-7.987923002458385e-07,1,14.118,2.13721e-05,2.25,2.1355622885440355e-05,8.390647083843903e-07,5.0,1,39.32,48.472,3.559,3.54,3.512,3.68,5.908,3.528,2.273,3.00071,-4120.9,0.4,8.8,2.273,3.0,-15.974,-15.974,0.008356339298188686,-15.921816142050545
245588.710497,1620394370.762332,216.2005,0,85.78,4.10157e-06,8.34,4.0581949468982095e-06,5.949203626283465e-07,1,14.1177,4.76514e-06,-9.666,4.697490637569994e-06,-8.000880761155298e-07,1,14.118,2.13721e-05,2.25,2.1355622885440355e-05,8.390647083843903e-07,5.0,1,39.32,48.472,3.559,3.54,3.511,3.68,5.908,3.527,2.27299,3.00011,-4120.9,0.4,8.9,2.273,3.0,-15.974,-15.974,0.007962401956319809,-15.921816142050545
245588.867448,1620394370.919283,216.2005,0,85.78,4.09971e-06,8.298,4.056789428597336e-06,5.916769525010205e-07,1,14.1177,4.767e-06,-9.684,4.699072546576129e-06,-8.018766750657742e-07,1,14.118,2.1374e-05,2.244,2.1357609177965554e-05,8.369027430241951e-07,5.0,1,39.32,48.474,3.559,3.54,3.511,3.679,5.908,3.527,2.27283,3.00062,-4120.9,0.4,8.8,2.273,3.0,-15.974,-15.974,0.007962401956319809,-15.921816142050545
245589.501246,1620394371.553081,216.2005,0,85.78,4.0904e-06,8.028,4.05031382512213e-06,5.712530770372595e-07,1,14.1172,4.77306e-06,-9.756,4.704033530869927e-06,-8.088079525149382e-07,1,14.118,2.13758e-05,2.238,2.1359495328135896e-05,8.347364658027392e-07,5.0,1,39.329,48.476,3.402,3.631,3.511,3.679,5.907,3.527,2.27274,3.00027,-4120.9,0.4,8.9,2.273,3.0,-15.9745,-15.9745,0.008356339298188686,-15.921816142050545
245589.759162,1620394371.810997,216.2005,0,85.78,4.0904e-06,7.986,4.050731487252846e-06,5.682838887196648e-07,1,14.1177,4.77352e-06,-9.774,4.704232527343576e-06,-8.103638189619977e-07,1,14.118,2.13758e-05,2.232,2.1359582624417485e-05,8.324997001096308e-07,5.0,1,39.322,48.476,3.402,3.631,3.511,3.679,5.907,3.527,2.27284,3.00023,-4121.0,0.4,8.9,2.273,3.0,-15.9745,-15.9745,0.008356339298188686,-15.922100035473571
245589.900117,1620394371.951952,216.2005,0,85.78,4.0904e-06,7.938,4.051206150114835e-06,5.648901568196574e-07,1,14.1177,4.77352e-06,-9.786,4.704062701968093e-06,-8.113490533381061e-07,1,14.118,2.13758e-05,2.226,2.135966968646504e-05,8.302629252871413e-07,5.0,1,39.322,48.485,3.42,3.713,3.51,3.678,5.907,3.527,2.27285,3.00069,-4121.0,0.4,8.9,2.273,3.0,-15.9745,-15.9745,0.008356339298188686,-15.922100035473571
245590.45294,1620394372.504775,216.2005,0,85.78,4.08667e-06,7.848,4.048393415100002e-06,5.580165279585742e-07,1,14.1177,4.77166e-06,-9.816,4.701804465582658e-06,-8.134948819918792e-07,1,14.118,2.13758e-05,2.214,2.1359843107854236e-05,8.257893483521363e-07,5.0,1,39.318,48.466,3.494,3.737,3.51,3.678,5.907,3.527,2.27307,3.00074,-4121.1,0.4,8.9,2.273,3.0,-15.9745,-15.9745,0.008750276640057564,-15.922383824051082
245590.698861,1620394372.750696,216.2005,0,85.78,4.08667e-06,7.824,4.0486268013450005e-06,5.563206919852481e-07,1,14.1172,4.77119e-06,-9.816,4.7013413462282144e-06,-8.134147541968275e-07,1,14.118,2.13758e-05,2.214,2.1359843107854236e-05,8.257893483521363e-07,5.0,1,39.318,48.466,3.494,3.737,3.51,3.678,5.907,3.527,2.27299,3.00044,-4121.1,0.4,8.9,2.273,3.0,-15.9734,-15.9734,0.008750276640057564,-15.922383824051082
245590.837818,1620394372.889653,216.2005,0,85.78,4.08854e-06,7.8,4.050712175681116e-06,5.548785465205508e-07,1,14.1172,4.77073e-06,-9.81,4.700973227082836e-06,-8.128440509411309e-07,1,14.118,2.13758e-05,2.214,2.1359843107854236e-05,8.257893483521363e-07,5.0,1,39.323,48.472,3.494,3.737,3.509,3.678,5.907,3.527,2.27305,3.00054,-4121.1,0.4,8.8,2.273,3.0,-15.9734,-15.9734,0.008356339298188686,-15.922383824051082
245590.983771,1620394373.035606,216.2005,0,85.78,4.08854e-06,7.8,4.050712175681116e-06,5.548785465205508e-07,1,14.1177,4.77073e-06,-9.81,4.700973227082836e-06,-8.128440509411309e-07,1,14.118,2.1374e-05,2.202,2.1358216921459407e-05,8.212465743521009e-07,5.0,1,39.322,48.472,3.572,3.717,3.509,3.677,5.906,3.527,2.27304,2.99993,-4121.0,0.4,8.8,2.273,3.0,-15.9734,-15.9734,0.008356339298188686,-15.922100035473571
245591.459619,1620394373.511454,216.2005,0,85.78,4.08667e-06,7.686,4.049954985374129e-06,5.465677500029036e-07,1,14.1177,4.7684e-06,-9.774,4.699186843961082e-06,-8.094946358951863e-07,1,14.118,2.13721e-05,2.19,2.1356489842258214e-05,8.167006964132106e-07,5.0,1,39.322,48.472,3.602,3.717,3.509,3.676,5.903,3.527,2.27291,3.00031,-4121.0,0.4,8.9,2.273,3.0,-15.9734,-15.9734,0.008356339298188686,-15.922100035473571
245591.697542,1620394373.749377,216.2005,0,85.78,4.08481e-06,7.662,4.048340182198121e-06,5.446232691504143e-07,1,14.1177,4.76747e-06,-9.762,4.698439746926089e-06,-8.083527357565597e-07,1,14.118,2.13702e-05,2.184,2.1354676630019974e-05,8.1439183890732e-07,5.0,1,39.32,48.472,3.602,3.616,3.509,3.676,5.903,3.526,2.27294,3.00044,-4121.0,0.4,8.9,2.273,3.0,-15.9734,-15.9734,0.008356339298188686,-15.922100035473571
245591.834498,1620394373.886333,216.2005,0,85.78,4.08481e-06,7.662,4.048340182198121e-06,5.446232691504143e-07,1,14.1177,4.767e-06,-9.75,4.698145733529857e-06,-8.072890848483002e-07,1,14.118,2.13702e-05,2.184,2.1354676630019974e-05,8.1439183890732e-07,5.0,1,39.32,48.48,3.602,3.616,3.508,3.676,5.903,3.526,2.27303,2.9997,-4121.1,0.4,8.9,2.273,3.0,-15.9734,-15.9734,0.008750276640057564,-15.922383824051082
245592.001444,1620394374.053279,216.2005,0,85.78,4.08481e-06,7.644,4.048511080863862e-06,5.433514187176916e-07,1,14.1177,4.767e-06,-9.732,4.6983991190273165e-06,-8.058130790222647e-07,1,14.118,2.13665e-05,2.178,2.135106446878799e-05,8.120149627062986e-07,5.0,1,39.32,48.475,3.6,3.541,3.507,3.675,5.902,3.526,2.27299,3.00009,-4120.9,0.4,8.8,2.273,3.0,-15.974,-15.974,0.008335464634001255,-15.921816142050545
245592.547271,1620394374.599106,216.2005,0,85.78,4.08481e-06,7.662,4.048340182198121e-06,5.446232691504143e-07,1,14.1182,4.767e-06,-9.648,4.699575452957561e-06,-7.989240026177341e-07,1,14.118,2.13665e-05,2.184,2.135097931770979e-05,8.142508364925574e-07,5.0,1,39.32,48.475,3.501,3.542,3.507,3.675,5.901,3.526,2.27303,3.00083,-4121.0,0.4,8.9,2.273,3.0,-15.974,-15.974,0.008335464634001255,-15.922100035473571
245592.789192,1620394374.841027,216.2005,0,85.78,4.08667e-06,7.686,4.049954985374129e-06,5.465677500029036e-07,1,14.1177,4.767e-06,-9.63,4.699826210416421e-06,-7.97447548044901e-07,1,14.118,2.13665e-05,2.19,2.1350893932491897e-05,8.164867013495567e-07,5.0,1,39.325,48.475,3.501,3.542,3.507,3.675,5.901,3.526,2.27299,3.00061,-4121.1,0.4,8.9,2.273,3.0,-15.974,-15.974,0.009517302736639977,-15.922383824051082
245592.928148,1620394374.979983,216.2005,0,85.78,4.08854e-06,7.704,4.051636197283849e-06,5.480907374324802e-07,1,14.1182,4.7684e-06,-9.606,4.701540202134328e-06,-7.957124403417965e-07,1,14.118,2.13665e-05,2.19,2.1350893932491897e-05,8.164867013495567e-07,5.0,1,39.325,48.476,3.413,3.599,3.507,3.675,5.9,3.526,2.27298,3.00091,-4121.0,0.4,9.0,2.273,3.0,-15.974,-15.974,0.0067596836015582085,-15.922100035473571
245593.470974,1620394375.522809,216.2005,0,85.78,4.11089e-06,7.758,4.073263266316445e-06,5.54926081002764e-07,1,14.1177,4.77352e-06,-9.534,4.707585691358817e-06,-7.906517241578163e-07,1,14.118,2.13702e-05,2.214,2.1354247288216894e-05,8.255730092981233e-07,5.0,1,39.316,48.476,3.396,3.66,3.506,3.674,5.901,3.526,2.27314,3.0006,-4121.0,0.4,8.9,2.273,3.0,-15.974,-15.974,0.008335464634001255,-15.922100035473571
245593.726894,1620394375.778729,216.2005,0,85.78,4.11647e-06,7.794,4.078442244192643e-06,5.582419920472442e-07,1,14.1172,4.77539e-06,-9.522,4.709595417248616e-06,-7.899750995637999e-07,1,14.118,2.13721e-05,2.214,2.1356145869879564e-05,8.25646410048592e-07,5.0,1,39.324,48.476,3.396,3.66,3.506,3.674,5.901,3.525,2.27286,3.00043,-4121.0,0.4,9.0,2.273,3.0,-15.974,-15.974,0.007941527292132378,-15.922100035473571
245593.883842,1620394375.935677,216.2005,0,85.78,4.12393e-06,7.824,4.0855399444708505e-06,5.613929167999189e-07,1,14.1177,4.77678e-06,-9.516,4.711048990291797e-06,-7.897117065553953e-07,1,14.118,2.1374e-05,2.22,2.1357957865257424e-05,8.279564154522577e-07,5.0,1,39.324,48.476,3.396,3.66,3.506,3.674,5.901,3.525,2.27287,3.00059,-4121.0,0.4,8.9,2.273,3.0,-15.9734,-15.9734,0.008335464634001255,-15.922100035473571
245594.022799,1620394376.074634,216.2005,0,85.78,4.12951e-06,7.842,4.090891192413992e-06,5.634377445021132e-07,1,14.1182,4.78004e-06,-9.51,4.714346859980649e-06,-7.8975697869066e-07,1,14.118,2.1374e-05,2.232,2.1357783990040106e-05,8.324295974954504e-07,5.0,1,39.32,48.47,3.515,3.725,3.505,3.673,5.901,3.525,2.27268,3.00035,-4121.0,0.4,9.0,2.273,3.0,-15.9734,-15.9734,0.008335464634001255,-15.922100035473571
245594.621276,1620394376.673111,216.2005,0,85.78,4.15559e-06,7.974,4.115410105321404e-06,5.764788921707939e-07,1,14.1177,4.7861e-06,-9.534,4.719991929941099e-06,-7.927353854161551e-07,1,14.118,2.13777e-05,2.238,2.1361393878885973e-05,8.348106618227724e-07,5.0,1,39.327,48.47,3.515,3.741,3.505,3.673,5.9,3.525,2.27289,3.00085,-4121.0,0.4,8.9,2.273,3.0,-15.9734,-15.9734,0.007153622340410948,-15.922100035473571
245594.880194,1620394376.932029,216.2005,0,85.78,4.15932e-06,8.04,4.118436655644573e-06,5.817408150053982e-07,1,14.1177,4.78842e-06,-9.546,4.722113670748379e-06,-7.94108668213157e-07,1,14.118,2.13777e-05,2.238,2.1361393878885973e-05,8.348106618227724e-07,5.0,1,39.327,48.481,3.515,3.741,3.505,3.673,5.9,3.525,2.27282,3.00038,-4121.0,0.4,8.9,2.273,3.0,-15.9734,-15.9734,0.0067596836015582085,-15.922100035473571
245595.021148,1620394377.072983,216.2005,0,85.78,4.16304e-06,8.052,4.121998051633959e-06,5.831244326263901e-07,1,14.1177,4.78936e-06,-9.564,4.722790895718444e-06,-7.95748305005408e-07,1,14.118,2.13796e-05,2.238,2.1363292429636047e-05,8.348848578428056e-07,5.0,1,39.325,48.474,3.576,3.673,3.504,3.672,5.899,3.525,2.27285,3.00022,-4121.0,0.4,8.9,2.273,3.0,-15.9734,-15.9734,0.008335464634001255,-15.922100035473571
245595.627956,1620394377.679791,216.2005,0,85.78,4.1649e-06,8.28,4.12148557636818e-06,5.99790508251875e-07,1,14.1182,4.79262e-06,-9.648,4.724833083145262e-06,-8.032177791956797e-07,1,14.118,2.13777e-05,2.238,2.1361393878885973e-05,8.348106618227724e-07,5.0,1,39.326,48.474,3.608,3.585,3.504,3.672,5.897,3.525,2.27293,3.00068,-4120.9,0.4,8.9,2.273,3.0,-15.974,-15.974,0.008335464634001255,-15.921816142050545
245595.884873,1620394377.936708,216.2005,0,85.78,4.1649e-06,8.304,4.12123397513777e-06,6.015168594230245e-07,1,14.1177,4.79262e-06,-9.66,4.724664753981017e-06,-8.042073282988045e-07,1,14.118,2.13777e-05,2.238,2.1361393878885973e-05,8.348106618227724e-07,5.0,1,39.326,48.477,3.608,3.585,3.504,3.672,5.897,3.525,2.27282,3.00016,-4121.0,0.4,8.9,2.273,3.0,-15.974,-15.974,0.008335464634001255,-15.922100035473571
245596.026828,1620394378.078663,216.2005,0,85.78,4.16304e-06,8.304,4.1193934759196e-06,6.012482283974233e-07,1,14.1177,4.79168e-06,-9.684,4.723400868466101e-06,-8.060281993663034e-07,1,14.118,2.13777e-05,2.238,2.1361393878885973e-05,8.348106618227724e-07,5.0,1,39.326,48.482,3.562,3.537,3.503,3.671,5.895,3.524,2.27309,3.00007,-4121.0,0.4,8.9,2.273,3.0,-15.974,-15.974,0.008335464634001255,-15.922100035473571
245596.60736,1620394378.659195,216.2005,0,85.78,4.15745e-06,8.316,4.1137362368356775e-06,6.013024831522305e-07,1,14.1172,4.78936e-06,-9.762,4.720012792180744e-06,-8.120643147252182e-07,1,14.118,2.13758e-05,2.238,2.1359495328135896e-05,8.347364658027392e-07,5.0,1,39.322,48.482,3.465,3.556,3.503,3.671,5.895,3.524,2.27295,3.00029,-4121.1,0.4,8.8,2.273,3.0,-15.974,-15.974,0.008335464634001255,-15.922383824051082
245596.864278,1620394378.916113,216.2005,0,85.78,4.15559e-06,8.322,4.1118328312965e-06,6.014640600835639e-07,1,14.1177,4.78842e-06,-9.786,4.718745898908575e-06,-8.138815871694796e-07,1,14.118,2.13758e-05,2.238,2.1359495328135896e-05,8.347364658027392e-07,5.0,1,39.322,48.474,3.465,3.556,3.503,3.671,5.895,3.524,2.273,2.99988,-4121.0,0.4,8.9,2.273,3.0,-15.974,-15.974,0.008335464634001255,-15.922100035473571
245597.002233,1620394379.054068,216.2005,0,85.78,4.15187e-06,8.328,4.108089050516272e-06,6.013558430150246e-07,1,14.1177,4.78842e-06,-9.804,4.7184899776104916e-06,-8.153639847266653e-07,1,14.118,2.1374e-05,2.244,2.1357609177965554e-05,8.369027430241951e-07,5.0,1,39.32,48.474,3.405,3.624,3.502,3.67,5.895,3.524,2.27301,3.00004,-4121.0,0.4,9.0,2.273,3.0,-15.974,-15.974,0.008314382284879684,-15.922100035473571
245597.521067,1620394379.572902,216.2005,0,85.78,4.14255e-06,8.346,4.098678629057633e-06,6.01293603995788e-07,1,14.1177,4.78656e-06,-9.864,4.715801039483252e-06,-8.199860911068449e-07,1,14.118,2.1374e-05,2.238,2.135769670110951e-05,8.346661748363919e-07,5.0,1,39.32,48.477,3.414,3.704,3.502,3.67,5.896,3.524,2.27295,2.99953,-4121.0,0.4,8.9,2.273,3.0,-15.974,-15.974,0.008314382284879684,-15.922100035473571
245597.779983,1620394379.831818,216.2005,0,85.78,4.13696e-06,8.334,4.093273504468014e-06,5.996249321201883e-07,1,14.1182,4.7861e-06,-9.876,4.71517601519177e-06,-8.20894850611366e-07,1,14.118,2.1374e-05,2.238,2.135769670110951e-05,8.346661748363919e-07,5.0,1,39.324,48.477,3.414,3.704,3.502,3.67,5.896,3.524,2.27298,3.00026,-4121.0,0.4,8.8,2.273,3.0,-15.974,-15.974,0.00870834942907095,-15.922100035473571
245597.920946,1620394379.972781,216.2005,0,85.78,4.13324e-06,8.34,4.089530029310131e-06,5.995140006460908e-07,1,14.1177,4.7847e-06,-9.882,4.713710796823423e-06,-8.211483507322516e-07,1,14.118,2.1374e-05,2.238,2.135769670110951e-05,8.346661748363919e-07,5.0,1,39.324,48.482,3.414,3.704,3.502,3.669,5.896,3.524,2.27296,3.00018,-4121.0,0.4,8.9,2.273,3.0,-15.974,-15.974,0.00870834942907095,-15.922100035473571
245598.436781,1620394380.488616,216.2005,0,85.78,4.12206e-06,8.346,4.07840562689486e-06,5.983194682712043e-07,1,14.1177,4.78097e-06,-9.876,4.71012203534222e-06,-8.200149712558081e-07,1,14.118,2.13702e-05,2.238,2.135389959960936e-05,8.345177827963257e-07,5.0,1,39.322,48.477,3.558,3.733,3.501,3.669,5.895,3.524,2.27292,3.00009,-4121.1,0.4,8.9,2.273,3.0,-15.974,-15.974,0.008314382284879684,-15.922383824051082
245598.684701,1620394380.736536,216.2005,0,85.78,4.1202e-06,8.346,4.076565325087992e-06,5.980494881615058e-07,1,14.1177,4.78004e-06,-9.864,4.709377423613519e-06,-8.188691492291673e-07,1,14.118,2.13684e-05,2.238,2.135210097258297e-05,8.344474918299784e-07,5.0,1,39.322,48.477,3.558,3.718,3.501,3.669,5.895,3.524,2.2729,2.99999,-4121.0,0.4,8.9,2.273,3.0,-15.974,-15.974,0.008314382284879684,-15.922100035473571
245598.824656,1620394380.876491,216.2005,0,85.78,4.11834e-06,8.394,4.074222798850675e-06,6.011929315331126e-07,1,14.1177,4.77865e-06,-9.852,4.708179322186177e-06,-8.176449673535053e-07,1,14.118,2.13684e-05,2.238,2.135210097258297e-05,8.344474918299784e-07,5.0,1,39.327,48.477,3.558,3.718,3.501,3.669,5.895,3.523,2.27303,2.99955,-4121.0,0.4,9.0,2.273,3.0,-15.974,-15.974,0.007526478264480829,-15.922100035473571
245598.991604,1620394381.043439,216.2005,0,85.78,4.11834e-06,8.4,4.074159819734793e-06,6.016195798497223e-07,1,14.1177,4.77818e-06,-9.834,4.707972866426184e-06,-8.160855355873065e-07,1,14.118,2.13684e-05,2.238,2.135210097258297e-05,8.344474918299784e-07,5.0,1,39.326,48.477,3.588,3.62,3.5,3.668,5.893,3.523,2.27274,3.00043,-4121.1,0.4,9.0,2.273,3.0,-15.9729,-15.9729,0.008314382284879684,-15.922383824051082
245599.522433,1620394381.574268,216.2005,0,85.78,4.11647e-06,8.52,4.071041492856572e-06,6.098741053202175e-07,1,14.1182,4.77399e-06,-9.762,4.704865341035743e-06,-8.094582403191751e-07,1,14.118,2.13684e-05,2.25,2.1351925738006264e-05,8.389194470660816e-07,5.0,1,39.326,48.48,3.601,3.538,3.5,3.667,5.892,3.523,2.27303,2.99989,-4120.9,0.4,8.9,2.273,3.0,-15.9729,-15.9729,0.008314382284879684,-15.921816142050545
245599.779503,1620394381.831338,216.2005,0,85.78,4.11647e-06,8.52,4.071041492856572e-06,6.098741053202175e-07,1,14.1177,4.77259e-06,-9.744,4.703739604358832e-06,-8.077431785451492e-07,1,14.118,2.13702e-05,2.25,2.1353724350271496e-05,8.38990114734448e-07,5.0,1,39.33,48.48,3.601,3.538,3.499,3.667,5.892,3.523,2.27299,3.00038,-4121.0,0.4,8.8,2.273,3.0,-15.9729,-15.9729,0.008314382284879684,-15.922100035473571
245599.921455,1620394381.97329,216.2005,0,85.78,4.11647e-06,8.52,4.071041492856572e-06,6.098741053202175e-07,1,14.1177,4.77119e-06,-9.732,4.702528821630363e-06,-8.065213560940295e-07,1,14.118,2.13702e-05,2.25,2.1353724350271496e-05,8.38990114734448e-07,5.0,1,39.33,48.485,3.601,3.538,3.499,3.667,5.892,3.523,2.27299,3.00058,-4121.0,0.4,9.0,2.273,3.0,-15.9729,-15.9729,0.00870834942907095,-15.922100035473571
245600.077405,1620394382.12924,216.2005,0,85.78,4.11647e-06,8.52,4.071041492856572e-06,6.098741053202175e-07,1,14.1182,4.76933e-06,-9.714,4.700948633900337e-06,-8.047301350953374e-07,1,14.118,2.1374e-05,2.244,2.1357609177965554e-05,8.369027430241951e-07,5.0,1,39.326,48.482,3.505,3.54,3.499,3.667,5.891,3.523,2.27299,3.00035,-4121.0,0.4,8.9,2.273,3.0,-15.9729,-15.9729,0.008314382284879684,-15.922100035473571
245600.536259,1620394382.588094,216.2005,0,85.78,4.11275e-06,8.508,4.067490073099473e-06,6.084710903052313e-07,1,14.1177,4.76607e-06,-9.684,4.698155798628086e-06,-8.017202359409973e-07,1,14.118,2.13758e-05,2.238,2.1359495328135896e-05,8.347364658027392e-07,5.0,1,39.326,48.482,3.413,3.603,3.499,3.667,5.89,3.523,2.27301,3.00052,-4121.1,0.4,8.9,2.273,3.0,-15.9729,-15.9729,0.007920444943010807,-15.922383824051082
