time,abs_time,angle,is_rotating,Freq_363-x,V_363-x_R,V_363-x_theta,V_363-x_X,V_363-x_Y,Harm_363-x,Freq_367-y,V_367-y_R,V_367-y_theta,V_367-y_X,V_367-y_Y,Harm_367-y,Freq_367-x,V_367-x_R,V_367-x_theta,V_367-x_X,V_367-x_Y,Vout_367-x,Harm_367-x,CFMS_1st stage A,CFMS_1st stage B,CFMS_2nd stage A,CFMS_2nd stage B,CFMS_Inner Magnet,CFMS_Outer Magnet,CFMS_Switch,CFMS_He Pot,Tvti,Tsample,sC,H1,H2,SP1,SP2,Magnet_output_field,Magnet_magnet_field,Vti-Pressure,Hanalog
248432.129915,1620397214.18175,267.0031,0,85.78,3.23729e-06,1.416,3.2363014224420768e-06,7.999779496579035e-08,1,14.1177,5.2187e-06,-173.028,-5.180110791047654e-06,-6.334681384818415e-07,1,14.118,1.67267e-05,-0.048,1.672669413027903e-05,-1.4012925784544755e-08,5.0,1,38.793,47.721,4.059,4.277,5.487,4.855,9.309,3.945,2.27561,3.00002,-54.434,0.4,10.5,2.273,3.0,-0.2348,-0.2348,0.010988734662532806,-0.24096342755530903
248432.30386,1620397214.355695,267.0031,0,85.78,3.23543e-06,1.386,3.2344834097429516e-06,7.825827111309259e-08,1,14.1177,5.2187e-06,-173.022,-5.1800444260163015e-06,-6.340105949410021e-07,1,14.118,1.67267e-05,-0.048,1.672669413027903e-05,-1.4012925784544755e-08,5.0,1,38.797,47.721,4.059,4.277,5.471,4.855,9.309,3.945,2.27563,2.99993,-54.429,0.4,10.6,2.273,3.0,-0.2348,-0.2348,0.010988734662532806,-0.24094051621204488
248432.45681,1620397214.508645,267.0031,0,85.78,3.23543e-06,1.386,3.2344834097429516e-06,7.825827111309259e-08,1,14.1177,5.2187e-06,-173.016,-5.179978004179406e-06,-6.345530444474586e-07,1,14.118,1.67248e-05,-0.048,1.6724794130945774e-05,-1.4011334044453126e-08,5.0,1,38.797,47.714,4.059,4.277,5.471,4.852,9.309,3.945,2.27566,2.9999,-54.426,0.4,10.6,2.273,3.0,-0.2348,-0.2348,0.010988734662532806,-0.24092676940608637
248432.631755,1620397214.68359,267.0031,0,85.78,3.23543e-06,1.266,3.2346402193495263e-06,7.148381821397907e-08,1,14.1182,5.21823e-06,-172.992,-5.179245260101839e-06,-6.366654291012106e-07,1,14.118,1.67248e-05,-0.048,1.6724794130945774e-05,-1.4011334044453126e-08,5.0,1,38.792,47.715,4.054,4.085,5.456,4.848,9.141,3.945,2.27557,2.99937,-54.414,0.4,10.6,2.273,3.0,-0.2354,-0.2354,0.010594773106276989,-0.24087178218225233
248433.25453,1620397215.306365,267.0031,0,85.78,3.23543e-06,1.236,3.234677204790027e-06,6.979015483416701e-08,1,14.1177,5.2173e-06,-172.992,-5.1783222080148495e-06,-6.365519617283536e-07,1,14.118,1.67229e-05,-0.048,1.672289413161252e-05,-1.4009742304361497e-08,5.0,1,38.794,47.715,4.054,4.085,5.456,4.848,9.141,3.945,2.27553,2.99929,-54.413,0.4,10.6,2.273,3.0,-0.2354,-0.2354,0.010988734662532806,-0.24086719991359945
248433.399483,1620397215.451318,267.0031,0,85.78,3.23543e-06,1.236,3.234677204790027e-06,6.979015483416701e-08,1,14.1177,5.21683e-06,-172.992,-5.177855719325726e-06,-6.36494618002286e-07,1,14.118,1.67229e-05,-0.054,1.6722892572822213e-05,-1.576095960269824e-08,5.0,1,38.794,47.719,4.054,4.085,5.441,4.844,9.141,3.945,2.27566,2.99927,-54.409,0.4,10.6,2.273,3.0,-0.2354,-0.2354,0.011776688508689404,-0.24084887083898815
248433.553435,1620397215.60527,267.0031,0,85.78,3.23543e-06,1.236,3.234677204790027e-06,6.979015483416701e-08,1,14.1177,5.2159e-06,-172.992,-5.176932667238736e-06,-6.363811506294289e-07,1,14.118,1.67229e-05,-0.054,1.6722892572822213e-05,-1.576095960269824e-08,5.0,1,38.789,47.719,3.907,4.111,5.425,4.844,9.059,3.946,2.27554,2.99946,-54.407,0.4,10.6,2.273,3.0,-0.2354,-0.2354,0.010988734662532806,-0.24083970630168247
248434.104257,1620397216.156092,267.0031,0,85.78,3.23729e-06,1.182,3.2366011480443252e-06,6.677988153744387e-08,1,14.1177,5.21404e-06,-173.004,-5.175219685388843e-06,-6.350703343440038e-07,1,14.118,1.67211e-05,-0.054,1.6721092573621655e-05,-1.575926314291645e-08,5.0,1,38.797,47.719,3.853,4.202,5.425,4.841,8.977,3.946,2.27553,2.99965,-54.404,0.4,10.6,2.273,3.0,-0.2354,-0.2354,0.011382726952433586,-0.240825959495724
248434.362681,1620397216.414516,267.0031,0,85.78,3.23915e-06,1.176,3.238467731695177e-06,6.647911904574165e-08,1,14.1177,5.21404e-06,-173.004,-5.175219685388843e-06,-6.350703343440038e-07,1,14.118,1.67211e-05,-0.054,1.6721092573621655e-05,-1.575926314291645e-08,5.0,1,38.797,47.719,3.853,4.202,5.409,4.841,8.977,3.946,2.27539,2.9996,-54.403,0.4,10.6,2.273,3.0,-0.2354,-0.2354,0.011382726952433586,-0.24082137722707112
248434.506636,1620397216.558471,267.0031,0,85.78,3.23915e-06,1.176,3.238467731695177e-06,6.647911904574165e-08,1,14.1177,5.21404e-06,-173.004,-5.175219685388843e-06,-6.350703343440038e-07,1,14.118,1.67211e-05,-0.054,1.6721092573621655e-05,-1.575926314291645e-08,5.0,1,38.797,47.728,3.859,4.313,5.409,4.837,8.902,3.946,2.27563,2.99943,-54.403,0.4,10.6,2.273,3.0,-0.2354,-0.2354,0.010594773106276989,-0.24082137722707112
248435.100444,1620397217.152279,267.0031,0,85.78,3.24474e-06,1.116,3.2441245124098546e-06,6.319664216967612e-08,1,14.1177,5.2159e-06,-172.992,-5.176932667238736e-06,-6.363811506294289e-07,1,14.118,1.67211e-05,-0.054,1.6721092573621655e-05,-1.575926314291645e-08,5.0,1,38.801,47.727,3.937,4.343,5.393,4.832,8.824,3.946,2.27537,2.99983,-54.402,0.4,10.5,2.273,3.0,-0.2354,-0.2354,0.010988734662532806,-0.2408167949584183
248435.272392,1620397217.324227,267.0031,0,85.78,3.24661e-06,1.086,3.2460268214929246e-06,6.153345633507358e-08,1,14.1177,5.21637e-06,-172.986,-5.177332479856436e-06,-6.369806668366074e-07,1,14.118,1.67211e-05,-0.054,1.6721092573621655e-05,-1.575926314291645e-08,5.0,1,38.795,47.727,3.937,4.343,5.377,4.832,8.824,3.946,2.2753,2.99991,-54.402,0.4,10.5,2.273,3.0,-0.2354,-0.2354,0.011382726952433586,-0.2408167949584183
248435.433338,1620397217.485173,267.0031,0,85.78,3.24847e-06,1.056,3.2479182794728974e-06,5.986811142681513e-08,1,14.1177,5.2173e-06,-172.974,-5.178121973781523e-06,-6.381787481896758e-07,1,14.118,1.67211e-05,-0.054,1.6721092573621655e-05,-1.575926314291645e-08,5.0,1,38.795,47.725,3.937,4.343,5.377,4.828,8.824,3.946,2.2751,2.99987,-54.402,0.4,10.6,2.273,3.0,-0.2354,-0.2354,0.010988734662532806,-0.2408167949584183
248435.58029,1620397217.632125,267.0031,0,85.78,3.24847e-06,1.056,3.2479182794728974e-06,5.986811142681513e-08,1,14.1182,5.21823e-06,-172.968,-5.178978119944092e-06,-6.388348503645987e-07,1,14.118,1.67211e-05,-0.054,1.6721092573621655e-05,-1.575926314291645e-08,5.0,1,38.795,47.725,4.043,4.312,5.377,4.828,8.751,3.946,2.27525,2.99979,-54.401,0.4,10.6,2.273,3.0,-0.2354,-0.2354,0.011382726952433586,-0.2408122126897655
248436.099127,1620397218.150962,267.0031,0,85.78,3.25592e-06,0.966,3.2554572542590745e-06,5.4891821722077335e-08,1,14.1177,5.22102e-06,-172.938,-5.1814117511005115e-06,-6.418894811083369e-07,1,14.118,1.67211e-05,-0.054,1.6721092573621655e-05,-1.575926314291645e-08,5.0,1,38.794,47.729,4.078,4.216,5.361,4.823,8.673,3.946,2.27542,2.99975,-54.399,0.4,10.6,2.273,3.0,-0.2354,-0.2354,0.012170678935945034,-0.2408030481524598
248436.363042,1620397218.414877,267.0031,0,85.78,3.25778e-06,0.936,3.2573453011099737e-06,5.321764497581514e-08,1,14.1172,5.22102e-06,-172.932,-5.18134450418109e-06,-6.424320737575448e-07,1,14.118,1.67211e-05,-0.054,1.6721092573621655e-05,-1.575926314291645e-08,5.0,1,38.794,47.72,4.078,4.216,5.345,4.823,8.673,3.946,2.27553,2.99976,-54.399,0.4,10.6,2.273,3.0,-0.2354,-0.2354,0.011382726952433586,-0.2408030481524598
248436.505997,1620397218.557832,267.0031,0,85.78,3.25778e-06,0.906,3.257372719292606e-06,5.151209574742417e-08,1,14.1177,5.22102e-06,-172.926,-5.181277200441868e-06,-6.429746593616922e-07,1,14.118,1.67211e-05,-0.054,1.6721092573621655e-05,-1.575926314291645e-08,5.0,1,38.794,47.72,4.079,4.216,5.345,4.818,8.604,3.946,2.27525,2.99974,-54.399,0.4,10.6,2.273,3.0,-0.2354,-0.2354,0.011382726952433586,-0.2408030481524598
248436.657948,1620397218.709783,267.0031,0,85.78,3.25964e-06,0.876,3.2592590270590975e-06,4.9834968985499043e-08,1,14.1177,5.22102e-06,-172.914,-5.181142422506975e-06,-6.440598094110207e-07,1,14.118,1.67211e-05,-0.048,1.672109413224418e-05,-1.4008234340064168e-08,5.0,1,38.793,47.729,3.954,4.089,5.329,4.814,8.604,3.946,2.27536,2.99945,-54.398,0.4,10.6,2.273,3.0,-0.2354,-0.2354,0.011382726952433586,-0.24079846588380696
248437.172782,1620397219.224617,267.0031,0,85.78,3.25964e-06,0.792,3.25932858622011e-06,4.505659383949964e-08,1,14.1177,5.22102e-06,-172.902,-5.181007417301745e-06,-6.45144931208727e-07,1,14.118,1.67211e-05,-0.048,1.672109413224418e-05,-1.4008234340064168e-08,5.0,1,38.799,47.729,3.954,4.079,5.313,4.814,8.534,3.946,2.27543,2.99922,-54.398,0.4,10.6,2.273,3.0,-0.2354,-0.2354,0.011382726952433586,-0.24079846588380696
248437.415705,1620397219.46754,267.0031,0,85.78,3.25964e-06,0.762,3.2593517310146905e-06,4.3350007284199995e-08,1,14.1177,5.22102e-06,-172.902,-5.181007417301745e-06,-6.45144931208727e-07,1,14.118,1.67211e-05,-0.042,1.672109550749939e-05,-1.22572053835944e-08,5.0,1,38.799,47.733,3.954,4.079,5.313,4.814,8.534,3.946,2.27565,2.99931,-54.397,0.4,10.6,2.273,3.0,-0.2354,-0.2354,0.010988734662532806,-0.24079388361515408
248437.557659,1620397219.610494,267.0031,0,85.78,3.25964e-06,0.732,3.2593739822395082e-06,4.164340884425e-08,1,14.1177,5.22102e-06,-172.902,-5.181007417301745e-06,-6.45144931208727e-07,1,14.118,1.67211e-05,-0.042,1.672109550749939e-05,-1.22572053835944e-08,5.0,1,38.797,47.733,3.857,4.153,5.313,4.809,8.469,3.946,2.27563,2.99936,-54.397,0.4,10.6,2.273,3.0,-0.2354,-0.2354,0.010988734662532806,-0.24079388361515408
248438.099486,1620397220.151321,267.0031,0,85.78,3.26151e-06,0.642,3.261305257045403e-06,3.6544499832596915e-08,1,14.1177,5.22195e-06,-172.896,-5.181862690149607e-06,-6.458024952998244e-07,1,14.118,1.67211e-05,-0.03,1.6721097707907803e-05,-8.755147086611154e-09,5.0,1,38.797,47.723,3.839,4.241,5.299,4.804,8.402,3.946,2.27544,2.99978,-54.396,0.4,10.6,2.273,3.0,-0.2354,-0.2354,0.011382726952433586,-0.24078930134650128
248438.358596,1620397220.410431,267.0031,0,85.78,3.26151e-06,0.618,3.2613202786555405e-06,3.5178404314950675e-08,1,14.1177,5.22242e-06,-172.896,-5.182329082103641e-06,-6.458606205543349e-07,1,14.118,1.67211e-05,-0.03,1.6721097707907803e-05,-8.755147086611154e-09,5.0,1,38.791,47.723,3.839,4.241,5.285,4.804,8.402,3.946,2.27551,2.99971,-54.395,0.4,10.6,2.273,3.0,-0.2354,-0.2354,0.011382726952433586,-0.24078471907784846
248438.50055,1620397220.552385,267.0031,0,85.78,3.26151e-06,0.588,3.2613382509694e-06,3.347077626605896e-08,1,14.1177,5.22289e-06,-172.896,-5.182795474057675e-06,-6.459187458088454e-07,1,14.118,1.67192e-05,-0.03,1.671919770816825e-05,-8.754152248982973e-09,5.0,1,38.791,47.725,3.898,4.241,5.285,4.799,8.402,3.946,2.27552,2.99974,-54.395,0.4,10.6,2.273,3.0,-0.2354,-0.2354,0.010988734662532806,-0.24078471907784846
248438.653503,1620397220.705338,267.0031,0,85.78,3.25964e-06,0.588,3.259468349442404e-06,3.3451585660597836e-08,1,14.1177,5.22335e-06,-172.896,-5.1832519427786456e-06,-6.45975634355813e-07,1,14.118,1.67192e-05,-0.024,1.6719198533227666e-05,-7.0033219143864095e-09,5.0,1,38.792,47.725,4.004,4.322,5.271,4.794,8.337,3.946,2.27547,2.99956,-54.393,0.4,10.6,2.273,3.0,-0.2354,-0.2354,0.010988734662532806,-0.24077555454054278
248439.205325,1620397221.25716,267.0031,0,85.78,3.25778e-06,0.468,3.257671323464819e-06,2.6609710163288575e-08,1,14.1177,5.22335e-06,-172.902,-5.183319560768406e-06,-6.454328419406752e-07,1,14.118,1.67192e-05,-0.018,1.671919917494056e-05,-5.252491502989823e-09,5.0,1,38.79,47.715,4.004,4.34,5.257,4.794,8.275,3.946,2.27581,2.99932,-54.387,0.4,10.6,2.273,3.0,-0.2348,-0.2348,0.011382726952433586,-0.24074806092862572
248439.47424,1620397221.526075,267.0031,0,85.78,3.25592e-06,0.468,3.2558113855127035e-06,2.6594517590154813e-08,1,14.1177,5.22335e-06,-172.902,-5.183319560768406e-06,-6.454328419406752e-07,1,14.118,1.67192e-05,-0.018,1.671919917494056e-05,-5.252491502989823e-09,5.0,1,38.79,47.715,4.056,4.34,5.257,4.789,8.275,3.946,2.27574,2.9994,-54.386,0.4,10.6,2.273,3.0,-0.2348,-0.2348,0.01020077895373106,-0.24074347865997292
248439.614194,1620397221.666029,267.0031,0,85.78,3.25592e-06,0.498,3.255797014356913e-06,2.8299252721775374e-08,1,14.1177,5.22289e-06,-172.902,-5.182863086092584e-06,-6.45376001195312e-07,1,14.118,1.67192e-05,-0.018,1.671919917494056e-05,-5.252491502989823e-09,5.0,1,38.788,47.715,4.056,4.254,5.242,4.789,8.213,3.946,2.27554,2.99931,-54.382,0.4,10.6,2.273,3.0,-0.2348,-0.2348,0.010594773106276989,-0.24072514958536156
248440.166052,1620397222.217887,267.0031,0,85.78,3.25592e-06,0.498,3.255797014356913e-06,2.8299252721775374e-08,1,14.1177,5.22149e-06,-172.914,-5.181608832698581e-06,-6.441177881413115e-07,1,14.118,1.67192e-05,-0.018,1.671919917494056e-05,-5.252491502989823e-09,5.0,1,38.795,47.727,4.087,4.107,5.228,4.783,8.151,3.946,2.27542,2.99934,-54.374,0.4,10.6,2.273,3.0,-0.2348,-0.2348,0.011382726952433586,-0.2406884914361389
248440.440962,1620397222.492797,267.0031,0,85.78,3.25406e-06,0.468,3.253951447560587e-06,2.6579325017021048e-08,1,14.1177,5.22149e-06,-172.914,-5.181608832698581e-06,-6.441177881413115e-07,1,14.118,1.67192e-05,-0.018,1.671919917494056e-05,-5.252491502989823e-09,5.0,1,38.795,47.724,4.087,4.107,5.228,4.783,8.151,3.946,2.27554,2.99923,-54.369,0.4,10.6,2.273,3.0,-0.2348,-0.2348,0.011382726952433586,-0.2406655800928747
248440.581917,1620397222.633752,267.0031,0,85.78,3.25406e-06,0.468,3.253951447560587e-06,2.6579325017021048e-08,1,14.1172,5.22102e-06,-172.92,-5.1812098398835835e-06,-6.435172379148356e-07,1,14.118,1.67192e-05,-0.018,1.671919917494056e-05,-5.252491502989823e-09,5.0,1,38.79,47.724,3.998,4.071,5.228,4.778,8.092,3.946,2.2756,2.99919,-54.365,0.4,10.6,2.273,3.0,-0.2348,-0.2348,0.011382726952433586,-0.24064725101826334
248441.16573,1620397223.217565,267.0031,0,85.78,3.25592e-06,0.408,3.255837450023117e-06,2.318502592116499e-08,1,14.1182,5.22289e-06,-172.95,-5.183401936197371e-06,-6.410337900027898e-07,1,14.118,1.67174e-05,-0.024,1.671739853338558e-05,-7.002567932171597e-09,5.0,1,38.791,47.721,3.88,4.109,5.214,4.773,8.03,3.946,2.27542,2.99925,-54.349,0.4,10.5,2.273,3.0,-0.2348,-0.2348,0.010988734662532806,-0.24057393471981792
248441.360669,1620397223.412504,267.0031,0,85.78,3.25592e-06,0.408,3.255837450023117e-06,2.318502592116499e-08,1,14.1182,5.22428e-06,-172.968,-5.184982611433671e-06,-6.395755135482272e-07,1,14.118,1.67174e-05,-0.024,1.671739853338558e-05,-7.002567932171597e-09,5.0,1,38.791,47.721,3.88,4.109,5.2,4.773,8.03,3.946,2.2754,2.99941,-54.347,0.4,10.6,2.273,3.0,-0.2348,-0.2348,0.010988734662532806,-0.2405647701825123
248441.54261,1620397223.594445,267.0031,0,85.78,3.25778e-06,0.408,3.2576974028650306e-06,2.3198270763855646e-08,1,14.1177,5.22568e-06,-172.98,-5.186505955066662e-06,-6.386606614298817e-07,1,14.118,1.67174e-05,-0.024,1.671739853338558e-05,-7.002567932171597e-09,5.0,1,38.791,47.726,3.836,4.109,5.2,4.768,8.03,3.946,2.27544,2.99931,-54.339,0.4,10.6,2.273,3.0,-0.2348,-0.2348,0.010988734662532806,-0.24052811203328958
248441.686566,1620397223.738401,267.0031,0,85.78,3.25964e-06,0.438,3.2595447553732803e-06,2.4918212587218974e-08,1,14.1177,5.22708e-06,-172.998,-5.188095898939553e-06,-6.372019066250407e-07,1,14.118,1.67174e-05,-0.024,1.671739853338558e-05,-7.002567932171597e-09,5.0,1,38.792,47.716,3.852,4.178,5.186,4.762,7.973,3.945,2.27544,2.99966,-54.322,0.4,10.5,2.273,3.0,-0.2348,-0.2348,0.011009396985173225,-0.2404502134661914
248442.23739,1620397224.289225,267.0031,0,85.78,3.26151e-06,0.558,3.2613553291688817e-06,3.176313904096413e-08,1,14.1177,5.23173e-06,-173.022,-5.19297791115072e-06,-6.355935865006015e-07,1,14.118,1.67174e-05,-0.03,1.6717397708414988e-05,-8.753209771229962e-09,5.0,1,38.79,47.716,3.852,4.284,5.173,4.762,7.919,3.945,2.27556,2.99991,-54.311,0.4,10.6,2.273,3.0,-0.2348,-0.2348,0.011009396985173225,-0.24039980851101017
248442.479311,1620397224.531146,267.0031,0,85.78,3.26151e-06,0.588,3.2613382509694e-06,3.347077626605896e-08,1,14.1177,5.2322e-06,-173.022,-5.193444429801003e-06,-6.356506859659132e-07,1,14.118,1.67174e-05,-0.03,1.6717397708414988e-05,-8.753209771229962e-09,5.0,1,38.79,47.722,3.852,4.284,5.173,4.757,7.919,3.945,2.27547,2.99975,-54.303,0.4,10.6,2.273,3.0,-0.2348,-0.2348,0.011009396985173225,-0.24036315036178746
248442.650256,1620397224.702091,267.0031,0,85.78,3.26151e-06,0.618,3.2613202786555405e-06,3.5178404314950675e-08,1,14.1177,5.23266e-06,-173.022,-5.193901022522556e-06,-6.357065705489842e-07,1,14.118,1.67174e-05,-0.036,1.6717396700117616e-05,-1.050385151429864e-08,5.0,1,38.796,47.73,4.034,4.327,5.159,4.752,7.867,3.945,2.27525,3.00017,-54.291,0.4,10.6,2.273,3.0,-0.2332,-0.2332,0.011009396985173225,-0.24030816313795342
248443.181088,1620397225.232923,267.0031,0,85.78,3.25964e-06,0.672,3.2594158039556996e-06,3.8230178181896636e-08,1,14.1177,5.23406e-06,-173.01,-5.195157360905173e-06,-6.369647392382077e-07,1,14.118,1.67174e-05,-0.042,1.6717395508493475e-05,-1.2254493142179701e-08,5.0,1,38.786,47.73,4.034,4.283,5.159,4.752,7.813,3.945,2.27531,2.99972,-54.273,0.4,10.6,2.273,3.0,-0.2332,-0.2332,0.010615435428917408,-0.24022568230220243
248443.438006,1620397225.489841,267.0031,0,85.78,3.25964e-06,0.702,3.259395339888463e-06,3.99367989875233e-08,1,14.1177,5.23406e-06,-173.004,-5.195090629628145e-06,-6.375087713513086e-07,1,14.118,1.67174e-05,-0.042,1.6717395508493475e-05,-1.2254493142179701e-08,5.0,1,38.786,47.721,4.034,4.283,5.146,4.752,7.813,3.945,2.27527,2.99976,-54.263,0.4,10.6,2.273,3.0,-0.2332,-0.2332,0.011009396985173225,-0.240179859615674
248443.576959,1620397225.628794,267.0031,0,85.78,3.25964e-06,0.732,3.2593739822395082e-06,4.164340884425e-08,1,14.1172,5.23406e-06,-172.998,-5.195023841380572e-06,-6.38052796473339e-07,1,14.118,1.67174e-05,-0.042,1.6717395508493475e-05,-1.2254493142179701e-08,5.0,1,38.786,47.721,4.068,4.181,5.146,4.746,7.76,3.945,2.27531,2.99974,-54.259,0.4,10.6,2.273,3.0,-0.2332,-0.2332,0.011009396985173225,-0.24016153054106265
248444.197761,1620397226.249596,267.0031,0,85.78,3.24847e-06,0.882,3.2480851139293273e-06,5.000433551911483e-08,1,14.1177,5.23313e-06,-172.968,-5.193766041133302e-06,-6.40658962998659e-07,1,14.118,1.67174e-05,-0.048,1.6717394133542578e-05,-1.4005134635675207e-08,5.0,1,38.794,47.72,4.055,4.068,5.132,4.74,7.707,3.945,2.27551,2.99971,-54.216,0.4,10.6,2.273,3.0,-0.2327,-0.2327,0.011009396985173225,-0.2399644929889907
248444.469688,1620397226.521523,267.0031,0,85.78,3.24847e-06,0.912,3.2480584864811933e-06,5.1705021975612074e-08,1,14.1177,5.23313e-06,-172.968,-5.193766041133302e-06,-6.40658962998659e-07,1,14.118,1.67174e-05,-0.048,1.6717394133542578e-05,-1.4005134635675207e-08,5.0,1,38.794,47.714,3.921,4.068,5.119,4.735,7.707,3.945,2.27545,2.99976,-54.21,0.4,10.6,2.273,3.0,-0.2327,-0.2327,0.011009396985173225,-0.23993699937707366
248444.662624,1620397226.714459,267.0031,0,85.78,3.24661e-06,0.942,3.2461712199388164e-06,5.3375115371649755e-08,1,14.1177,5.23313e-06,-172.962,-5.193698923005695e-06,-6.412028493928363e-07,1,14.118,1.67174e-05,-0.048,1.6717394133542578e-05,-1.4005134635675207e-08,5.0,1,38.788,47.715,3.921,4.063,5.105,4.729,7.659,3.945,2.27524,2.99985,-54.182,0.4,10.6,2.273,3.0,-0.2327,-0.2327,0.011009396985173225,-0.23980869585479428
248445.184458,1620397227.236293,267.0031,0,85.78,3.23915e-06,1.062,3.2385935932383302e-06,6.003549229948525e-08,1,14.1177,5.23266e-06,-172.95,-5.193098069356724e-06,-6.422329154157943e-07,1,14.118,1.67174e-05,-0.054,1.6717392575264942e-05,-1.575577597558722e-08,5.0,1,38.788,47.715,3.845,4.139,5.092,4.729,7.613,3.945,2.27546,2.99981,-54.157,0.4,10.5,2.273,3.0,-0.2327,-0.2327,0.011009396985173225,-0.23969413913847334
248445.46037,1620397227.512205,267.0031,0,85.78,3.23729e-06,1.062,3.236733912740847e-06,6.000101843576265e-08,1,14.1177,5.23266e-06,-172.95,-5.193098069356724e-06,-6.422329154157943e-07,1,14.118,1.67155e-05,-0.054,1.6715492576108793e-05,-1.575398526803978e-08,5.0,1,38.788,47.714,3.824,4.139,5.092,4.724,7.613,3.945,2.27548,2.99962,-54.151,0.4,10.6,2.273,3.0,-0.2316,-0.2316,0.011009396985173225,-0.23966664552655637
248445.638313,1620397227.690148,267.0031,0,85.78,3.23357e-06,1.062,3.2330145517458796e-06,5.993207070831746e-08,1,14.1177,5.23173e-06,-172.95,-5.192175100693653e-06,-6.421187714409637e-07,1,14.118,1.67155e-05,-0.054,1.6715492576108793e-05,-1.575398526803978e-08,5.0,1,38.781,47.714,3.824,4.228,5.079,4.724,7.568,3.944,2.27541,2.99948,-54.132,0.4,10.6,2.273,3.0,-0.2316,-0.2316,0.011009396985173225,-0.2395795824221524
248446.17614,1620397228.227975,267.0031,0,85.78,3.22984e-06,1.008,3.229340177720423e-06,5.6819381909937525e-08,1,14.1177,5.22894e-06,-172.944,-5.189338959589346e-06,-6.423197693424733e-07,1,14.118,1.67174e-05,-0.048,1.6717394133542578e-05,-1.4005134635675207e-08,5.0,1,38.781,47.714,3.877,4.3,5.079,4.718,7.525,3.944,2.27544,2.99956,-54.099,0.4,10.6,2.273,3.0,-0.2316,-0.2316,0.011009396985173225,-0.2394283675566088
248446.366161,1620397228.417996,267.0031,0,85.78,3.22984e-06,0.978,3.2293694856068992e-06,5.5128495635475455e-08,1,14.1177,5.22801e-06,-172.944,-5.188416002884465e-06,-6.422055287152163e-07,1,14.118,1.67155e-05,-0.048,1.6715494134209324e-05,-1.4003542895583578e-08,5.0,1,38.788,47.722,3.877,4.3,5.066,4.718,7.525,3.944,2.27537,2.99949,-54.092,0.4,10.6,2.273,3.0,-0.2316,-0.2316,0.011009396985173225,-0.23939629167603899
248446.551226,1620397228.603061,267.0031,0,85.78,3.22984e-06,0.948,3.2293979081434154e-06,5.343759424722367e-08,1,14.1177,5.22708e-06,-172.938,-5.187425778093641e-06,-6.426345175677866e-07,1,14.118,1.67174e-05,-0.048,1.6717394133542578e-05,-1.4005134635675207e-08,5.0,1,38.788,47.722,3.978,4.3,5.066,4.713,7.525,3.944,2.27536,2.99939,-54.078,0.4,10.6,2.273,3.0,-0.2316,-0.2316,0.011009396985173225,-0.23933213991489927
248446.694177,1620397228.746012,267.0031,0,85.78,3.22984e-06,0.948,3.2293979081434154e-06,5.343759424722367e-08,1,14.1172,5.22568e-06,-172.932,-5.185969091979926e-06,-6.430054738716433e-07,1,14.118,1.67174e-05,-0.048,1.6717394133542578e-05,-1.4005134635675207e-08,5.0,1,38.79,47.717,3.978,4.313,5.053,4.707,7.48,3.944,2.27534,2.99925,-54.05,0.4,10.6,2.273,3.0,-0.2316,-0.2316,0.011009396985173225,-0.23920383639261983
248447.195017,1620397229.246852,267.0031,0,85.78,3.24288e-06,0.852,3.242521468923912e-06,4.822051396984724e-08,1,14.1177,5.22521e-06,-172.89,-5.185029965199622e-06,-6.467486405722156e-07,1,14.118,1.67155e-05,-0.042,1.6715495509003954e-05,-1.2253100369561343e-08,5.0,1,38.785,47.717,4.046,4.216,5.053,4.707,7.437,3.944,2.27531,2.99932,-54.021,0.4,10.6,2.273,3.0,-0.2316,-0.2316,0.011009396985173225,-0.2390709506016876
248447.471931,1620397229.523766,267.0031,0,85.78,3.24661e-06,0.822,3.2462758887897476e-06,4.657623817284788e-08,1,14.1177,5.22475e-06,-172.872,-5.184370082402693e-06,-6.483204540872425e-07,1,14.118,1.67174e-05,-0.036,1.6717396700117616e-05,-1.050385151429864e-08,5.0,1,38.785,47.716,4.046,4.216,5.04,4.702,7.437,3.944,2.27537,2.99938,-54.014,0.4,10.6,2.273,3.0,-0.2316,-0.2316,0.011403389275074005,-0.23903887472111773
248447.612884,1620397229.664719,267.0031,0,85.78,3.25033e-06,0.792,3.2500194756625918e-06,4.492790573632084e-08,1,14.1177,5.22521e-06,-172.854,-5.1846225775869146e-06,-6.500063631042562e-07,1,14.118,1.67174e-05,-0.036,1.6717396700117616e-05,-1.050385151429864e-08,5.0,1,38.782,47.715,4.069,4.072,5.027,4.702,7.395,3.943,2.27549,2.9995,-53.984,0.4,10.5,2.273,3.0,-0.2316,-0.2316,0.0137671809643507,-0.23890145617730563
248448.173705,1620397230.22554,267.0031,0,85.78,3.26151e-06,0.762,3.2612215656396793e-06,4.337487644570907e-08,1,14.1177,5.22568e-06,-172.8,-5.18447395236504e-06,-6.549513719723149e-07,1,14.118,1.67174e-05,-0.03,1.6717397708414988e-05,-8.753209771229962e-09,5.0,1,38.782,47.715,3.996,4.047,5.027,4.697,7.358,3.943,2.2755,2.99939,-53.954,0.4,10.6,2.273,3.0,-0.23,-0.23,0.011403389275074005,-0.23876408095979484
248448.367643,1620397230.419478,267.0031,0,85.78,3.26523e-06,0.762,3.264941236658373e-06,4.342434878839024e-08,1,14.1177,5.22568e-06,-172.788,-5.18433666596323e-06,-6.560371912851146e-07,1,14.118,1.67174e-05,-0.024,1.671739853338558e-05,-7.002567932171597e-09,5.0,1,38.782,47.715,3.996,4.047,5.015,4.697,7.358,3.944,2.27538,2.99937,-53.946,0.4,10.6,2.273,3.0,-0.23,-0.23,0.01219131238758564,-0.23872744756845865
248448.541588,1620397230.593423,267.0031,0,85.78,3.26709e-06,0.786,3.2667825856622472e-06,4.481747554114246e-08,1,14.1177,5.22615e-06,-172.776,-5.18466542134493e-06,-6.571820837562432e-07,1,14.118,1.67174e-05,-0.03,1.6717397708414988e-05,-8.753209771229962e-09,5.0,1,38.784,47.722,3.855,4.092,5.003,4.692,7.322,3.943,2.27562,2.99969,-53.906,0.4,10.6,2.273,3.0,-0.23,-0.23,0.011403389275074005,-0.23854428061177763
248449.192378,1620397231.244213,267.0031,0,85.78,3.26337e-06,0.906,3.2629620204427287e-06,5.160048496192856e-08,1,14.1177,5.22661e-06,-172.758,-5.184915036032631e-06,-6.588688497893465e-07,1,14.118,1.67192e-05,-0.03,1.671919770816825e-05,-8.754152248982973e-09,5.0,1,38.784,47.722,3.821,4.176,5.003,4.687,7.288,3.943,2.2755,2.9997,-53.866,0.4,10.6,2.273,3.0,-0.2283,-0.2283,0.011009396985173225,-0.23836111365509663
248449.483295,1620397231.53513,267.0031,0,85.78,3.26151e-06,0.906,3.2611022529759616e-06,5.157107459717397e-08,1,14.1177,5.22661e-06,-172.758,-5.184915036032631e-06,-6.588688497893465e-07,1,14.118,1.67192e-05,-0.03,1.671919770816825e-05,-8.754152248982973e-09,5.0,1,38.784,47.717,3.821,4.176,4.991,4.682,7.288,3.943,2.27547,2.99969,-53.857,0.4,10.6,2.273,3.0,-0.2283,-0.2283,0.011403389275074005,-0.23831990108984338
248449.638244,1620397231.690079,267.0031,0,85.78,3.25964e-06,0.906,3.259232486759373e-06,5.154150611217876e-08,1,14.1177,5.22661e-06,-172.758,-5.184915036032631e-06,-6.588688497893465e-07,1,14.118,1.67192e-05,-0.036,1.671919669976231e-05,-1.0504982487579517e-08,5.0,1,38.78,47.717,3.845,4.277,4.98,4.682,7.254,3.943,2.2755,2.99952,-53.824,0.4,10.6,2.273,3.0,-0.2283,-0.2283,0.011009396985173225,-0.23816878835058153
248450.201064,1620397232.252899,267.0031,0,85.78,3.24661e-06,0.912,3.24619872210447e-06,5.1675416856625395e-08,1,14.1177,5.22615e-06,-172.776,-5.18466542134493e-06,-6.571820837562432e-07,1,14.118,1.67211e-05,-0.036,1.6721096699387265e-05,-1.0506176292709333e-08,5.0,1,38.782,47.717,3.932,4.299,4.98,4.677,7.22,3.943,2.27526,2.99956,-53.781,0.4,10.6,2.273,3.0,-0.2283,-0.2283,0.011009396985173225,-0.23797188387214946
248450.47398,1620397232.525815,267.0031,0,85.78,3.24288e-06,0.882,3.242495776245167e-06,4.9918287553287274e-08,1,14.1177,5.22615e-06,-172.794,-5.1848716253291926e-06,-6.555532406725006e-07,1,14.118,1.67211e-05,-0.036,1.6721096699387265e-05,-1.0506176292709333e-08,5.0,1,38.782,47.717,3.932,4.299,4.969,4.672,7.22,3.943,2.27531,2.99951,-53.772,0.4,10.6,2.273,3.0,-0.2283,-0.2283,0.011009396985173225,-0.2379306713068962
248450.615932,1620397232.667767,267.0031,0,85.78,3.24102e-06,0.882,3.2406359966221725e-06,4.988965620866487e-08,1,14.1182,5.22568e-06,-172.806,-5.184542510285145e-06,-6.544084515394177e-07,1,14.118,1.67211e-05,-0.036,1.6721096699387265e-05,-1.0506176292709333e-08,5.0,1,38.785,47.717,4.023,4.241,4.969,4.672,7.187,3.943,2.27537,2.99934,-53.746,0.4,10.6,2.273,3.0,-0.2278,-0.2278,0.011403389275074005,-0.23781161278505358
248451.199745,1620397233.25158,267.0031,0,85.78,3.22798e-06,0.918,3.2275656840558947e-06,5.171687833585825e-08,1,14.1177,5.22242e-06,-172.878,-5.182125923271214e-06,-6.474886653528905e-07,1,14.118,1.67211e-05,-0.03,1.6721097707907803e-05,-8.755147086611154e-09,5.0,1,38.781,47.721,4.06,4.1,4.947,4.666,7.156,3.942,2.27544,2.99919,-53.691,0.4,10.6,2.273,3.0,-0.2278,-0.2278,0.011009396985173225,-0.2375597582196172
248451.459811,1620397233.511646,267.0031,0,85.78,3.22612e-06,0.918,3.225705922789609e-06,5.168707846296415e-08,1,14.1177,5.22149e-06,-172.896,-5.1814062214286364e-06,-6.457456067528567e-07,1,14.118,1.67211e-05,-0.03,1.6721097707907803e-05,-8.755147086611154e-09,5.0,1,38.781,47.712,4.06,4.1,4.947,4.666,7.156,3.942,2.27546,2.99921,-53.673,0.4,10.6,2.273,3.0,-0.2278,-0.2278,0.011009396985173225,-0.23747733308911073
248451.660744,1620397233.712579,267.0031,0,85.78,3.22239e-06,0.918,3.2219764015405528e-06,5.162731850280555e-08,1,14.1182,5.21963e-06,-172.92,-5.179830438602332e-06,-6.433459133536002e-07,1,14.118,1.67192e-05,-0.03,1.671919770816825e-05,-8.754152248982973e-09,5.0,1,38.783,47.722,3.891,4.035,4.936,4.656,7.098,3.942,2.2755,2.99949,-53.636,0.4,10.6,2.273,3.0,-0.2267,-0.2267,0.011403389275074005,-0.2373079036541808
248452.219565,1620397234.2714,267.0031,0,85.78,3.22053e-06,0.918,3.2201166402742673e-06,5.159751862991145e-08,1,14.1182,5.21544e-06,-172.986,-5.176409439656783e-06,-6.368671028025841e-07,1,14.118,1.67192e-05,-0.03,1.671919770816825e-05,-8.754152248982973e-09,5.0,1,38.781,47.722,3.891,4.048,4.936,4.656,7.098,3.942,2.27569,2.99953,-53.598,0.4,10.6,2.273,3.0,-0.2267,-0.2267,0.011009396985173225,-0.2371338950453338
248452.470486,1620397234.522321,267.0031,0,85.78,3.22053e-06,0.918,3.2201166402742673e-06,5.159751862991145e-08,1,14.1177,5.21497e-06,-172.992,-5.176009615151745e-06,-6.362676832565717e-07,1,14.118,1.67192e-05,-0.03,1.671919770816825e-05,-8.754152248982973e-09,5.0,1,38.781,47.707,3.891,4.048,4.925,4.651,7.098,3.942,2.27563,2.99961,-53.589,0.4,10.6,2.273,3.0,-0.2267,-0.2267,0.011403389275074005,-0.23709268248008059
248452.617438,1620397234.669273,267.0031,0,85.78,3.22053e-06,0.918,3.2201166402742673e-06,5.159751862991145e-08,1,14.1177,5.21497e-06,-172.998,-5.176076216566955e-06,-6.357256493094402e-07,1,14.118,1.67192e-05,-0.03,1.671919770816825e-05,-8.754152248982973e-09,5.0,1,38.776,47.709,3.824,4.135,4.914,4.651,7.073,3.942,2.27573,3.00002,-53.56,0.4,10.5,2.273,3.0,-0.2267,-0.2267,0.011403389275074005,-0.23695988643648686
248453.17726,1620397235.229095,267.0031,0,85.78,3.22984e-06,0.918,3.22942544532218e-06,5.1746678208752345e-08,1,14.1172,5.21497e-06,-173.004,-5.176142761220139e-06,-6.351836083907968e-07,1,14.118,1.67174e-05,-0.036,1.6717396700117616e-05,-1.050385151429864e-08,5.0,1,38.776,47.709,3.821,4.237,4.914,4.646,7.048,3.942,2.27534,2.99996,-53.512,0.4,10.6,2.273,3.0,-0.2267,-0.2267,0.011403389275074005,-0.23674008608846964
248453.368199,1620397235.420034,267.0031,0,85.78,3.22984e-06,0.918,3.22942544532218e-06,5.1746678208752345e-08,1,14.1177,5.21544e-06,-172.998,-5.176542711258543e-06,-6.357829441846122e-07,1,14.118,1.67174e-05,-0.036,1.6717396700117616e-05,-1.050385151429864e-08,5.0,1,38.778,47.709,3.821,4.237,4.904,4.646,7.048,3.941,2.27534,2.99992,-53.502,0.4,10.6,2.273,3.0,-0.2261,-0.2261,0.011403389275074005,-0.2366942943492994
248453.510154,1620397235.561989,267.0031,0,85.78,3.23357e-06,0.888,3.2331816491637044e-06,5.0113555162932196e-08,1,14.1177,5.21637e-06,-172.992,-5.1773991559278596e-06,-6.364384943554964e-07,1,14.118,1.67174e-05,-0.036,1.6717396700117616e-05,-1.050385151429864e-08,5.0,1,38.778,47.715,3.821,4.237,4.904,4.641,7.048,3.941,2.27539,3.00002,-53.481,0.4,10.5,2.273,3.0,-0.2261,-0.2261,0.011009396985173225,-0.23659813169704186
248453.660107,1620397235.711942,267.0031,0,85.78,3.23543e-06,0.858,3.235067236813992e-06,4.844851073750464e-08,1,14.1182,5.21683e-06,-172.986,-5.177789037374544e-06,-6.370368382942963e-07,1,14.118,1.67174e-05,-0.042,1.6717395508493475e-05,-1.2254493142179701e-08,5.0,1,38.781,47.702,3.891,4.268,4.894,4.636,7.026,3.941,2.27536,2.99983,-53.44,0.4,10.5,2.273,3.0,-0.2261,-0.2261,0.011009396985173225,-0.23641038556644378
248454.195933,1620397236.247768,267.0031,0,85.78,3.23915e-06,0.708,3.2389027041725517e-06,4.002493477489126e-08,1,14.1177,5.22242e-06,-172.944,-5.182868338389538e-06,-6.415188565578337e-07,1,14.118,1.67174e-05,-0.042,1.6717395508493475e-05,-1.2254493142179701e-08,5.0,1,38.778,47.702,4.0,4.273,4.883,4.636,7.002,3.941,2.27542,3.00043,-53.4,0.4,10.5,2.273,3.0,-0.2261,-0.2261,0.011403389275074005,-0.23622721860976278
248454.497847,1620397236.549682,267.0031,0,85.78,3.23915e-06,0.648,3.2389428422516037e-06,3.6633142468308966e-08,1,14.1177,5.22335e-06,-172.938,-5.183724075010411e-06,-6.421759390209636e-07,1,14.118,1.67174e-05,-0.042,1.6717395508493475e-05,-1.2254493142179701e-08,5.0,1,38.778,47.708,4.0,4.273,4.883,4.636,7.002,3.941,2.27544,3.00042,-53.378,0.4,10.6,2.273,3.0,-0.2261,-0.2261,0.011403389275074005,-0.23612647678358822
248454.650799,1620397236.702634,267.0031,0,85.78,3.23915e-06,0.648,3.2389428422516037e-06,3.6633142468308966e-08,1,14.1177,5.22475e-06,-172.926,-5.184978807399445e-06,-6.434340131813326e-07,1,14.118,1.67174e-05,-0.036,1.6717396700117616e-05,-1.050385151429864e-08,5.0,1,38.78,47.709,4.03,4.165,4.872,4.625,6.98,3.941,2.2752,3.00025,-53.347,0.4,10.5,2.273,3.0,-0.2245,-0.2245,0.010221471078693867,-0.23598452239216045
248455.203333,1620397237.255168,267.0031,0,85.78,3.23729e-06,0.738,3.237021457477248e-06,4.1696857577940304e-08,1,14.1177,5.22661e-06,-172.914,-5.1866897267007555e-06,-6.4474938622448e-07,1,14.118,1.67174e-05,-0.036,1.6717396700117616e-05,-1.050385151429864e-08,5.0,1,38.78,47.709,4.059,4.03,4.872,4.625,6.96,3.94,2.27548,3.00045,-53.293,0.4,10.5,2.273,3.0,-0.2245,-0.2245,0.011009396985173225,-0.23573724700064108
248455.460252,1620397237.512087,267.0031,0,85.78,3.23729e-06,0.798,3.236976017742619e-06,4.5086635038967484e-08,1,14.1182,5.22661e-06,-172.908,-5.1866221802638305e-06,-6.452925315663159e-07,1,14.118,1.67174e-05,-0.036,1.6717396700117616e-05,-1.050385151429864e-08,5.0,1,38.788,47.705,4.059,4.03,4.862,4.625,6.96,3.94,2.27551,3.00042,-53.282,0.4,10.5,2.273,3.0,-0.2245,-0.2245,0.011009396985173225,-0.2356868760875538
248455.598217,1620397237.650052,267.0031,0,85.78,3.23729e-06,0.858,3.2369270282668976e-06,4.847636305697123e-08,1,14.1177,5.22708e-06,-172.908,-5.1870885843813604e-06,-6.453505591386498e-07,1,14.118,1.67192e-05,-0.036,1.671919669976231e-05,-1.0504982487579517e-08,5.0,1,38.788,47.705,3.968,4.012,4.862,4.62,6.94,3.94,2.27553,3.0002,-53.26,0.4,10.6,2.273,3.0,-0.2245,-0.2245,0.011403389275074005,-0.23558613426137925
248456.189019,1620397238.240854,267.0031,0,85.78,3.24288e-06,0.972,3.2424133645466834e-06,5.5011524329519405e-08,1,14.1177,5.22801e-06,-172.914,-5.188079033654474e-06,-6.449220888253464e-07,1,14.118,1.67192e-05,-0.03,1.671919770816825e-05,-8.754152248982973e-09,5.0,1,38.783,47.71,3.836,4.071,4.852,4.615,6.921,3.94,2.27542,3.00031,-53.183,0.4,10.6,2.273,3.0,-0.2234,-0.2234,0.011009396985173225,-0.2352335378697683
248456.450937,1620397238.502772,267.0031,0,85.78,3.24474e-06,1.002,3.2442438316969485e-06,5.674176677105862e-08,1,14.1177,5.22801e-06,-172.926,-5.188213992032608e-06,-6.438354859566751e-07,1,14.118,1.67192e-05,-0.03,1.671919770816825e-05,-8.754152248982973e-09,5.0,1,38.777,47.711,3.836,4.071,4.842,4.615,6.921,3.94,2.27535,2.99995,-53.171,0.4,10.6,2.273,3.0,-0.2234,-0.2234,0.011403389275074005,-0.235178587782764
248456.58989,1620397238.641725,267.0031,0,85.78,3.24474e-06,0.972,3.2442730969012746e-06,5.50430769726184e-08,1,14.1177,5.22847e-06,-172.932,-5.188737890254337e-06,-6.433487756566935e-07,1,14.118,1.67211e-05,-0.03,1.6721097707907803e-05,-8.755147086611154e-09,5.0,1,38.777,47.711,3.807,4.071,4.842,4.61,6.906,3.94,2.27547,2.99988,-53.161,0.4,10.6,2.273,3.0,-0.2234,-0.2234,0.011382726952433586,-0.23513279604359374
248457.178703,1620397239.230538,267.0031,0,85.78,3.25033e-06,0.912,3.2499182508579172e-06,5.173462709459875e-08,1,14.1177,5.23127e-06,-172.974,-5.191987069515663e-06,-6.39887554873633e-07,1,14.118,1.67229e-05,-0.024,1.6722898532903064e-05,-7.004871766716857e-09,5.0,1,38.777,47.712,3.842,4.233,4.832,4.605,6.892,3.94,2.2756,3.00037,-53.08,0.4,10.5,2.273,3.0,-0.2234,-0.2234,0.012564640492200851,-0.23476188295631467
248457.387634,1620397239.439469,267.0031,0,85.78,3.25033e-06,0.882,3.249944893552322e-06,5.003296686373724e-08,1,14.1177,5.23266e-06,-172.98,-5.193433629850874e-06,-6.395137277134621e-07,1,14.118,1.67248e-05,-0.024,1.672479853273638e-05,-7.005667636832493e-09,5.0,1,38.779,47.712,3.842,4.233,4.822,4.605,6.892,3.94,2.27546,3.00046,-53.068,0.4,10.5,2.273,3.0,-0.2234,-0.2234,0.011382726952433586,-0.23470693286931038
248457.547583,1620397239.599418,267.0031,0,85.78,3.25219e-06,0.822,3.2518553145475217e-06,4.665628949068541e-08,1,14.1182,5.23313e-06,-172.98,-5.1939001065197256e-06,-6.395711691394339e-07,1,14.118,1.67248e-05,-0.024,1.672479853273638e-05,-7.005667636832493e-09,5.0,1,38.779,47.712,3.842,4.233,4.822,4.6,6.892,3.94,2.27529,3.00062,-53.045,0.4,10.5,2.273,3.0,-0.2223,-0.2223,0.011382726952433586,-0.2346016118692188
248457.687539,1620397239.739374,267.0031,0,85.78,3.25219e-06,0.762,3.251902389861662e-06,4.3250929608669176e-08,1,14.1177,5.23406e-06,-172.98,-5.19482313482192e-06,-6.396848298333779e-07,1,14.118,1.67267e-05,-0.024,1.6726698532569694e-05,-7.006463506948129e-09,5.0,1,38.779,47.711,4.008,4.259,4.812,4.595,6.863,3.94,2.27529,3.00029,-52.997,0.4,10.6,2.273,3.0,-0.2223,-0.2223,0.011382726952433586,-0.23438181197488675
248458.262355,1620397240.31419,267.0031,0,85.78,3.25964e-06,0.558,3.2594854178500304e-06,3.174492751623889e-08,1,14.1177,5.23872e-06,-172.956,-5.199179556112338e-06,-6.42432238997631e-07,1,14.118,1.67267e-05,-0.024,1.6726698532569694e-05,-7.006463506948129e-09,5.0,1,38.776,47.711,4.008,4.234,4.812,4.595,6.863,3.939,2.27526,2.99991,-52.948,0.4,10.6,2.273,3.0,-0.2223,-0.2223,0.010988734662532806,-0.2341574398631437
248458.508693,1620397240.560528,267.0031,0,85.78,3.25964e-06,0.498,3.2595168738416077e-06,2.8331585586257607e-08,1,14.1177,5.23965e-06,-172.95,-5.200035220921091e-06,-6.430908362588753e-07,1,14.118,1.67267e-05,-0.024,1.6726698532569694e-05,-7.006463506948129e-09,5.0,1,38.776,47.703,4.042,4.234,4.803,4.589,6.863,3.939,2.27517,3.00011,-52.923,0.4,10.5,2.273,3.0,-0.2218,-0.2218,0.010988734662532806,-0.23404296429592786
248458.67464,1620397240.726475,267.0031,0,85.78,3.25964e-06,0.438,3.2595447553732803e-06,2.4918212587218974e-08,1,14.1177,5.24058e-06,-172.938,-5.200823362979325e-06,-6.442942522546798e-07,1,14.118,1.67248e-05,-0.024,1.672479853273638e-05,-7.005667636832493e-09,5.0,1,38.77,47.705,4.028,4.109,4.792,4.584,6.836,3.939,2.27538,3.00031,-52.874,0.4,10.6,2.273,3.0,-0.2218,-0.2218,0.010988734662532806,-0.23381859218418483
248459.339427,1620397241.391262,267.0031,0,85.78,3.26151e-06,0.234,3.261482799645442e-06,1.3320199582883863e-08,1,14.1177,5.24338e-06,-172.896,-5.203128178606966e-06,-6.48452759563993e-07,1,14.118,1.67229e-05,-0.018,1.672289917475797e-05,-5.2536538922525296e-09,5.0,1,38.778,47.705,4.028,4.002,4.783,4.584,6.836,3.939,2.27533,2.99996,-52.81,0.4,10.6,2.273,3.0,-0.2218,-0.2218,0.010988734662532806,-0.2335255347321123
248459.57935,1620397241.631185,267.0031,0,85.78,3.25964e-06,0.234,3.259612815240876e-06,1.3312562392373948e-08,1,14.1182,5.24338e-06,-172.89,-5.203060244263559e-06,-6.489976263161756e-07,1,14.118,1.67229e-05,-0.018,1.672289917475797e-05,-5.2536538922525296e-09,5.0,1,38.778,47.714,3.894,3.997,4.783,4.579,6.825,3.938,2.27541,2.99992,-52.785,0.4,10.6,2.273,3.0,-0.2207,-0.2207,0.010988734662532806,-0.23341105916489643
248460.160167,1620397242.212002,267.0031,0,85.78,3.25406e-06,0.174,3.254044994569533e-06,9.882151434129347e-09,1,14.1172,5.24105e-06,-172.86,-5.200407784896461e-06,-6.514322476576365e-07,1,14.118,1.67211e-05,-0.018,1.67210991748468e-05,-5.253088405584186e-09,5.0,1,38.778,47.716,3.821,4.071,4.774,4.574,6.816,3.938,2.27514,2.99966,-52.707,0.4,10.6,2.273,3.0,-0.2207,-0.2207,0.010988734662532806,-0.23305389539518306
248460.399088,1620397242.450923,267.0031,0,85.78,3.25219e-06,0.174,3.2521750031926547e-06,9.87647249053832e-09,1,14.1177,5.24058e-06,-172.854,-5.199873189336013e-06,-6.519183623924977e-07,1,14.118,1.67192e-05,-0.018,1.671919917494056e-05,-5.252491502989823e-09,5.0,1,38.777,47.716,3.821,4.071,4.764,4.574,6.816,3.938,2.27509,2.9996,-52.68,0.4,10.6,2.273,3.0,-0.2207,-0.2207,0.012564640492200851,-0.23293026178258994
248460.55604,1620397242.607875,267.0031,0,85.78,3.25219e-06,0.174,3.2521750031926547e-06,9.87647249053832e-09,1,14.1177,5.23965e-06,-172.848,-5.198882128095946e-06,-6.523471013690232e-07,1,14.118,1.67192e-05,-0.018,1.671919917494056e-05,-5.252491502989823e-09,5.0,1,38.777,47.722,3.821,4.071,4.764,4.569,6.816,3.938,2.27502,2.99951,-52.667,0.4,10.6,2.273,3.0,-0.2207,-0.2207,0.011382726952433586,-0.23287073448763773
248460.699991,1620397242.751826,267.0031,0,85.78,3.25033e-06,0.174,3.2503150117696632e-06,9.870823915629596e-09,1,14.1177,5.23918e-06,-172.848,-5.198415785000471e-06,-6.52288585411346e-07,1,14.118,1.67192e-05,-0.018,1.671919917494056e-05,-5.252491502989823e-09,5.0,1,38.78,47.722,3.801,4.155,4.755,4.569,6.809,3.938,2.27534,2.99961,-52.614,0.4,10.6,2.273,3.0,-0.2207,-0.2207,0.011776688508689404,-0.2326280462851401
248461.224827,1620397243.276662,267.0031,0,85.78,3.24847e-06,0.174,3.2484550203466717e-06,9.865175340720871e-09,1,14.1177,5.23872e-06,-172.848,-5.197959364098517e-06,-6.522313144740448e-07,1,14.118,1.67192e-05,-0.024,1.6719198533227666e-05,-7.0033219143864095e-09,5.0,1,38.779,47.722,3.855,4.225,4.755,4.564,6.802,3.938,2.27534,2.99963,-52.56,0.4,10.6,2.273,3.0,-0.2196,-0.2196,0.011382726952433586,-0.2323807790599539
248461.474743,1620397243.526578,267.0031,0,85.78,3.24847e-06,0.204,3.2484494096619944e-06,1.1566060981945677e-08,1,14.1177,5.23872e-06,-172.854,-5.198027637100924e-06,-6.516869818670501e-07,1,14.118,1.67192e-05,-0.024,1.6719198533227666e-05,-7.0033219143864095e-09,5.0,1,38.779,47.722,3.855,4.225,4.746,4.564,6.802,3.938,2.27523,2.9996,-52.546,0.4,10.6,2.273,3.0,-0.2196,-0.2196,0.011382726952433586,-0.23231667274231305
248461.614699,1620397243.666534,267.0031,0,85.78,3.25033e-06,0.234,3.2503028928844523e-06,1.3274539802188222e-08,1,14.1177,5.23872e-06,-172.854,-5.198027637100924e-06,-6.516869818670501e-07,1,14.118,1.67192e-05,-0.03,1.671919770816825e-05,-8.754152248982973e-09,5.0,1,38.776,47.719,3.953,4.237,4.746,4.559,6.796,3.937,2.27515,2.99952,-52.518,0.4,10.6,2.273,3.0,-0.2196,-0.2196,0.011797350831329823,-0.2321884601070313
248462.245498,1620397244.297333,267.0031,0,85.78,3.25592e-06,0.378,3.255849143370596e-06,2.148027031852722e-08,1,14.1177,5.23918e-06,-172.884,-5.198824603852982e-06,-6.490221959015647e-07,1,14.118,1.67174e-05,-0.03,1.6717397708414988e-05,-8.753209771229962e-09,5.0,1,38.776,47.724,4.013,4.139,4.738,4.554,6.788,3.937,2.2751,2.99935,-52.435,0.4,10.5,2.273,3.0,-0.2196,-0.2196,0.011009396985173225,-0.23180840122387475
248462.443434,1620397244.496269,267.0031,0,85.78,3.25964e-06,0.408,3.259557355706944e-06,2.3211515606546305e-08,1,14.1177,5.23918e-06,-172.89,-5.198892540792533e-06,-6.484777727044732e-07,1,14.118,1.67174e-05,-0.03,1.6717397708414988e-05,-8.753209771229962e-09,5.0,1,38.787,47.724,4.013,4.139,4.728,4.554,6.788,3.937,2.27508,2.99963,-52.405,0.4,10.5,2.273,3.0,-0.218,-0.218,0.010615435428917408,-0.23167103054321575
248462.586388,1620397244.638223,267.0031,0,85.78,3.26151e-06,0.468,3.2614011990354602e-06,2.6640176990056825e-08,1,14.1172,5.23872e-06,-172.902,-5.198571768958363e-06,-6.473320642368316e-07,1,14.118,1.67174e-05,-0.03,1.6717397708414988e-05,-8.753209771229962e-09,5.0,1,38.787,47.72,4.045,4.139,4.728,4.549,6.788,3.937,2.27503,2.99958,-52.391,0.4,10.6,2.273,3.0,-0.218,-0.218,0.010615435428917408,-0.23160692422557483
248463.271171,1620397245.323006,267.0031,0,85.78,3.27268e-06,0.612,3.272493307445967e-06,3.495618859879246e-08,1,14.1177,5.23779e-06,-172.926,-5.1979195459320995e-06,-6.450399042827029e-07,1,14.118,1.67174e-05,-0.036,1.6717396700117616e-05,-1.050385151429864e-08,5.0,1,38.787,47.708,3.94,3.978,4.719,4.544,6.779,3.937,2.27505,2.99973,-52.276,0.4,10.6,2.273,3.0,-0.218,-0.218,0.011009396985173225,-0.23108033661638203
248463.544081,1620397245.595916,267.0031,0,85.78,3.27454e-06,0.642,3.274334439080504e-06,3.669049810726685e-08,1,14.1177,5.23732e-06,-172.932,-5.1975206374688675e-06,-6.444377436845415e-07,1,14.118,1.67174e-05,-0.036,1.6717396700117616e-05,-1.050385151429864e-08,5.0,1,38.787,47.719,3.94,3.978,4.711,4.539,6.779,3.937,2.27517,2.9997,-52.246,0.4,10.6,2.273,3.0,-0.218,-0.218,0.011009396985173225,-0.23094296593572303
248463.691035,1620397245.74287,267.0031,0,85.78,3.27268e-06,0.732,3.2724129180509485e-06,4.181000087629312e-08,1,14.1177,5.23686e-06,-172.92,-5.196929060239712e-06,-6.454695983824399e-07,1,14.118,1.67174e-05,-0.042,1.6717395508493475e-05,-1.2254493142179701e-08,5.0,1,38.784,47.721,3.796,4.1,4.703,4.534,6.777,3.936,2.27513,2.99966,-52.141,0.4,10.5,2.273,3.0,-0.2174,-0.2174,0.011403389275074005,-0.2304621685534165
248464.368818,1620397246.420653,267.0031,0,85.78,3.26896e-06,0.786,3.268652409706026e-06,4.484312793494304e-08,1,14.1177,5.23639e-06,-172.908,-5.196327355305201e-06,-6.464999989225407e-07,1,14.118,1.67174e-05,-0.042,1.6717395508493475e-05,-1.2254493142179701e-08,5.0,1,38.784,47.721,3.796,4.1,4.703,4.534,6.777,3.936,2.27504,2.9998,-52.126,0.4,10.5,2.273,3.0,-0.2174,-0.2174,0.011403389275074005,-0.230393483213087
248464.508774,1620397246.560609,267.0031,0,85.78,3.26709e-06,0.816,3.266758671484514e-06,4.652795268150205e-08,1,14.1177,5.23639e-06,-172.902,-5.1962596254917e-06,-6.470441535048833e-07,1,14.118,1.67174e-05,-0.042,1.6717395508493475e-05,-1.2254493142179701e-08,5.0,1,38.785,47.723,3.796,4.1,4.695,4.529,6.777,3.936,2.27516,2.99971,-52.095,0.4,10.6,2.273,3.0,-0.2174,-0.2174,0.011403389275074005,-0.23025153350973934
248464.690715,1620397246.74255,267.0031,0,85.78,3.26523e-06,0.846,3.2648740644608717e-06,4.8210954260912015e-08,1,14.1177,5.23592e-06,-172.884,-5.195589714383912e-06,-6.486183517201013e-07,1,14.118,1.67174e-05,-0.042,1.6717395508493475e-05,-1.2254493142179701e-08,5.0,1,38.784,47.724,3.84,4.2,4.688,4.529,6.776,3.935,2.27522,2.99987,-52.05,0.4,10.6,2.273,3.0,-0.2158,-0.2158,0.011009396985173225,-0.23004547748875084
248465.239541,1620397247.291376,267.0031,0,85.78,3.25592e-06,0.936,3.2554855492973704e-06,5.3187260843168064e-08,1,14.1172,5.23406e-06,-172.806,-5.192856541422946e-06,-6.554578733991374e-07,1,14.118,1.67174e-05,-0.036,1.6717396700117616e-05,-1.050385151429864e-08,5.0,1,38.786,47.724,3.934,4.222,4.688,4.524,6.776,3.935,2.27492,3.00016,-51.971,0.4,10.5,2.273,3.0,-0.2158,-0.2158,0.011009396985173225,-0.22968383967789163
248465.481463,1620397247.533298,267.0031,0,85.78,3.25592e-06,0.966,3.2554572542590745e-06,5.4891821722077335e-08,1,14.1177,5.23406e-06,-172.794,-5.192719148755874e-06,-6.565454483461647e-07,1,14.118,1.67174e-05,-0.03,1.6717397708414988e-05,-8.753209771229962e-09,5.0,1,38.786,47.727,3.934,4.222,4.68,4.524,6.776,3.935,2.27511,3.0002,-51.956,0.4,10.5,2.273,3.0,-0.2158,-0.2158,0.011403389275074005,-0.22961520863836019
248465.636412,1620397247.688247,267.0031,0,85.78,3.25406e-06,1.026,3.253538284893312e-06,5.826759248059542e-08,1,14.1172,5.2336e-06,-172.776,-5.192056284100308e-06,-6.581189123057461e-07,1,14.118,1.67174e-05,-0.03,1.6717397708414988e-05,-8.753209771229962e-09,5.0,1,38.786,47.727,3.999,4.222,4.68,4.519,6.775,3.935,2.27515,3.00007,-51.924,0.4,10.6,2.273,3.0,-0.2158,-0.2158,0.011009396985173225,-0.22946879575402634
248466.206233,1620397248.258068,267.0031,0,85.78,3.25964e-06,1.14,3.25899480684196e-06,6.48519743503301e-08,1,14.1172,5.23173e-06,-172.758,-5.1899941915434666e-06,-6.595142793337207e-07,1,14.118,1.67174e-05,-0.024,1.671739853338558e-05,-7.002567932171597e-09,5.0,1,38.786,47.717,4.036,4.029,4.673,4.514,6.774,3.935,2.27493,2.99994,-51.812,0.4,10.6,2.273,3.0,-0.2147,-0.2147,0.011009396985173225,-0.22895635065885797
248466.470146,1620397248.521981,267.0031,0,85.78,3.25964e-06,1.17,3.2589604036931915e-06,6.655837107313535e-08,1,14.1177,5.23173e-06,-172.758,-5.1899941915434666e-06,-6.595142793337207e-07,1,14.118,1.67174e-05,-0.024,1.671739853338558e-05,-7.002567932171597e-09,5.0,1,38.79,47.729,4.036,4.029,4.665,4.514,6.774,3.934,2.27495,2.99998,-51.795,0.4,10.5,2.273,3.0,-0.2147,-0.2147,0.011009396985173225,-0.22887856881405566
248466.614101,1620397248.665936,267.0031,0,85.78,3.26151e-06,1.2,3.2607946969600432e-06,6.830391187376755e-08,1,14.1177,5.23127e-06,-172.77,-5.18967586354795e-06,-6.583693827995342e-07,1,14.118,1.67174e-05,-0.024,1.671739853338558e-05,-7.002567932171597e-09,5.0,1,38.79,47.729,4.005,4.029,4.665,4.509,6.774,3.934,2.27502,3.00011,-51.763,0.4,10.6,2.273,3.0,-0.2147,-0.2147,0.01219131238758564,-0.2287321559297218
248466.761053,1620397248.812888,267.0031,0,85.78,3.26151e-06,1.23,3.2607584861343718e-06,7.001125054360765e-08,1,14.1177,5.2308e-06,-172.788,-5.18941615872393e-06,-6.566799613015297e-07,1,14.118,1.67155e-05,-0.024,1.6715498533552265e-05,-7.001772062055961e-09,5.0,1,38.789,47.726,3.867,3.965,4.658,4.504,6.777,3.934,2.27487,2.99999,-51.697,0.4,10.6,2.273,3.0,-0.2147,-0.2147,0.011403389275074005,-0.2284301793557833
248467.308877,1620397249.360712,267.0031,0,85.78,3.25964e-06,1.29,3.2588138565713304e-06,7.338377081269956e-08,1,14.1177,5.22987e-06,-172.854,-5.189246380498483e-06,-6.505860583991947e-07,1,14.118,1.67155e-05,-0.024,1.6715498533552265e-05,-7.001772062055961e-09,5.0,1,38.789,47.726,3.867,3.979,4.658,4.504,6.777,3.934,2.27507,3.00003,-51.647,0.4,10.6,2.273,3.0,-0.2147,-0.2147,0.011009396985173225,-0.22820140922401172
248467.476824,1620397249.528659,267.0031,0,85.78,3.25964e-06,1.32,3.2587749862093897e-06,7.509007162064878e-08,1,14.1177,5.22941e-06,-172.872,-5.188994067202731e-06,-6.488986967430722e-07,1,14.118,1.67155e-05,-0.024,1.6715498533552265e-05,-7.001772062055961e-09,5.0,1,38.788,47.724,3.867,3.979,4.651,4.504,6.777,3.934,2.27497,3.00012,-51.631,0.4,10.5,2.273,3.0,-0.2136,-0.2136,0.011403389275074005,-0.2281282027818448
248467.617779,1620397249.669614,267.0031,0,85.78,3.25778e-06,1.35,3.2568757387155976e-06,7.675253067963847e-08,1,14.1172,5.22987e-06,-172.896,-5.189721890736741e-06,-6.467819676737029e-07,1,14.118,1.67155e-05,-0.024,1.6715498533552265e-05,-7.001772062055961e-09,5.0,1,38.788,47.724,3.802,3.979,4.651,4.499,6.777,3.934,2.27493,3.00031,-51.597,0.4,10.5,2.273,3.0,-0.2136,-0.2136,0.011403389275074005,-0.22797263909224014
248467.761735,1620397249.81357,267.0031,0,85.78,3.25778e-06,1.38,3.2568351047408686e-06,7.845781622971553e-08,1,14.1177,5.23034e-06,-172.92,-5.190458775093123e-06,-6.446659752606734e-07,1,14.118,1.67155e-05,-0.024,1.6715498533552265e-05,-7.001772062055961e-09,5.0,1,38.781,47.717,3.8,4.063,4.644,4.494,6.782,3.934,2.27505,3.00037,-51.529,0.4,10.5,2.273,3.0,-0.2136,-0.2136,0.011009396985173225,-0.22766151171303078
248468.332551,1620397250.384386,267.0031,0,85.78,3.25406e-06,1.38,3.253116183699658e-06,7.836822666983902e-08,1,14.1182,5.2336e-06,-172.968,-5.194232505761417e-06,-6.407165021220153e-07,1,14.118,1.67136e-05,-0.03,1.6713597708935884e-05,-8.7512200959736e-09,5.0,1,38.786,47.717,3.8,4.135,4.637,4.494,6.786,3.933,2.27495,3.00017,-51.462,0.4,10.6,2.273,3.0,-0.2136,-0.2136,0.010615435428917408,-0.2273549597364568
248468.583469,1620397250.635304,267.0031,0,85.78,3.25219e-06,1.38,3.2512467260794794e-06,7.832319105775054e-08,1,14.1177,5.23499e-06,-172.98,-5.195746163124115e-06,-6.397984905273221e-07,1,14.118,1.67136e-05,-0.03,1.6713597708935884e-05,-8.7512200959736e-09,5.0,1,38.786,47.725,3.8,4.135,4.637,4.489,6.786,3.933,2.27492,3.00004,-51.445,0.4,10.6,2.273,3.0,-0.2131,-0.2131,0.011009396985173225,-0.22727717789165447
248468.741419,1620397250.793254,267.0031,0,85.78,3.25219e-06,1.35,3.2512872903306795e-06,7.662083159421859e-08,1,14.1172,5.23639e-06,-172.98,-5.19713566809516e-06,-6.399695926472378e-07,1,14.118,1.67136e-05,-0.024,1.6713598533718953e-05,-7.000976191940325e-09,5.0,1,38.794,47.717,3.872,4.19,4.63,4.489,6.79,3.933,2.27492,3.00003,-51.392,0.4,10.6,2.273,3.0,-0.2131,-0.2131,0.011009396985173225,-0.2270346815519766
248469.321236,1620397251.373071,267.0031,0,85.78,3.25033e-06,1.236,3.2495737379715117e-06,7.011155672109677e-08,1,14.1177,5.24058e-06,-172.98,-5.201294257972789e-06,-6.40481676848986e-07,1,14.118,1.67136e-05,-0.024,1.6713598533718953e-05,-7.000976191940325e-09,5.0,1,38.792,47.717,3.979,4.195,4.63,4.484,6.795,3.933,2.27471,3.00012,-51.287,0.4,10.6,2.273,3.0,-0.2131,-0.2131,0.010615435428917408,-0.22655426427525624
248469.562156,1620397251.613991,267.0031,0,85.78,3.25033e-06,1.236,3.2495737379715117e-06,7.011155672109677e-08,1,14.1182,5.24151e-06,-172.974,-5.20215017476388e-06,-6.411401089497764e-07,1,14.118,1.67118e-05,-0.024,1.671179853387687e-05,-7.0002222097255135e-09,5.0,1,38.792,47.726,3.979,4.195,4.624,4.479,6.795,3.933,2.27471,3.00007,-51.27,0.4,10.6,2.273,3.0,-0.2131,-0.2131,0.010615435428917408,-0.2264764824304539
248469.701114,1620397251.752949,267.0031,0,85.78,3.24847e-06,1.206,3.247750414868625e-06,6.837092672088733e-08,1,14.1177,5.24198e-06,-172.974,-5.202616645414922e-06,-6.411975992247556e-07,1,14.118,1.67118e-05,-0.024,1.671179853387687e-05,-7.0002222097255135e-09,5.0,1,38.792,47.723,4.017,4.089,4.617,4.479,6.797,3.932,2.2748,2.99982,-51.215,0.4,10.5,2.273,3.0,-0.2126,-0.2126,0.010615435428917408,-0.22622483528550513
248470.311918,1620397252.363753,267.0031,0,85.78,3.24661e-06,1.116,3.24599415769367e-06,6.323306349183361e-08,1,14.1182,5.24105e-06,-172.938,-5.201289797416087e-06,-6.443520356104457e-07,1,14.118,1.67118e-05,-0.03,1.6711797709182624e-05,-8.750277618220588e-09,5.0,1,38.789,47.723,4.028,3.96,4.617,4.475,6.803,3.932,2.27488,3.0001,-51.109,0.4,10.5,2.273,3.0,-0.2126,-0.2126,0.011009396985173225,-0.22573984260614935
248470.562837,1620397252.614672,267.0031,0,85.78,3.24474e-06,1.086,3.2441571573952376e-06,6.149801396184532e-08,1,14.1177,5.24012e-06,-172.926,-5.200231809795679e-06,-6.453268464810305e-07,1,14.118,1.67118e-05,-0.03,1.6711797709182624e-05,-8.750277618220588e-09,5.0,1,38.789,47.722,4.028,3.96,4.611,4.475,6.803,3.932,2.27495,3.00016,-51.091,0.4,10.5,2.273,3.0,-0.2126,-0.2126,0.011009396985173225,-0.22565748535871155
248470.702792,1620397252.754627,267.0031,0,85.78,3.24474e-06,1.086,3.2441571573952376e-06,6.149801396184532e-08,1,14.1182,5.23872e-06,-172.908,-5.198639528909128e-06,-6.467876675258131e-07,1,14.118,1.67118e-05,-0.03,1.6711797709182624e-05,-8.750277618220588e-09,5.0,1,38.79,47.726,3.912,3.944,4.604,4.465,6.808,3.932,2.27479,3.0002,-51.017,0.4,10.6,2.273,3.0,-0.2115,-0.2115,0.011009396985173225,-0.2253189055636896
248471.301602,1620397253.353437,267.0031,0,85.78,3.23543e-06,1.122,3.2348096617180977e-06,6.335406344699549e-08,1,14.1177,5.22847e-06,-172.866,-5.187993363326807e-06,-6.493253444745541e-07,1,14.118,1.67099e-05,-0.03,1.6709897709443073e-05,-8.749282780592409e-09,5.0,1,38.786,47.726,3.807,4.005,4.604,4.465,6.816,3.932,2.27447,2.99982,-50.927,0.4,10.6,2.273,3.0,-0.2115,-0.2115,0.011009396985173225,-0.22490711932650076
248471.557519,1620397253.609354,267.0031,0,85.78,3.2317e-06,1.122,3.2310803768817052e-06,6.328102503891455e-08,1,14.1177,5.22661e-06,-172.86,-5.1860797612344265e-06,-6.49637439049404e-07,1,14.118,1.67099e-05,-0.03,1.6709897709443073e-05,-8.749282780592409e-09,5.0,1,38.786,47.721,3.807,4.005,4.598,4.465,6.816,3.932,2.27451,2.99974,-50.908,0.4,10.6,2.273,3.0,-0.2115,-0.2115,0.011009396985173225,-0.22482018667642753
248471.697473,1620397253.749308,267.0031,0,85.78,3.22984e-06,1.152,3.2291871760546866e-06,6.493541101709589e-08,1,14.1177,5.22428e-06,-172.854,-5.183699801469369e-06,-6.498906728415324e-07,1,14.118,1.67099e-05,-0.03,1.6709897709443073e-05,-8.749282780592409e-09,5.0,1,38.789,47.721,3.786,4.079,4.598,4.46,6.824,3.931,2.27466,2.9997,-50.87,0.4,10.5,2.273,3.0,-0.2115,-0.2115,0.010615435428917408,-0.2246463213762811
248472.308278,1620397254.360113,267.0031,0,85.78,3.22425e-06,1.212,3.223528655884518e-06,6.819873306267435e-08,1,14.1182,5.2145e-06,-172.854,-5.173995768749383e-06,-6.486740591109531e-07,1,14.118,1.67099e-05,-0.03,1.6709897709443073e-05,-8.749282780592409e-09,5.0,1,38.79,47.719,3.824,4.166,4.591,4.455,6.831,3.931,2.27465,2.99981,-50.74,0.4,10.5,2.273,3.0,-0.2109,-0.2109,0.011009396985173225,-0.22405151903367498
248472.562198,1620397254.614033,267.0031,0,85.78,3.22239e-06,1.212,3.2216690720123163e-06,6.815939069049583e-08,1,14.1182,5.21264e-06,-172.86,-5.172218092913193e-06,-6.479010487268966e-07,1,14.118,1.67099e-05,-0.03,1.6709897709443073e-05,-8.749282780592409e-09,5.0,1,38.79,47.717,3.824,4.166,4.585,4.451,6.831,3.931,2.27461,2.9999,-50.721,0.4,10.5,2.273,3.0,-0.2109,-0.2109,0.011009396985173225,-0.22396458638360175
248472.705152,1620397254.756987,267.0031,0,85.78,3.22239e-06,1.212,3.2216690720123163e-06,6.815939069049583e-08,1,14.1177,5.21171e-06,-172.86,-5.171295304685652e-06,-6.477854550976962e-07,1,14.118,1.6708e-05,-0.03,1.670799770970352e-05,-8.748287942964228e-09,5.0,1,38.793,47.717,3.912,4.187,4.585,4.451,6.838,3.931,2.27461,2.99994,-50.684,0.4,10.6,2.273,3.0,-0.2109,-0.2109,0.011009396985173225,-0.22379529648609076
248473.248978,1620397255.300813,267.0031,0,85.78,3.22053e-06,1.158,3.2198722597426587e-06,6.50854195630972e-08,1,14.1177,5.20798e-06,-172.866,-5.16766198837112e-06,-6.467806848880434e-07,1,14.118,1.6708e-05,-0.03,1.670799770970352e-05,-8.748287942964228e-09,5.0,1,38.793,47.711,3.993,4.113,4.579,4.446,6.845,3.93,2.27464,3.00004,-50.569,0.4,10.5,2.273,3.0,-0.2109,-0.2109,0.011009396985173225,-0.22326912518301611
248473.514892,1620397255.566727,267.0031,0,85.78,3.22053e-06,1.128,3.219905897013973e-06,6.33994895455787e-08,1,14.1182,5.20705e-06,-172.872,-5.166806878333882e-06,-6.46124124686344e-07,1,14.118,1.6708e-05,-0.024,1.670799853421024e-05,-6.9986304694942424e-09,5.0,1,38.792,47.726,3.993,4.113,4.573,4.441,6.845,3.93,2.27454,3.00009,-50.532,0.4,10.5,2.273,3.0,-0.2093,-0.2093,0.010615435428917408,-0.22309983528550512
248473.661848,1620397255.713683,267.0031,0,85.78,3.22053e-06,1.098,3.219938651529824e-06,6.171354214673059e-08,1,14.1182,5.20612e-06,-172.866,-5.165816387716284e-06,-6.46549690899224e-07,1,14.118,1.6708e-05,-0.024,1.670799853421024e-05,-6.9986304694942424e-09,5.0,1,38.792,47.726,4.03,4.113,4.573,4.441,6.845,3.93,2.27445,3.00014,-50.512,0.4,10.5,2.273,3.0,-0.2093,-0.2093,0.010221471078693867,-0.2230083272327965
248473.802801,1620397255.854636,267.0031,0,85.78,3.22053e-06,1.068,3.2199705232812323e-06,6.002757782876486e-08,1,14.1177,5.20473e-06,-172.866,-5.16443714851724e-06,-6.463770663591923e-07,1,14.118,1.6708e-05,-0.024,1.670799853421024e-05,-6.9986304694942424e-09,5.0,1,38.793,47.723,3.982,4.01,4.567,4.436,6.857,3.93,2.27461,2.99993,-50.417,0.4,10.6,2.273,3.0,-0.2093,-0.2093,0.010615435428917408,-0.22257366398243045
248474.363622,1620397256.415457,267.0031,0,85.78,3.21867e-06,0.918,3.2182568790079817e-06,5.156771875701735e-08,1,14.1177,5.20053e-06,-172.86,-5.160202001047041e-06,-6.463958456627904e-07,1,14.118,1.6708e-05,-0.03,1.670799770970352e-05,-8.748287942964228e-09,5.0,1,38.785,47.723,3.982,3.933,4.562,4.436,6.857,3.93,2.27444,2.99981,-50.359,0.4,10.6,2.273,3.0,-0.2093,-0.2093,0.011009396985173225,-0.2223082906295754
248474.641533,1620397256.693368,267.0031,0,85.78,3.21867e-06,0.858,3.2183091159802842e-06,4.8197540374999325e-08,1,14.1177,5.20007e-06,-172.86,-5.1597455681603e-06,-6.463386703193148e-07,1,14.118,1.6708e-05,-0.03,1.670799770970352e-05,-8.748287942964228e-09,5.0,1,38.785,47.731,3.842,3.933,4.562,4.431,6.857,3.93,2.27444,2.99959,-50.32,0.4,10.6,2.273,3.0,-0.2093,-0.2093,0.011009396985173225,-0.22212984992679355
248474.781487,1620397256.833322,267.0031,0,85.78,3.21867e-06,0.828,3.2183339109934097e-06,4.651243113255742e-08,1,14.1182,5.19914e-06,-172.86,-5.15882277993276e-06,-6.462230766901143e-07,1,14.118,1.6708e-05,-0.03,1.670799770970352e-05,-8.748287942964228e-09,5.0,1,38.792,47.728,3.842,3.942,4.556,4.427,6.865,3.929,2.27453,2.99956,-50.243,0.4,10.6,2.273,3.0,-0.2077,-0.2077,0.013373222202062607,-0.2217775439238653
248475.312335,1620397257.36417,267.0031,0,85.78,3.21494e-06,0.714,3.2146903748062364e-06,4.006242289403249e-08,1,14.1177,5.19821e-06,-172.86,-5.157899991705218e-06,-6.461074830609138e-07,1,14.118,1.6708e-05,-0.03,1.670799770970352e-05,-8.748287942964228e-09,5.0,1,38.792,47.728,3.789,4.025,4.551,4.427,6.874,3.929,2.27445,2.99959,-50.166,0.4,10.6,2.273,3.0,-0.2077,-0.2077,0.011009396985173225,-0.22142523792093705
248475.562237,1620397257.614072,267.0031,0,85.78,3.21494e-06,0.714,3.2146903748062364e-06,4.006242289403249e-08,1,14.1182,5.19867e-06,-172.866,-5.158424062512777e-06,-6.456244730407807e-07,1,14.118,1.6708e-05,-0.03,1.670799770970352e-05,-8.748287942964228e-09,5.0,1,38.792,47.725,3.789,4.025,4.551,4.427,6.874,3.929,2.27443,2.99956,-50.146,0.4,10.6,2.273,3.0,-0.2077,-0.2077,0.011009396985173225,-0.2213337298682284
248475.74218,1620397257.794015,267.0031,0,85.78,3.21494e-06,0.684,3.2147109107780534e-06,3.837920953509625e-08,1,14.1182,5.19914e-06,-172.872,-5.158958011430813e-06,-6.451426012083154e-07,1,14.118,1.6708e-05,-0.036,1.6707996701973103e-05,-1.0497945320498503e-08,5.0,1,38.796,47.725,3.799,4.136,4.551,4.422,6.883,3.929,2.27448,2.99956,-50.108,0.4,10.6,2.273,3.0,-0.2071,-0.2071,0.011009396985173225,-0.22115986456808198
248476.296003,1620397258.347838,267.0031,0,85.78,3.21867e-06,0.594,3.2184970302364312e-06,3.3368177344154646e-08,1,14.1177,5.20473e-06,-172.902,-5.164842259760144e-06,-6.431320274218443e-07,1,14.118,1.6708e-05,-0.042,1.6707995511019e-05,-1.224760258290993e-08,5.0,1,38.798,47.721,3.874,4.166,4.545,4.417,6.89,3.928,2.27424,2.99955,-49.989,0.4,10.6,2.273,3.0,-0.2071,-0.2071,0.011009396985173225,-0.2206154250797136
248476.549439,1620397258.601274,267.0031,0,85.78,3.22053e-06,0.594,3.220356930280934e-06,3.338746009443974e-08,1,14.1177,5.20659e-06,-172.908,-5.1667553495554215e-06,-6.428208039107308e-07,1,14.118,1.6708e-05,-0.042,1.6707995511019e-05,-1.224760258290993e-08,5.0,1,38.798,47.721,3.874,4.166,4.54,4.417,6.89,3.928,2.27434,2.9994,-49.95,0.4,10.6,2.273,3.0,-0.2071,-0.2071,0.010615435428917408,-0.22043710288462937
248476.69139,1620397258.743225,267.0031,0,85.78,3.22053e-06,0.594,3.220356930280934e-06,3.338746009443974e-08,1,14.1177,5.20845e-06,-172.92,-5.168735685850973e-06,-6.419679215589148e-07,1,14.118,1.6708e-05,-0.042,1.6707995511019e-05,-1.224760258290993e-08,5.0,1,38.798,47.723,3.979,4.166,4.54,4.413,6.89,3.928,2.27433,2.99931,-49.931,0.4,10.6,2.273,3.0,-0.2071,-0.2071,0.011009396985173225,-0.22035022796907544
248476.848351,1620397258.901177,267.0031,0,85.78,3.22239e-06,0.594,3.222216830325437e-06,3.340674284472484e-08,1,14.1177,5.21171e-06,-172.938,-5.172172379597866e-06,-6.407448788909314e-07,1,14.118,1.6708e-05,-0.048,1.670799413684122e-05,-1.3997259711011362e-08,5.0,1,38.791,47.72,4.013,4.151,4.535,4.408,6.897,3.928,2.27432,2.99927,-49.832,0.4,10.6,2.273,3.0,-0.2071,-0.2071,0.011009396985173225,-0.2198975639354
248477.35018,1620397259.402015,267.0031,0,85.78,3.22984e-06,0.564,3.2296835194191972e-06,3.179292361560181e-08,1,14.1177,5.21823e-06,-172.98,-5.179111803613598e-06,-6.377501537203295e-07,1,14.118,1.6708e-05,-0.048,1.670799413684122e-05,-1.3997259711011362e-08,5.0,1,38.798,47.72,4.013,4.012,4.535,4.408,6.903,3.928,2.27436,2.9993,-49.772,0.4,10.6,2.273,3.0,-0.206,-0.206,0.011009396985173225,-0.2196232220968088
248477.6001,1620397259.651935,267.0031,0,85.78,3.2317e-06,0.564,3.231543429305173e-06,3.181123252190213e-08,1,14.1177,5.21963e-06,-172.998,-5.180701461806948e-06,-6.362937219015706e-07,1,14.118,1.6708e-05,-0.048,1.670799413684122e-05,-1.3997259711011362e-08,5.0,1,38.798,47.731,4.013,4.012,4.53,4.403,6.903,3.928,2.2744,2.99925,-49.733,0.4,10.6,2.273,3.0,-0.206,-0.206,0.011009396985173225,-0.2194448999017245
248477.754051,1620397259.805886,267.0031,0,85.78,3.23543e-06,0.558,3.23527656596266e-06,3.1509151573138385e-08,1,14.1177,5.22056e-06,-173.01,-5.181757700914225e-06,-6.353218417590584e-07,1,14.118,1.6708e-05,-0.048,1.670799413684122e-05,-1.3997259711011362e-08,5.0,1,38.798,47.731,4.011,3.924,4.53,4.403,6.909,3.927,2.27447,2.99907,-49.713,0.4,10.6,2.273,3.0,-0.206,-0.206,0.010615435428917408,-0.21935345262219413
248478.324872,1620397260.376707,267.0031,0,85.78,3.24288e-06,0.558,3.2427262126607565e-06,3.158170550854106e-08,1,14.1177,5.22335e-06,-173.082,-5.185321665871886e-06,-6.291458049924577e-07,1,14.118,1.67099e-05,-0.048,1.6709894136174472e-05,-1.399885145110299e-08,5.0,1,38.805,47.729,3.884,3.915,4.525,4.399,6.917,3.927,2.2741,2.9993,-49.575,0.4,10.6,2.273,3.0,-0.206,-0.206,0.011009396985173225,-0.2187224663934344
248478.577787,1620397260.629622,267.0031,0,85.78,3.24474e-06,0.558,3.244586124453838e-06,3.159981964543354e-08,1,14.1177,5.22428e-06,-173.1,-5.186442326295164e-06,-6.276284843870711e-07,1,14.118,1.67099e-05,-0.048,1.6709894136174472e-05,-1.399885145110299e-08,5.0,1,38.805,47.731,3.884,3.915,4.52,4.399,6.917,3.927,2.27402,2.99939,-49.555,0.4,10.6,2.273,3.0,-0.2049,-0.2049,0.011009396985173225,-0.21863101911390398
248478.719742,1620397260.771577,267.0031,0,85.78,3.24474e-06,0.558,3.244586124453838e-06,3.159981964543354e-08,1,14.1177,5.22475e-06,-173.118,-5.187105859321295e-06,-6.260554022566204e-07,1,14.118,1.67099e-05,-0.048,1.6709894136174472e-05,-1.399885145110299e-08,5.0,1,38.805,47.731,3.794,3.915,4.52,4.395,6.917,3.927,2.27408,2.99958,-49.514,0.4,10.5,2.273,3.0,-0.2049,-0.2049,0.010615435428917408,-0.2184435521908667
248478.863696,1620397260.915531,267.0031,0,85.78,3.24661e-06,0.588,3.2464390355938702e-06,3.331786716372162e-08,1,14.1182,5.22568e-06,-173.136,-5.188225618795946e-06,-6.245369411567429e-07,1,14.118,1.67099e-05,-0.048,1.6709894136174472e-05,-1.399885145110299e-08,5.0,1,38.799,47.728,3.778,4.062,4.515,4.391,6.933,3.927,2.27397,2.99982,-49.415,0.4,10.6,2.273,3.0,-0.2049,-0.2049,0.011009396985173225,-0.2179908881571912
248479.537486,1620397261.589321,267.0031,0,85.78,3.24847e-06,0.588,3.24829893764746e-06,3.333695514562413e-08,1,14.1177,5.22568e-06,-173.196,-5.188876787469061e-06,-6.191035025460264e-07,1,14.118,1.67099e-05,-0.048,1.6709894136174472e-05,-1.399885145110299e-08,5.0,1,38.796,47.73,3.778,4.062,4.511,4.391,6.933,3.927,2.27433,2.99981,-49.355,0.4,10.6,2.273,3.0,-0.2049,-0.2049,0.009433513507246971,-0.2177165463186
248479.703432,1620397261.755267,267.0031,0,85.78,3.24847e-06,0.588,3.24829893764746e-06,3.333695514562413e-08,1,14.1177,5.22568e-06,-173.202,-5.1889415913849225e-06,-6.185601212458763e-07,1,14.118,1.67099e-05,-0.048,1.6709894136174472e-05,-1.399885145110299e-08,5.0,1,38.796,47.73,3.827,4.062,4.511,4.387,6.94,3.927,2.27416,2.99991,-49.316,0.4,10.6,2.273,3.0,-0.2039,-0.2039,0.012585273012518883,-0.21753822412351576
248479.858384,1620397261.910219,267.0031,0,85.78,3.24847e-06,0.588,3.24829893764746e-06,3.333695514562413e-08,1,14.1177,5.22568e-06,-173.214,-5.189071028506599e-06,-6.174733383017204e-07,1,14.118,1.6708e-05,-0.042,1.6707995511019e-05,-1.224760258290993e-08,5.0,1,38.795,47.73,3.921,4.136,4.506,4.383,6.94,3.926,2.27418,3.0003,-49.236,0.4,10.5,2.273,3.0,-0.2039,-0.2039,0.010615435428917408,-0.21717243500539415
248480.403211,1620397262.455046,267.0031,0,85.78,3.24847e-06,0.678,3.248242564674943e-06,3.843932795911686e-08,1,14.1177,5.22335e-06,-173.232,-5.186950994049163e-06,-6.155685240754237e-07,1,14.118,1.67099e-05,-0.042,1.670989551050852e-05,-1.2248995355528288e-08,5.0,1,38.806,47.73,3.921,4.152,4.502,4.383,6.947,3.926,2.27404,3.00025,-49.156,0.4,10.6,2.273,3.0,-0.2039,-0.2039,0.00864558294415474,-0.21680664588727258
248480.662127,1620397262.713962,267.0031,0,85.78,3.24661e-06,0.678,3.2463826948992344e-06,3.841731847465064e-08,1,14.1177,5.22335e-06,-173.232,-5.186950994049163e-06,-6.155685240754237e-07,1,14.118,1.67099e-05,-0.042,1.670989551050852e-05,-1.2248995355528288e-08,5.0,1,38.806,47.731,3.988,4.152,4.502,4.379,6.953,3.926,2.27406,3.00029,-49.136,0.4,10.5,2.273,3.0,-0.2039,-0.2039,0.010615435428917408,-0.2167151986077422
248480.837069,1620397262.888904,267.0031,0,85.78,3.24474e-06,0.708,3.244492277398961e-06,4.009400826188372e-08,1,14.1177,5.22289e-06,-173.232,-5.186494199567219e-06,-6.155143133637015e-07,1,14.118,1.67099e-05,-0.042,1.670989551050852e-05,-1.2248995355528288e-08,5.0,1,38.799,47.72,4.026,4.066,4.498,4.375,6.953,3.925,2.27404,3.00023,-49.056,0.4,10.5,2.273,3.0,-0.2028,-0.2028,0.011403389275074005,-0.21634940948962056
248481.312917,1620397263.364752,267.0031,0,85.78,3.24102e-06,0.738,3.2407511480630127e-06,4.174490062591121e-08,1,14.1177,5.22102e-06,-173.226,-5.1845727688369285e-06,-6.158368656020777e-07,1,14.118,1.6708e-05,-0.036,1.6707996701973103e-05,-1.0497945320498503e-08,5.0,1,38.799,47.72,4.026,3.932,4.498,4.375,6.959,3.925,2.27406,3.00036,-48.976,0.4,10.6,2.273,3.0,-0.2028,-0.2028,0.011009396985173225,-0.21598363278928356
248481.562839,1620397263.614674,267.0031,0,85.78,3.24102e-06,0.738,3.2407511480630127e-06,4.174490062591121e-08,1,14.1177,5.22056e-06,-173.22,-5.184051467005625e-06,-6.163254830337879e-07,1,14.118,1.6708e-05,-0.036,1.6707996701973103e-05,-1.0497945320498503e-08,5.0,1,38.795,47.728,4.026,3.932,4.493,4.375,6.959,3.925,2.27403,3.00031,-48.956,0.4,10.6,2.273,3.0,-0.2028,-0.2028,0.011009396985173225,-0.215892195857907
248481.700796,1620397263.752631,267.0031,0,85.78,3.24102e-06,0.738,3.2407511480630127e-06,4.174490062591121e-08,1,14.1177,5.22009e-06,-173.214,-5.183520189754637e-06,-6.168128164249299e-07,1,14.118,1.6708e-05,-0.036,1.6707996701973103e-05,-1.0497945320498503e-08,5.0,1,38.795,47.728,3.957,3.932,4.493,4.371,6.959,3.925,2.27396,3.00034,-48.915,0.4,10.6,2.273,3.0,-0.2028,-0.2028,0.011009396985173225,-0.21570475014858498
248481.857746,1620397263.909581,267.0031,0,85.78,3.23915e-06,0.738,3.2388813031848947e-06,4.172081470105716e-08,1,14.1177,5.21963e-06,-173.214,-5.183063412326032e-06,-6.167584622096663e-07,1,14.118,1.6708e-05,-0.03,1.670799770970352e-05,-8.748287942964228e-09,5.0,1,38.807,47.731,3.818,3.902,4.49,4.367,6.964,3.925,2.274,3.00031,-48.836,0.4,10.6,2.273,3.0,-0.2028,-0.2028,0.011009396985173225,-0.2153435742696475
248482.352588,1620397264.404423,267.0031,0,85.78,3.23543e-06,0.738,3.235161611769601e-06,4.1672900454823447e-08,1,14.1172,5.21823e-06,-173.202,-5.181543967562603e-06,-6.176782699072406e-07,1,14.118,1.6708e-05,-0.03,1.670799770970352e-05,-8.748287942964228e-09,5.0,1,38.806,47.731,3.818,3.941,4.49,4.367,6.969,3.925,2.27363,2.9999,-48.776,0.4,10.6,2.273,3.0,-0.2011,-0.2011,0.011009396985173225,-0.21506926347551775
248482.596509,1620397264.648344,267.0031,0,85.78,3.23543e-06,0.738,3.235161611769601e-06,4.1672900454823447e-08,1,14.1177,5.21823e-06,-173.202,-5.181543967562603e-06,-6.176782699072406e-07,1,14.118,1.6708e-05,-0.024,1.670799853421024e-05,-6.9986304694942424e-09,5.0,1,38.806,47.737,3.818,3.941,4.485,4.367,6.969,3.925,2.27363,2.99978,-48.755,0.4,10.5,2.273,3.0,-0.2011,-0.2011,0.011009396985173225,-0.21497325469757234
248482.74946,1620397264.801295,267.0031,0,85.78,3.23543e-06,0.738,3.235161611769601e-06,4.1672900454823447e-08,1,14.1177,5.21823e-06,-173.202,-5.181543967562603e-06,-6.176782699072406e-07,1,14.118,1.6708e-05,-0.024,1.670799853421024e-05,-6.9986304694942424e-09,5.0,1,38.807,47.737,3.779,4.019,4.485,4.363,6.976,3.924,2.27366,2.99993,-48.696,0.4,10.6,2.273,3.0,-0.2011,-0.2011,0.010615435428917408,-0.2147035157500114
248483.306283,1620397265.358118,267.0031,0,85.78,3.23543e-06,0.678,3.2352034776452453e-06,3.828502490673008e-08,1,14.1177,5.22009e-06,-173.178,-5.183131611671753e-06,-6.200695962462429e-07,1,14.118,1.67062e-05,-0.018,1.6706199175582083e-05,-5.248407432607336e-09,5.0,1,38.799,47.728,3.8,4.114,4.478,4.36,6.983,3.924,2.27371,3.00023,-48.576,0.4,10.5,2.273,3.0,-0.2011,-0.2011,0.011403389275074005,-0.21415489416175193
248483.60019,1620397265.652025,267.0031,0,85.78,3.23543e-06,0.648,3.2352230801618034e-06,3.659107115639624e-08,1,14.1177,5.22242e-06,-173.16,-5.1852499717574855e-06,-6.219753908226509e-07,1,14.118,1.67062e-05,-0.018,1.6706199175582083e-05,-5.248407432607336e-09,5.0,1,38.799,47.732,3.883,4.114,4.478,4.356,6.983,3.924,2.27383,3.00042,-48.517,0.4,10.6,2.273,3.0,-0.1995,-0.1995,0.011009396985173225,-0.213885155214191
248483.863107,1620397265.914942,267.0031,0,85.78,3.23729e-06,0.648,3.2370829612067034e-06,3.6612106812352604e-08,1,14.1177,5.22382e-06,-173.148,-5.186509592506747e-06,-6.23228400536674e-07,1,14.118,1.67062e-05,-0.018,1.6706199175582083e-05,-5.248407432607336e-09,5.0,1,38.798,47.731,3.883,4.136,4.475,4.352,6.988,3.923,2.27383,3.00066,-48.457,0.4,10.5,2.273,3.0,-0.1995,-0.1995,0.010615435428917408,-0.21361084442006126
248484.367943,1620397266.419778,267.0031,0,85.78,3.23915e-06,0.588,3.2389794284326993e-06,3.324130998899433e-08,1,14.1172,5.22941e-06,-173.106,-5.1916009326335484e-06,-6.277011266347001e-07,1,14.118,1.67043e-05,-0.018,1.6704299175675842e-05,-5.247810530012972e-09,5.0,1,38.797,47.731,3.976,4.087,4.475,4.352,6.992,3.923,2.27377,3.00078,-48.377,0.4,10.5,2.273,3.0,-0.1995,-0.1995,0.011009396985173225,-0.21324509669455494
248484.606867,1620397266.658702,267.0031,0,85.78,3.23915e-06,0.588,3.2389794284326993e-06,3.324130998899433e-08,1,14.1177,5.23127e-06,-173.094,-5.193315858599182e-06,-6.290120871034484e-07,1,14.118,1.67043e-05,-0.018,1.6704299175675842e-05,-5.247810530012972e-09,5.0,1,38.797,47.728,3.976,4.087,4.471,4.348,6.992,3.923,2.27364,3.00096,-48.337,0.4,10.5,2.273,3.0,-0.1995,-0.1995,0.011009396985173225,-0.21306222283180176
248484.762816,1620397266.814651,267.0031,0,85.78,3.23915e-06,0.558,3.2389963895488237e-06,3.154537984692334e-08,1,14.1172,5.23266e-06,-173.082,-5.194563884890191e-06,-6.302671825460353e-07,1,14.118,1.67043e-05,-0.018,1.6704299175675842e-05,-5.247810530012972e-09,5.0,1,38.796,47.73,4.012,3.991,4.468,4.344,6.997,3.922,2.27358,3.00106,-48.296,0.4,10.5,2.273,3.0,-0.1995,-0.1995,0.011009396985173225,-0.21287477712247976
248485.313642,1620397267.365477,267.0031,0,85.78,3.23915e-06,0.498,3.239027647808974e-06,2.8153494082698195e-08,1,14.1172,5.23825e-06,-173.046,-5.199715729142101e-06,-6.342076935927473e-07,1,14.118,1.67062e-05,-0.012,1.6706199633592032e-05,-3.4989383203800186e-09,5.0,1,38.797,47.73,3.989,3.892,4.468,4.344,7.001,3.922,2.27353,3.0013,-48.179,0.4,10.5,2.273,3.0,-0.199,-0.199,0.011797350831329823,-0.21233987107392677
248485.563561,1620397267.615396,267.0031,0,85.78,3.23915e-06,0.468,3.2390419449444315e-06,2.645753939044877e-08,1,14.1172,5.23872e-06,-173.04,-5.200115823122808e-06,-6.3480915597351e-07,1,14.118,1.67062e-05,-0.012,1.6706199633592032e-05,-3.4989383203800186e-09,5.0,1,38.797,47.726,3.989,3.892,4.464,4.344,7.001,3.922,2.2734,3.00139,-48.16,0.4,10.5,2.273,3.0,-0.199,-0.199,0.010615435428917408,-0.21225300598911898
248485.704516,1620397267.756351,267.0031,0,85.78,3.23915e-06,0.468,3.2390419449444315e-06,2.645753939044877e-08,1,14.1177,5.23918e-06,-173.034,-5.2005059219667215e-06,-6.354094963006639e-07,1,14.118,1.67062e-05,-0.012,1.6706199633592032e-05,-3.4989383203800186e-09,5.0,1,38.797,47.726,3.855,3.892,4.464,4.34,7.004,3.922,2.27359,3.00141,-48.121,0.4,10.5,2.273,3.0,-0.199,-0.199,0.011009396985173225,-0.21207470397293465
248485.863464,1620397267.915299,267.0031,0,85.78,3.23915e-06,0.468,3.2390419449444315e-06,2.645753939044877e-08,1,14.1177,5.24012e-06,-173.034,-5.201438983164589e-06,-6.355234998139089e-07,1,14.118,1.67062e-05,-0.018,1.6706199175582083e-05,-5.248407432607336e-09,5.0,1,38.796,47.728,3.784,3.901,4.462,4.337,7.004,3.922,2.27356,3.00147,-48.044,0.4,10.5,2.273,3.0,-0.199,-0.199,0.011009396985173225,-0.2117226717871348
248486.3753,1620397268.427135,267.0031,0,85.78,3.24102e-06,0.498,3.240897577173592e-06,2.8169747431241684e-08,1,14.1172,5.24198e-06,-173.04,-5.203351800152194e-06,-6.352041909913147e-07,1,14.118,1.67062e-05,-0.018,1.6706199175582083e-05,-5.248407432607336e-09,5.0,1,38.803,47.728,3.784,3.974,4.458,4.337,7.01,3.922,2.27345,3.00147,-47.986,0.4,10.5,2.273,3.0,-0.199,-0.199,0.010615435428917408,-0.21145753980033027
248486.64522,1620397268.697055,267.0031,0,85.78,3.24102e-06,0.528,3.240882383273776e-06,2.986667349550409e-08,1,14.1177,5.24338e-06,-173.046,-5.2048079911934534e-06,-6.348287951950249e-07,1,14.118,1.67062e-05,-0.018,1.6706199175582083e-05,-5.248407432607336e-09,5.0,1,38.803,47.729,3.784,3.974,4.458,4.333,7.01,3.922,2.27355,3.00167,-47.949,0.4,10.5,2.273,3.0,-0.199,-0.199,0.011403389275074005,-0.21128847427906497
248486.790174,1620397268.842009,267.0031,0,85.78,3.24288e-06,0.528,3.242742304296445e-06,2.988381378242044e-08,1,14.1177,5.24384e-06,-173.052,-5.205331063690816e-06,-6.34339391000933e-07,1,14.118,1.67062e-05,-0.018,1.6706199175582083e-05,-5.248407432607336e-09,5.0,1,38.801,47.729,3.772,4.053,4.455,4.333,7.013,3.921,2.27328,3.00186,-47.893,0.4,10.5,2.273,3.0,-0.1979,-0.1979,0.010615435428917408,-0.2110325913279608
