 26.3900	30
 26.3920	41
 26.3940	43
 26.3960	38
 26.3980	31
 26.4000	23
 26.4020	40
 26.4040	38
 26.4060	33
 26.4080	48
 26.4100	35
 26.4120	35
 26.4140	39
 26.4160	44
 26.4180	30
 26.4200	37
 26.4220	35
 26.4240	42
 26.4260	42
 26.4280	33
 26.4300	29
 26.4320	32
 26.4340	42
 26.4360	36
 26.4380	34
 26.4400	37
 26.4420	51
 26.4440	40
 26.4460	39
 26.4480	33
 26.4500	35
 26.4520	39
 26.4540	38
 26.4560	44
 26.4580	48
 26.4600	50
 26.4620	34
 26.4640	40
 26.4660	35
 26.4680	38
 26.4700	29
 26.4720	48
 26.4740	38
 26.4760	39
 26.4780	37
 26.4800	45
 26.4820	54
 26.4840	42
 26.4860	44
 26.4880	35
 26.4900	50
 26.4920	38
 26.4940	41
 26.4960	36
 26.4980	35
 26.5000	44
 26.5020	40
 26.5040	37
 26.5060	36
 26.5080	46
 26.5100	40
 26.5120	52
 26.5140	47
 26.5160	41
 26.5180	40
 26.5200	43
 26.5220	43
 26.5240	45
 26.5260	47
 26.5280	35
 26.5300	39
 26.5320	43
 26.5340	49
 26.5360	46
 26.5380	59
 26.5400	47
 26.5420	46
 26.5440	53
 26.5460	38
 26.5480	57
 26.5500	56
 26.5520	47
 26.5540	56
 26.5560	63
 26.5580	57
 26.5600	51
 26.5620	51
 26.5640	44
 26.5660	51
 26.5680	57
 26.5700	47
 26.5720	60
 26.5740	55
 26.5760	53
 26.5780	63
 26.5800	54
 26.5820	51
 26.5840	58
 26.5860	64
 26.5880	61
 26.5900	58
 26.5920	47
 26.5940	80
 26.5960	55
 26.5980	74
 26.6000	66
 26.6020	58
 26.6040	65
 26.6060	61
 26.6080	47
 26.6100	72
 26.6120	67
 26.6140	58
 26.6160	66
 26.6180	71
 26.6200	74
 26.6220	74
 26.6240	74
 26.6260	78
 26.6280	65
 26.6300	72
 26.6320	84
 26.6340	84
 26.6360	95
 26.6380	81
 26.6400	99
 26.6420	82
 26.6440	98
 26.6460	111
 26.6480	85
 26.6500	90
 26.6520	99
 26.6540	115
 26.6560	113
 26.6580	118
 26.6600	95
 26.6620	116
 26.6640	129
 26.6660	128
 26.6680	139
 26.6700	138
 26.6720	123
 26.6740	161
 26.6760	147
 26.6780	137
 26.6800	157
 26.6820	170
 26.6840	153
 26.6860	155
 26.6880	170
 26.6900	174
 26.6920	176
 26.6940	191
 26.6960	163
 26.6980	174
 26.7000	197
 26.7020	196
 26.7040	188
 26.7060	197
 26.7080	208
 26.7100	243
 26.7120	241
 26.7140	275
 26.7160	340
 26.7180	344
 26.7200	298
 26.7220	336
 26.7240	343
 26.7260	369
 26.7280	358
 26.7300	363
 26.7320	382
 26.7340	407
 26.7360	436
 26.7380	399
 26.7400	436
 26.7420	491
 26.7440	472
 26.7460	465
 26.7480	466
 26.7500	482
 26.7520	518
 26.7540	550
 26.7560	559
 26.7580	597
 26.7600	586
 26.7620	659
 26.7640	641
 26.7660	659
 26.7680	708
 26.7700	698
 26.7720	712
 26.7740	672
 26.7760	731
 26.7780	646
 26.7800	676
 26.7820	701
 26.7840	711
 26.7860	714
 26.7880	713
 26.7900	712
 26.7920	640
 26.7940	621
 26.7960	612
 26.7980	608
 26.8000	638
 26.8020	611
 26.8040	642
 26.8060	641
 26.8080	669
 26.8100	656
 26.8120	696
 26.8140	654
 26.8160	654
 26.8180	683
 26.8200	644
 26.8220	651
 26.8240	648
 26.8260	635
 26.8280	688
 26.8300	642
 26.8320	670
 26.8340	683
 26.8360	733
 26.8380	830
 26.8400	686
 26.8420	595
 26.8440	536
 26.8460	485
 26.8480	345
 26.8500	340
 26.8520	343
 26.8540	332
 26.8560	293
 26.8580	301
 26.8600	278
 26.8620	296
 26.8640	288
 26.8660	261
 26.8680	275
 26.8700	293
 26.8720	265
 26.8740	261
 26.8760	243
 26.8780	251
 26.8800	268
 26.8820	245
 26.8840	239
 26.8860	261
 26.8880	226
 26.8900	243
 26.8920	259
 26.8940	245
 26.8960	224
 26.8980	197
 26.9000	235
 26.9020	205
 26.9040	195
 26.9060	233
 26.9080	225
 26.9100	227
 26.9120	213
 26.9140	221
 26.9160	217
 26.9180	211
 26.9200	204
 26.9220	201
 26.9240	201
 26.9260	196
 26.9280	178
 26.9300	184
 26.9320	174
 26.9340	180
 26.9360	198
 26.9380	179
 26.9400	194
 26.9420	153
 26.9440	184
 26.9460	167
 26.9480	174
 26.9500	177
 26.9520	203
 26.9540	217
 26.9560	176
 26.9580	175
 26.9600	190
 26.9620	168
 26.9640	168
 26.9660	177
 26.9680	159
 26.9700	164
 26.9720	186
 26.9740	188
 26.9760	179
 26.9780	161
 26.9800	176
 26.9820	171
 26.9840	170
 26.9860	167
 26.9880	175
 26.9900	178
 26.9920	154
 26.9940	179
 26.9960	178
 26.9980	143
 27.0000	173
 27.0020	163
 27.0040	162
 27.0060	157
 27.0080	162
 27.0100	144
 27.0120	126
 27.0140	118
 27.0160	134
 27.0180	124
 27.0200	130
 27.0220	109
 27.0240	134
 27.0260	101
 27.0280	112
 27.0300	102
 27.0320	95
 27.0340	84
 27.0360	102
 27.0380	120
 27.0400	98
 27.0420	109
 27.0440	119
 27.0460	103
 27.0480	95
 27.0500	97
 27.0520	120
 27.0540	88
 27.0560	133
 27.0580	118
 27.0600	119
 27.0620	103
 27.0640	104
 27.0660	108
 27.0680	84
 27.0700	101
 27.0720	105
 27.0740	93
 27.0760	103
 27.0780	86
 27.0800	97
 27.0820	105
 27.0840	89
 27.0860	109
 27.0880	97
 27.0900	91
 27.0920	95
 27.0940	100
 27.0960	99
 27.0980	79
 27.1000	89
 27.1020	88
 27.1040	67
 27.1060	97
 27.1080	88
 27.1100	91
 27.1120	85
 27.1140	79
 27.1160	84
 27.1180	88
 27.1200	76
 27.1220	100
 27.1240	92
 27.1260	92
 27.1280	93
 27.1300	94
 27.1320	91
 27.1340	88
 27.1360	88
 27.1380	73
 27.1400	97
 27.1420	86
 27.1440	78
 27.1460	93
 27.1480	95
 27.1500	59
 27.1520	73
 27.1540	80
 27.1560	78
 27.1580	87
 27.1600	86
 27.1620	88
 27.1640	75
 27.1660	90
 27.1680	109
 27.1700	94
 27.1720	88
 27.1740	95
 27.1760	102
 27.1780	111
 27.1800	92
 27.1820	106
 27.1840	83
 27.1860	85
