 53.4575	2
 53.4577	1
 53.4579	2
 53.4581	1
 53.4583	3
 53.4585	1
 53.4587	1
 53.4589	5
 53.4591	2
 53.4593	2
 53.4595	3
 53.4597	0
 53.4599	1
 53.4601	3
 53.4603	1
 53.4605	2
 53.4607	1
 53.4609	1
 53.4611	4
 53.4613	3
 53.4615	1
 53.4617	3
 53.4619	2
 53.4621	0
 53.4623	2
 53.4625	0
 53.4627	2
 53.4629	2
 53.4631	4
 53.4633	0
 53.4635	1
 53.4637	3
 53.4639	4
 53.4641	3
 53.4643	2
 53.4645	0
 53.4647	8
 53.4649	4
 53.4651	2
 53.4653	2
 53.4655	1
 53.4657	3
 53.4659	2
 53.4661	3
 53.4663	3
 53.4665	2
 53.4667	0
 53.4669	2
 53.4671	3
 53.4673	5
 53.4675	0
 53.4677	3
 53.4679	6
 53.4681	4
 53.4683	5
 53.4685	4
 53.4687	4
 53.4689	3
 53.4691	3
 53.4693	2
 53.4695	4
 53.4697	3
 53.4699	6
 53.4701	3
 53.4703	2
 53.4705	5
 53.4707	6
 53.4709	1
 53.4711	3
 53.4713	2
 53.4715	5
 53.4717	0
 53.4719	7
 53.4721	6
 53.4723	5
 53.4725	6
 53.4727	9
 53.4729	8
 53.4731	6
 53.4733	11
 53.4735	9
 53.4737	6
 53.4739	5
 53.4741	6
 53.4743	9
 53.4745	11
 53.4747	10
 53.4749	8
 53.4751	13
 53.4753	11
 53.4755	11
 53.4757	9
 53.4759	12
 53.4761	8
 53.4763	22
 53.4765	10
 53.4767	14
 53.4769	9
 53.4771	14
 53.4773	22
 53.4775	21
 53.4777	21
 53.4779	15
 53.4781	19
 53.4783	18
 53.4785	27
 53.4787	21
 53.4789	20
 53.4791	23
 53.4793	19
 53.4795	32
 53.4797	22
 53.4799	34
 53.4801	25
 53.4803	35
 53.4805	33
 53.4807	33
 53.4809	32
 53.4811	24
 53.4813	35
 53.4815	29
 53.4817	38
 53.4819	24
 53.4821	39
 53.4823	21
 53.4825	37
 53.4827	35
 53.4829	29
 53.4831	38
 53.4833	33
 53.4835	28
 53.4837	31
 53.4839	19
 53.4841	33
 53.4843	33
 53.4845	32
 53.4847	29
 53.4849	33
 53.4851	37
 53.4853	22
 53.4855	32
 53.4857	26
 53.4859	17
 53.4861	20
 53.4863	30
 53.4865	28
 53.4867	19
 53.4869	28
 53.4871	32
 53.4873	18
 53.4875	16
 53.4877	14
 53.4879	11
 53.4881	19
 53.4883	17
 53.4885	16
 53.4887	28
 53.4889	15
 53.4891	22
 53.4893	18
 53.4895	16
 53.4897	19
 53.4899	29
 53.4901	29
 53.4903	24
 53.4905	16
 53.4907	18
 53.4909	28
 53.4911	16
 53.4913	23
 53.4915	23
 53.4917	23
 53.4919	24
 53.4921	18
 53.4923	23
 53.4925	25
 53.4927	23
 53.4929	17
 53.4931	38
 53.4933	27
 53.4935	27
 53.4937	34
 53.4939	31
 53.4941	36
 53.4943	35
 53.4945	42
 53.4947	29
 53.4949	40
 53.4951	38
 53.4953	42
 53.4955	43
 53.4957	34
 53.4959	58
 53.4961	59
 53.4963	63
 53.4965	58
 53.4967	63
 53.4969	43
 53.4971	79
 53.4973	65
 53.4975	66
 53.4977	74
 53.4979	63
 53.4981	55
 53.4983	73
 53.4985	67
 53.4987	71
 53.4989	69
 53.4991	79
 53.4993	59
 53.4995	73
 53.4997	77
 53.4999	84
 53.5001	68
 53.5003	59
 53.5005	67
 53.5007	81
 53.5009	64
 53.5011	57
 53.5013	55
 53.5015	97
 53.5017	63
 53.5019	71
 53.5021	77
 53.5023	63
 53.5025	69
 53.5027	69
 53.5029	56
 53.5031	62
 53.5033	53
 53.5035	65
 53.5037	61
 53.5039	57
 53.5041	51
 53.5043	46
 53.5045	45
 53.5047	58
 53.5049	47
 53.5051	57
 53.5053	52
 53.5055	41
 53.5057	36
 53.5059	38
 53.5061	35
 53.5063	44
 53.5065	67
 53.5067	55
 53.5069	53
 53.5071	47
 53.5073	33
 53.5075	37
 53.5077	51
 53.5079	53
 53.5081	50
 53.5083	49
 53.5085	41
 53.5087	46
 53.5089	55
 53.5091	58
 53.5093	42
 53.5095	48
 53.5097	53
 53.5099	48
 53.5101	27
 53.5103	68
 53.5105	47
 53.5107	54
 53.5109	72
 53.5111	62
 53.5113	61
 53.5115	75
 53.5117	60
 53.5119	77
 53.5121	63
 53.5123	52
 53.5125	73
 53.5127	71
 53.5129	60
 53.5131	74
 53.5133	81
 53.5135	92
 53.5137	86
 53.5139	77
 53.5141	77
 53.5143	89
 53.5145	81
 53.5147	86
 53.5149	88
 53.5151	99
 53.5153	92
 53.5155	101
 53.5157	84
 53.5159	103
 53.5161	94
 53.5163	106
 53.5165	98
 53.5167	82
 53.5169	95
 53.5171	112
 53.5173	109
 53.5175	118
 53.5177	86
 53.5179	89
 53.5181	89
 53.5183	85
 53.5185	84
 53.5187	93
 53.5189	83
 53.5191	95
 53.5193	97
 53.5195	86
 53.5197	87
 53.5199	72
 53.5201	94
 53.5203	78
 53.5205	93
 53.5207	99
 53.5209	83
 53.5211	67
 53.5213	81
 53.5215	74
 53.5217	81
 53.5219	81
 53.5221	90
 53.5223	89
 53.5225	85
 53.5227	88
 53.5229	87
 53.5231	79
 53.5233	91
 53.5235	93
 53.5237	102
 53.5239	97
 53.5241	97
 53.5243	102
 53.5245	99
 53.5247	108
 53.5249	115
 53.5251	97
 53.5253	134
 53.5255	135
 53.5257	133
 53.5259	163
 53.5261	132
 53.5263	134
 53.5265	128
 53.5267	142
 53.5269	149
 53.5271	128
 53.5273	173
 53.5275	127
 53.5277	175
 53.5279	156
 53.5281	168
 53.5283	190
 53.5285	169
 53.5287	179
 53.5289	170
 53.5291	183
 53.5293	200
 53.5295	182
 53.5297	204
 53.5299	216
 53.5301	210
 53.5303	213
 53.5305	217
 53.5307	235
 53.5309	216
 53.5311	232
 53.5313	230
 53.5315	269
 53.5317	222
 53.5319	235
 53.5321	236
 53.5323	215
 53.5325	241
 53.5327	221
 53.5329	254
 53.5331	239
 53.5333	223
 53.5335	200
 53.5337	194
 53.5339	221
 53.5341	243
 53.5343	223
 53.5345	194
 53.5347	201
 53.5349	214
 53.5351	189
 53.5353	182
 53.5355	187
 53.5357	187
 53.5359	173
 53.5361	148
 53.5363	186
 53.5365	147
 53.5367	152
 53.5369	161
 53.5371	153
 53.5373	140
 53.5375	132
 53.5377	118
 53.5379	109
 53.5381	106
 53.5383	110
 53.5385	88
 53.5387	103
 53.5389	86
 53.5391	89
 53.5393	88
 53.5395	70
 53.5397	69
 53.5399	69
 53.5401	53
 53.5403	65
 53.5405	59
 53.5407	66
 53.5409	59
 53.5411	61
 53.5413	48
 53.5415	41
 53.5417	45
 53.5419	42
 53.5421	43
 53.5423	28
 53.5425	40
 53.5427	32
 53.5429	31
 53.5431	36
 53.5433	36
 53.5435	24
 53.5437	32
 53.5439	30
 53.5441	19
 53.5443	12
 53.5445	18
 53.5447	23
 53.5449	17
 53.5451	21
 53.5453	18
 53.5455	19
 53.5457	10
 53.5459	18
 53.5461	9
 53.5463	8
 53.5465	16
 53.5467	16
 53.5469	14
 53.5471	8
 53.5473	8
 53.5475	12
 53.5477	9
 53.5479	15
 53.5481	11
 53.5483	12
 53.5485	8
 53.5487	12
 53.5489	10
 53.5491	10
 53.5493	6
 53.5495	8
 53.5497	4
 53.5499	8
 53.5501	4
 53.5503	5
 53.5505	4
 53.5507	6
 53.5509	6
 53.5511	12
 53.5513	8
 53.5515	6
 53.5517	7
 53.5519	2
 53.5521	3
 53.5523	3
 53.5525	8
 53.5527	2
 53.5529	6
 53.5531	4
 53.5533	6
 53.5535	4
 53.5537	6
 53.5539	7
 53.5541	3
 53.5543	4
 53.5545	3
 53.5547	6
 53.5549	4
 53.5551	2
 53.5553	3
 53.5555	5
 53.5557	1
 53.5559	6
 53.5561	4
 53.5563	10
 53.5565	0
 53.5567	2
 53.5569	2
 53.5571	0
 53.5573	4
 53.5575	4
 53.5577	7
 53.5579	3
 53.5581	1
 53.5583	3
 53.5585	1
 53.5587	4
 53.5589	0
 53.5591	1
 53.5593	4
 53.5595	2
 53.5597	2
 53.5599	4
 53.5601	3
 53.5603	3
 53.5605	1
 53.5607	2
 53.5609	2
 53.5611	1
 53.5613	5
 53.5615	2
 53.5617	5
 53.5619	1
 53.5621	5
 53.5623	1
 53.5625	0
 53.5627	6
 53.5629	3
 53.5631	2
 53.5633	2
 53.5635	2
 53.5637	2
 53.5639	2
 53.5641	1
 53.5643	1
 53.5645	0
 53.5647	7
 53.5649	3
 53.5651	1
 53.5653	3
 53.5655	5
 53.5657	1
 53.5659	0
 53.5661	1
 53.5663	1
 53.5665	1
 53.5667	2
 53.5669	2
 53.5671	4
 53.5673	2
 53.5675	0
 53.5677	3
 53.5679	0
 53.5681	4
 53.5683	2
 53.5685	3
 53.5687	0
 53.5689	1
 53.5691	1
 53.5693	1
 53.5695	1
 53.5697	2
 53.5699	2
 53.5701	2
 53.5703	0
 53.5705	2
 53.5707	2
 53.5709	1
 53.5711	2
 53.5713	4
 53.5715	2
 53.5717	3
 53.5719	1
 53.5721	0
 53.5723	1
 53.5725	1
 53.5727	1
 53.5729	1
 53.5731	0
 53.5733	2
 53.5735	0
 53.5737	2
 53.5739	1
 53.5741	3
 53.5743	0
 53.5745	0
 53.5747	1
 53.5749	2
 53.5751	0
 53.5753	0
 53.5755	1
 53.5757	1
 53.5759	1
 53.5761	1
 53.5763	3
 53.5765	1
 53.5767	3
 53.5769	1
 53.5771	0
 53.5773	2
 53.5775	0
 53.5777	0
 53.5779	1
 53.5781	0
 53.5783	1
 53.5785	2
 53.5787	1
 53.5789	3
 53.5791	1
 53.5793	0
 53.5795	2
 53.5797	1
 53.5799	1
 53.5801	2
 53.5803	1
 53.5805	3
 53.5807	0
 53.5809	0
 53.5811	0
 53.5813	2
 53.5815	2
 53.5817	1
 53.5819	0
 53.5821	1
 53.5823	2
 53.5825	2
 53.5827	1
 53.5829	2
 53.5831	2
 53.5833	2
 53.5835	0
 53.5837	1
 53.5839	1
 53.5841	3
 53.5843	0
 53.5845	2
 53.5847	0
 53.5849	1
 53.5851	0
 53.5853	1
 53.5855	1
 53.5857	0
 53.5859	1
 53.5861	1
 53.5863	1
 53.5865	1
 53.5867	0
 53.5869	1
