 30.0770	482
 30.0790	432
 30.0810	465
 30.0830	449
 30.0850	449
 30.0870	437
 30.0890	435
 30.0910	510
 30.0930	463
 30.0950	476
 30.0970	492
 30.0990	435
 30.1010	502
 30.1030	487
 30.1050	482
 30.1070	524
 30.1090	498
 30.1110	530
 30.1130	504
 30.1150	505
 30.1170	476
 30.1190	508
 30.1210	500
 30.1230	505
 30.1250	465
 30.1270	472
 30.1290	441
 30.1310	486
 30.1330	485
 30.1350	460
 30.1370	467
 30.1390	427
 30.1410	429
 30.1430	435
 30.1450	474
 30.1470	440
 30.1490	414
 30.1510	435
 30.1530	439
 30.1550	462
 30.1570	418
 30.1590	440
 30.1610	432
 30.1630	409
 30.1650	410
 30.1670	413
 30.1690	413
 30.1710	390
 30.1730	421
 30.1750	369
 30.1770	419
 30.1790	371
 30.1810	387
 30.1830	407
 30.1850	389
 30.1870	410
 30.1890	373
 30.1910	367
 30.1930	394
 30.1950	375
 30.1970	427
 30.1990	372
 30.2010	410
 30.2030	444
 30.2050	425
 30.2070	397
 30.2090	418
 30.2110	432
 30.2130	388
 30.2150	437
 30.2170	447
 30.2190	439
 30.2210	441
 30.2230	455
 30.2250	397
 30.2270	413
 30.2290	390
 30.2310	421
 30.2330	463
 30.2350	412
 30.2370	424
 30.2390	392
 30.2410	445
 30.2430	390
 30.2450	370
 30.2470	380
 30.2490	399
 30.2510	399
 30.2530	370
 30.2550	383
 30.2570	382
 30.2590	386
 30.2610	381
 30.2630	403
 30.2650	415
 30.2670	365
 30.2690	374
 30.2710	317
 30.2730	369
 30.2750	400
 30.2770	351
 30.2790	394
 30.2810	338
 30.2830	341
 30.2850	386
 30.2870	376
 30.2890	348
 30.2910	348
 30.2930	356
 30.2950	347
 30.2970	397
 30.2990	376
 30.3010	364
 30.3030	352
 30.3050	345
 30.3070	398
 30.3090	348
 30.3110	377
 30.3130	359
 30.3150	331
 30.3170	395
 30.3190	375
 30.3210	391
 30.3230	429
 30.3250	416
 30.3270	389
 30.3290	347
 30.3310	423
 30.3330	393
 30.3350	390
 30.3370	412
 30.3390	403
 30.3410	399
 30.3430	404
 30.3450	409
 30.3470	416
 30.3490	396
 30.3510	423
 30.3530	419
 30.3550	395
 30.3570	404
 30.3590	370
 30.3610	404
 30.3630	388
 30.3650	422
 30.3670	421
 30.3690	388
 30.3710	366
 30.3730	414
 30.3750	429
 30.3770	464
 30.3790	395
 30.3810	455
 30.3830	466
 30.3850	436
 30.3870	466
 30.3890	450
 30.3910	489
 30.3930	510
 30.3950	451
 30.3970	458
 30.3990	492
 30.4010	533
 30.4030	524
 30.4050	560
 30.4070	588
 30.4090	616
 30.4110	639
 30.4130	676
 30.4150	695
 30.4170	793
 30.4190	816
 30.4210	831
 30.4230	795
 30.4250	864
 30.4270	867
 30.4290	851
 30.4310	878
 30.4330	824
 30.4350	862
 30.4370	863
 30.4390	866
 30.4410	826
 30.4430	876
 30.4450	781
 30.4470	779
 30.4490	759
 30.4510	735
 30.4530	725
 30.4550	726
 30.4570	784
 30.4590	728
 30.4610	840
 30.4630	857
 30.4650	922
 30.4670	978
 30.4690	1049
 30.4710	1236
 30.4730	1209
 30.4750	1122
 30.4770	1138
 30.4790	964
 30.4810	802
 30.4830	691
 30.4850	582
 30.4870	524
 30.4890	437
 30.4910	426
 30.4930	399
 30.4950	381
 30.4970	345
 30.4990	337
 30.5010	360
 30.5030	308
 30.5050	284
 30.5070	286
 30.5090	337
 30.5110	305
 30.5130	319
 30.5150	331
 30.5170	284
 30.5190	293
 30.5210	353
 30.5230	339
 30.5250	362
 30.5270	364
 30.5290	398
 30.5310	342
 30.5330	333
 30.5350	330
 30.5370	312
 30.5390	283
 30.5410	261
 30.5430	274
 30.5450	247
 30.5470	241
 30.5490	245
 30.5510	237
 30.5530	240
 30.5550	213
 30.5570	185
 30.5590	187
 30.5610	182
 30.5630	162
 30.5650	180
 30.5670	174
 30.5690	167
 30.5710	159
 30.5730	137
 30.5750	140
 30.5770	127
 30.5790	145
 30.5810	132
 30.5830	131
 30.5850	137
 30.5870	138
 30.5890	124
 30.5910	151
 30.5930	121
 30.5950	132
 30.5970	117
 30.5990	135
 30.6010	125
 30.6030	145
 30.6050	133
 30.6070	131
 30.6090	115
 30.6110	112
 30.6130	133
 30.6150	118
 30.6170	121
 30.6190	105
 30.6210	120
 30.6230	125
 30.6250	131
 30.6270	140
 30.6290	121
 30.6310	114
 30.6330	99
 30.6350	99
 30.6370	106
 30.6390	107
 30.6410	122
 30.6430	94
 30.6450	116
 30.6470	107
 30.6490	125
 30.6510	118
 30.6530	91
 30.6550	107
 30.6570	106
 30.6590	109
 30.6610	105
 30.6630	89
 30.6650	101
 30.6670	90
 30.6690	92
 30.6710	118
 30.6730	105
 30.6750	91
 30.6770	70
 30.6790	94
 30.6810	87
 30.6830	86
 30.6850	83
 30.6870	70
 30.6890	85
 30.6910	87
 30.6930	90
 30.6950	100
 30.6970	76
 30.6990	79
 30.7010	97
 30.7030	73
 30.7050	84
 30.7070	96
 30.7090	79
 30.7110	83
 30.7130	72
 30.7150	63
 30.7170	74
 30.7190	75
 30.7210	71
 30.7230	70
 30.7250	77
 30.7270	72
 30.7290	69
 30.7310	56
 30.7330	55
 30.7350	69
 30.7370	67
 30.7390	59
 30.7410	57
 30.7430	77
 30.7450	61
 30.7470	56
 30.7490	59
 30.7510	71
 30.7530	55
 30.7550	47
 30.7570	55
 30.7590	58
 30.7610	51
 30.7630	50
 30.7650	51
 30.7670	65
 30.7690	40
 30.7710	45
 30.7730	45
 30.7750	46
 30.7770	51
 30.7790	41
 30.7810	60
 30.7830	39
 30.7850	55
 30.7870	49
 30.7890	46
 30.7910	50
 30.7930	61
 30.7950	50
 30.7970	35
 30.7990	39
 30.8010	39
 30.8030	46
 30.8050	47
 30.8070	49
 30.8090	41
 30.8110	38
 30.8130	42
 30.8150	47
 30.8170	42
 30.8190	49
 30.8210	45
 30.8230	53
 30.8250	34
 30.8270	38
 30.8290	36
 30.8310	36
 30.8330	23
 30.8350	31
 30.8370	42
 30.8390	37
 30.8410	22
 30.8430	26
 30.8450	26
 30.8470	37
 30.8490	28
 30.8510	29
 30.8530	32
 30.8550	26
 30.8570	30
 30.8590	28
 30.8610	26
 30.8630	31
 30.8650	34
 30.8670	24
 30.8690	23
 30.8710	14
 30.8730	12
