 47.5426	5
 47.5428	9
 47.5430	4
 47.5432	4
 47.5434	3
 47.5436	6
 47.5438	7
 47.5440	5
 47.5442	4
 47.5444	3
 47.5446	4
 47.5448	8
 47.5450	9
 47.5452	6
 47.5454	2
 47.5456	2
 47.5458	5
 47.5460	9
 47.5462	10
 47.5464	4
 47.5466	3
 47.5468	8
 47.5470	5
 47.5472	1
 47.5474	3
 47.5476	3
 47.5478	7
 47.5480	5
 47.5482	3
 47.5484	8
 47.5486	9
 47.5488	9
 47.5490	5
 47.5492	11
 47.5494	6
 47.5496	6
 47.5498	10
 47.5500	5
 47.5502	6
 47.5504	3
 47.5506	5
 47.5508	7
 47.5510	6
 47.5512	4
 47.5514	3
 47.5516	6
 47.5518	8
 47.5520	5
 47.5522	6
 47.5524	6
 47.5526	7
 47.5528	6
 47.5530	3
 47.5532	6
 47.5534	5
 47.5536	2
 47.5538	3
 47.5540	10
 47.5542	5
 47.5544	3
 47.5546	4
 47.5548	9
 47.5550	2
 47.5552	10
 47.5554	9
 47.5556	5
 47.5558	9
 47.5560	5
 47.5562	5
 47.5564	9
 47.5566	10
 47.5568	4
 47.5570	7
 47.5572	7
 47.5574	4
 47.5576	5
 47.5578	11
 47.5580	5
 47.5582	8
 47.5584	6
 47.5586	7
 47.5588	12
 47.5590	8
 47.5592	7
 47.5594	9
 47.5596	13
 47.5598	11
 47.5600	6
 47.5602	4
 47.5604	6
 47.5606	16
 47.5608	9
 47.5610	12
 47.5612	7
 47.5614	5
 47.5616	9
 47.5618	10
 47.5620	8
 47.5622	11
 47.5624	5
 47.5626	10
 47.5628	12
 47.5630	9
 47.5632	7
 47.5634	12
 47.5636	3
 47.5638	12
 47.5640	20
 47.5642	4
 47.5644	11
 47.5646	8
 47.5648	11
 47.5650	11
 47.5652	12
 47.5654	8
 47.5656	12
 47.5658	6
 47.5660	13
 47.5662	15
 47.5664	10
 47.5666	10
 47.5668	16
 47.5670	21
 47.5672	7
 47.5674	10
 47.5676	9
 47.5678	10
 47.5680	6
 47.5682	4
 47.5684	4
 47.5686	7
 47.5688	15
 47.5690	13
 47.5692	10
 47.5694	10
 47.5696	12
 47.5698	14
 47.5700	13
 47.5702	10
 47.5704	13
 47.5706	10
 47.5708	11
 47.5710	16
 47.5712	8
 47.5714	20
 47.5716	16
 47.5718	15
 47.5720	10
 47.5722	18
 47.5724	13
 47.5726	19
 47.5728	19
 47.5730	21
 47.5732	20
 47.5734	15
 47.5736	14
 47.5738	24
 47.5740	19
 47.5742	14
 47.5744	19
 47.5746	17
 47.5748	20
 47.5750	27
 47.5752	27
 47.5754	16
 47.5756	19
 47.5758	23
 47.5760	20
 47.5762	16
 47.5764	23
 47.5766	18
 47.5768	28
 47.5770	17
 47.5772	31
 47.5774	28
 47.5776	27
 47.5778	17
 47.5780	29
 47.5782	27
 47.5784	27
 47.5786	28
 47.5788	36
 47.5790	30
 47.5792	39
 47.5794	34
 47.5796	36
 47.5798	28
 47.5800	24
 47.5802	34
 47.5804	38
 47.5806	47
 47.5808	37
 47.5810	24
 47.5812	40
 47.5814	49
 47.5816	41
 47.5818	29
 47.5820	33
 47.5822	38
 47.5824	46
 47.5826	62
 47.5828	40
 47.5830	45
 47.5832	55
 47.5834	39
 47.5836	45
 47.5838	47
 47.5840	38
 47.5842	36
 47.5844	42
 47.5846	33
 47.5848	35
 47.5850	39
 47.5852	35
 47.5854	40
 47.5856	45
 47.5858	37
 47.5860	43
 47.5862	46
 47.5864	45
 47.5866	34
 47.5868	43
 47.5870	37
 47.5872	42
 47.5874	54
 47.5876	39
 47.5878	51
 47.5880	49
 47.5882	49
 47.5884	45
 47.5886	38
 47.5888	46
 47.5890	46
 47.5892	42
 47.5894	41
 47.5896	40
 47.5898	50
 47.5900	31
 47.5902	44
 47.5904	42
 47.5906	49
 47.5908	56
 47.5910	54
 47.5912	60
 47.5914	47
 47.5916	66
 47.5918	62
 47.5920	53
 47.5922	55
 47.5924	54
 47.5926	49
 47.5928	62
 47.5930	90
 47.5932	72
 47.5934	68
 47.5936	93
 47.5938	76
 47.5940	82
 47.5942	93
 47.5944	67
 47.5946	91
 47.5948	91
 47.5950	81
 47.5952	89
 47.5954	83
 47.5956	75
 47.5958	90
 47.5960	77
 47.5962	102
 47.5964	104
 47.5966	104
 47.5968	91
 47.5970	111
 47.5972	80
 47.5974	96
 47.5976	91
 47.5978	91
 47.5980	87
 47.5982	93
 47.5984	118
 47.5986	99
 47.5988	100
 47.5990	101
 47.5992	130
 47.5994	134
 47.5996	123
 47.5998	110
 47.6000	110
 47.6002	129
 47.6004	131
 47.6006	144
 47.6008	131
 47.6010	132
 47.6012	138
 47.6014	153
 47.6016	142
 47.6018	143
 47.6020	161
 47.6022	173
 47.6024	159
 47.6026	181
 47.6028	186
 47.6030	189
 47.6032	203
 47.6034	220
 47.6036	219
 47.6038	225
 47.6040	233
 47.6042	232
 47.6044	223
 47.6046	278
 47.6048	317
 47.6050	320
 47.6052	338
 47.6054	336
 47.6056	355
 47.6058	331
 47.6060	381
 47.6062	419
 47.6064	418
 47.6066	455
 47.6068	468
 47.6070	472
 47.6072	502
 47.6074	560
 47.6076	576
 47.6078	559
 47.6080	546
 47.6082	678
 47.6084	643
 47.6086	638
 47.6088	639
 47.6090	666
 47.6092	711
 47.6094	703
 47.6096	698
 47.6098	715
 47.6100	758
 47.6102	732
 47.6104	749
 47.6106	731
 47.6108	728
 47.6110	692
 47.6112	699
 47.6114	682
 47.6116	702
 47.6118	717
 47.6120	665
 47.6122	697
 47.6124	664
 47.6126	654
 47.6128	658
 47.6130	613
 47.6132	568
 47.6134	585
 47.6136	604
 47.6138	499
 47.6140	522
 47.6142	533
 47.6144	514
 47.6146	476
 47.6148	453
 47.6150	445
 47.6152	405
 47.6154	396
 47.6156	368
 47.6158	379
 47.6160	329
 47.6162	346
 47.6164	315
 47.6166	291
 47.6168	255
 47.6170	267
 47.6172	233
 47.6174	223
 47.6176	224
 47.6178	203
 47.6180	205
 47.6182	202
 47.6184	156
 47.6186	180
 47.6188	149
 47.6190	160
 47.6192	138
 47.6194	118
 47.6196	127
 47.6198	139
 47.6200	123
 47.6202	126
 47.6204	110
 47.6206	98
 47.6208	102
 47.6210	110
 47.6212	99
 47.6214	86
 47.6216	110
 47.6218	92
 47.6220	93
 47.6222	90
 47.6224	84
 47.6226	92
 47.6228	85
 47.6230	71
 47.6232	68
 47.6234	78
 47.6236	78
 47.6238	68
 47.6240	57
 47.6242	64
 47.6244	56
 47.6246	66
 47.6248	61
 47.6250	61
 47.6252	57
 47.6254	57
 47.6256	57
 47.6258	58
 47.6260	59
 47.6262	64
 47.6264	49
 47.6266	60
 47.6268	37
 47.6270	57
 47.6272	55
 47.6274	53
 47.6276	62
 47.6278	64
 47.6280	62
 47.6282	44
 47.6284	53
 47.6286	44
 47.6288	50
 47.6290	39
 47.6292	63
 47.6294	44
 47.6296	52
 47.6298	48
 47.6300	53
 47.6302	43
 47.6304	43
 47.6306	43
 47.6308	41
 47.6310	39
 47.6312	41
 47.6314	42
 47.6316	37
 47.6318	47
 47.6320	36
 47.6322	40
 47.6324	39
 47.6326	41
 47.6328	45
 47.6330	48
 47.6332	36
 47.6334	50
 47.6336	53
 47.6338	34
 47.6340	42
 47.6342	41
 47.6344	52
 47.6346	36
 47.6348	34
 47.6350	31
 47.6352	34
 47.6354	38
 47.6356	36
 47.6358	49
 47.6360	35
 47.6362	36
 47.6364	34
 47.6366	33
 47.6368	33
 47.6370	39
 47.6372	43
 47.6374	51
 47.6376	46
 47.6378	47
 47.6380	41
 47.6382	42
 47.6384	40
 47.6386	45
 47.6388	44
 47.6390	40
 47.6392	45
 47.6394	32
 47.6396	45
 47.6398	44
 47.6400	38
 47.6402	40
 47.6404	50
 47.6406	47
 47.6408	50
 47.6410	45
 47.6412	39
 47.6414	54
 47.6416	46
 47.6418	47
 47.6420	34
 47.6422	41
 47.6424	45
 47.6426	41
 47.6428	33
 47.6430	37
 47.6432	41
 47.6434	40
 47.6436	37
 47.6438	24
 47.6440	31
 47.6442	36
 47.6444	39
 47.6446	26
 47.6448	39
 47.6450	36
 47.6452	41
 47.6454	44
 47.6456	38
 47.6458	37
 47.6460	37
 47.6462	35
 47.6464	32
 47.6466	34
 47.6468	38
 47.6470	26
 47.6472	27
 47.6474	34
 47.6476	36
 47.6478	32
 47.6480	26
 47.6482	29
 47.6484	33
 47.6486	35
 47.6488	42
 47.6490	27
 47.6492	35
 47.6494	27
 47.6496	35
 47.6498	32
 47.6500	28
 47.6502	32
 47.6504	28
 47.6506	32
 47.6508	25
 47.6510	24
 47.6512	26
 47.6514	29
 47.6516	26
 47.6518	26
 47.6520	18
 47.6522	31
 47.6524	22
 47.6526	20
 47.6528	11
 47.6530	19
 47.6532	15
 47.6534	18
 47.6536	15
 47.6538	18
 47.6540	17
 47.6542	22
 47.6544	10
 47.6546	18
 47.6548	21
 47.6550	18
 47.6552	15
 47.6554	19
 47.6556	9
 47.6558	17
 47.6560	21
 47.6562	16
 47.6564	12
 47.6566	17
 47.6568	13
 47.6570	13
 47.6572	16
 47.6574	17
 47.6576	11
 47.6578	17
 47.6580	13
 47.6582	11
 47.6584	10
 47.6586	22
 47.6588	19
 47.6590	15
 47.6592	10
 47.6594	10
 47.6596	15
 47.6598	16
 47.6600	8
 47.6602	12
 47.6604	11
 47.6606	11
 47.6608	18
 47.6610	14
 47.6612	19
 47.6614	14
 47.6616	16
 47.6618	16
 47.6620	13
 47.6622	19
 47.6624	20
 47.6626	16
 47.6628	10
 47.6630	11
 47.6632	12
 47.6634	11
 47.6636	8
 47.6638	14
 47.6640	7
 47.6642	11
 47.6644	15
 47.6646	16
 47.6648	11
 47.6650	10
 47.6652	14
 47.6654	14
 47.6656	12
 47.6658	16
 47.6660	15
 47.6662	17
 47.6664	9
 47.6666	11
 47.6668	9
 47.6670	16
 47.6672	14
 47.6674	18
 47.6676	10
 47.6678	14
 47.6680	14
 47.6682	14
 47.6684	13
 47.6686	10
 47.6688	7
 47.6690	16
 47.6692	14
 47.6694	18
 47.6696	14
 47.6698	18
 47.6700	7
 47.6702	22
 47.6704	25
 47.6706	10
 47.6708	13
 47.6710	16
 47.6712	12
 47.6714	14
 47.6716	15
 47.6718	5
 47.6720	6
 47.6722	13
 47.6724	11
 47.6726	12
 47.6728	11
 47.6730	17
 47.6732	16
 47.6734	21
 47.6736	8
 47.6738	12
 47.6740	11
 47.6742	11
 47.6744	5
 47.6746	12
 47.6748	17
 47.6750	8
 47.6752	20
 47.6754	15
 47.6756	15
 47.6758	12
 47.6760	8
 47.6762	15
 47.6764	18
 47.6766	16
 47.6768	12
 47.6770	10
 47.6772	13
 47.6774	19
 47.6776	17
 47.6778	15
 47.6780	18
 47.6782	15
 47.6784	15
 47.6786	14
 47.6788	14
 47.6790	10
 47.6792	19
 47.6794	12
 47.6796	11
 47.6798	11
 47.6800	15
 47.6802	14
 47.6804	17
 47.6806	11
 47.6808	7
 47.6810	8
 47.6812	13
 47.6814	11
