 47.5412	2
 47.5414	1
 47.5416	1
 47.5418	1
 47.5420	1
 47.5422	0
 47.5424	0
 47.5426	2
 47.5428	0
 47.5430	2
 47.5432	0
 47.5434	2
 47.5436	0
 47.5438	0
 47.5440	1
 47.5442	0
 47.5444	0
 47.5446	1
 47.5448	2
 47.5450	1
 47.5452	1
 47.5454	0
 47.5456	4
 47.5458	0
 47.5460	1
 47.5462	2
 47.5464	2
 47.5466	1
 47.5468	2
 47.5470	1
 47.5472	2
 47.5474	0
 47.5476	3
 47.5478	0
 47.5480	0
 47.5482	1
 47.5484	0
 47.5486	0
 47.5488	1
 47.5490	1
 47.5492	2
 47.5494	0
 47.5496	3
 47.5498	2
 47.5500	3
 47.5502	2
 47.5504	1
 47.5506	0
 47.5508	2
 47.5510	2
 47.5512	1
 47.5514	3
 47.5516	1
 47.5518	0
 47.5520	4
 47.5522	2
 47.5524	2
 47.5526	0
 47.5528	3
 47.5530	1
 47.5532	2
 47.5534	1
 47.5536	4
 47.5538	1
 47.5540	1
 47.5542	0
 47.5544	3
 47.5546	1
 47.5548	2
 47.5550	0
 47.5552	3
 47.5554	1
 47.5556	1
 47.5558	4
 47.5560	2
 47.5562	1
 47.5564	2
 47.5566	2
 47.5568	1
 47.5570	1
 47.5572	4
 47.5574	1
 47.5576	2
 47.5578	4
 47.5580	1
 47.5582	2
 47.5584	2
 47.5586	1
 47.5588	3
 47.5590	8
 47.5592	1
 47.5594	2
 47.5596	0
 47.5598	1
 47.5600	3
 47.5602	2
 47.5604	4
 47.5606	1
 47.5608	2
 47.5610	6
 47.5612	1
 47.5614	0
 47.5616	4
 47.5618	4
 47.5620	4
 47.5622	6
 47.5624	4
 47.5626	2
 47.5628	3
 47.5630	1
 47.5632	3
 47.5634	2
 47.5636	0
 47.5638	1
 47.5640	2
 47.5642	6
 47.5644	3
 47.5646	2
 47.5648	2
 47.5650	2
 47.5652	2
 47.5654	0
 47.5656	4
 47.5658	4
 47.5660	5
 47.5662	5
 47.5664	3
 47.5666	1
 47.5668	6
 47.5670	2
 47.5672	5
 47.5674	5
 47.5676	5
 47.5678	4
 47.5680	0
 47.5682	2
 47.5684	1
 47.5686	3
 47.5688	4
 47.5690	5
 47.5692	1
 47.5694	6
 47.5696	5
 47.5698	4
 47.5700	3
 47.5702	4
 47.5704	4
 47.5706	6
 47.5708	4
 47.5710	8
 47.5712	3
 47.5714	5
 47.5716	2
 47.5718	5
 47.5720	4
 47.5722	5
 47.5724	3
 47.5726	4
 47.5728	0
 47.5730	5
 47.5732	5
 47.5734	5
 47.5736	1
 47.5738	3
 47.5740	3
 47.5742	6
 47.5744	4
 47.5746	4
 47.5748	5
 47.5750	2
 47.5752	3
 47.5754	5
 47.5756	7
 47.5758	8
 47.5760	3
 47.5762	7
 47.5764	4
 47.5766	7
 47.5768	7
 47.5770	3
 47.5772	6
 47.5774	4
 47.5776	10
 47.5778	2
 47.5780	5
 47.5782	7
 47.5784	5
 47.5786	5
 47.5788	8
 47.5790	5
 47.5792	8
 47.5794	6
 47.5796	5
 47.5798	9
 47.5800	10
 47.5802	6
 47.5804	11
 47.5806	9
 47.5808	7
 47.5810	7
 47.5812	9
 47.5814	8
 47.5816	8
 47.5818	10
 47.5820	10
 47.5822	7
 47.5824	18
 47.5826	4
 47.5828	10
 47.5830	9
 47.5832	7
 47.5834	12
 47.5836	16
 47.5838	16
 47.5840	14
 47.5842	13
 47.5844	19
 47.5846	15
 47.5848	15
 47.5850	20
 47.5852	13
 47.5854	12
 47.5856	24
 47.5858	16
 47.5860	26
 47.5862	17
 47.5864	18
 47.5866	21
 47.5868	21
 47.5870	20
 47.5872	25
 47.5874	19
 47.5876	15
 47.5878	22
 47.5880	27
 47.5882	21
 47.5884	26
 47.5886	22
 47.5888	31
 47.5890	22
 47.5892	32
 47.5894	34
 47.5896	28
 47.5898	25
 47.5900	36
 47.5902	21
 47.5904	28
 47.5906	34
 47.5908	30
 47.5910	35
 47.5912	32
 47.5914	33
 47.5916	40
 47.5918	28
 47.5920	40
 47.5922	44
 47.5924	50
 47.5926	42
 47.5928	38
 47.5930	28
 47.5932	45
 47.5934	45
 47.5936	30
 47.5938	23
 47.5940	24
 47.5942	40
 47.5944	41
 47.5946	37
 47.5948	37
 47.5950	41
 47.5952	32
 47.5954	33
 47.5956	45
 47.5958	35
 47.5960	42
 47.5962	42
 47.5964	41
 47.5966	40
 47.5968	36
 47.5970	30
 47.5972	34
 47.5974	38
 47.5976	30
 47.5978	29
 47.5980	39
 47.5982	39
 47.5984	43
 47.5986	35
 47.5988	39
 47.5990	40
 47.5992	44
 47.5994	35
 47.5996	35
 47.5998	40
 47.6000	41
 47.6002	51
 47.6004	35
 47.6006	45
 47.6008	47
 47.6010	44
 47.6012	57
 47.6014	44
 47.6016	45
 47.6018	31
 47.6020	42
 47.6022	47
 47.6024	58
 47.6026	42
 47.6028	50
 47.6030	39
 47.6032	60
 47.6034	51
 47.6036	50
 47.6038	49
 47.6040	59
 47.6042	55
 47.6044	64
 47.6046	57
 47.6048	49
 47.6050	58
 47.6052	58
 47.6054	69
 47.6056	51
 47.6058	68
 47.6060	68
 47.6062	73
 47.6064	68
 47.6066	85
 47.6068	97
 47.6070	83
 47.6072	86
 47.6074	110
 47.6076	94
 47.6078	118
 47.6080	111
 47.6082	141
 47.6084	130
 47.6086	136
 47.6088	156
 47.6090	157
 47.6092	149
 47.6094	183
 47.6096	171
 47.6098	194
 47.6100	223
 47.6102	209
 47.6104	223
 47.6106	269
 47.6108	271
 47.6110	269
 47.6112	270
 47.6114	305
 47.6116	313
 47.6118	310
 47.6120	294
 47.6122	355
 47.6124	362
 47.6126	370
 47.6128	377
 47.6130	394
 47.6132	409
 47.6134	422
 47.6136	422
 47.6138	439
 47.6140	438
 47.6142	471
 47.6144	463
 47.6146	482
 47.6148	472
 47.6150	466
 47.6152	427
 47.6154	442
 47.6156	459
 47.6158	443
 47.6160	417
 47.6162	462
 47.6164	407
 47.6166	399
 47.6168	390
 47.6170	385
 47.6172	374
 47.6174	383
 47.6176	366
 47.6178	369
 47.6180	354
 47.6182	323
 47.6184	319
 47.6186	351
 47.6188	315
 47.6190	309
 47.6192	318
 47.6194	296
 47.6196	286
 47.6198	297
 47.6200	300
 47.6202	262
 47.6204	292
 47.6206	290
 47.6208	277
 47.6210	246
 47.6212	271
 47.6214	241
 47.6216	289
 47.6218	257
 47.6220	242
 47.6222	234
 47.6224	251
 47.6226	243
 47.6228	210
 47.6230	260
 47.6232	234
 47.6234	258
 47.6236	237
 47.6238	224
 47.6240	258
 47.6242	224
 47.6244	221
 47.6246	218
 47.6248	197
 47.6250	221
 47.6252	198
 47.6254	200
 47.6256	192
 47.6258	211
 47.6260	181
 47.6262	173
 47.6264	168
 47.6266	177
 47.6268	171
 47.6270	176
 47.6272	163
 47.6274	163
 47.6276	139
 47.6278	155
 47.6280	136
 47.6282	148
 47.6284	160
 47.6286	135
 47.6288	132
 47.6290	122
 47.6292	140
 47.6294	125
 47.6296	135
 47.6298	105
 47.6300	108
 47.6302	108
 47.6304	101
 47.6306	96
 47.6308	96
 47.6310	95
 47.6312	81
 47.6314	87
 47.6316	83
 47.6318	86
 47.6320	89
 47.6322	77
 47.6324	62
 47.6326	68
 47.6328	52
 47.6330	56
 47.6332	69
 47.6334	53
 47.6336	66
 47.6338	33
 47.6340	47
 47.6342	56
 47.6344	42
 47.6346	53
 47.6348	46
 47.6350	51
 47.6352	43
 47.6354	34
 47.6356	45
 47.6358	37
 47.6360	45
 47.6362	37
 47.6364	33
 47.6366	19
 47.6368	31
 47.6370	30
 47.6372	30
 47.6374	31
 47.6376	34
 47.6378	26
 47.6380	18
 47.6382	40
 47.6384	24
 47.6386	23
 47.6388	28
 47.6390	22
 47.6392	18
 47.6394	14
 47.6396	16
 47.6398	17
 47.6400	14
 47.6402	14
 47.6404	18
 47.6406	18
 47.6408	14
 47.6410	21
 47.6412	12
 47.6414	14
 47.6416	16
 47.6418	11
 47.6420	10
 47.6422	6
 47.6424	12
 47.6426	11
 47.6428	9
 47.6430	10
 47.6432	11
 47.6434	14
 47.6436	6
 47.6438	11
 47.6440	11
 47.6442	9
 47.6444	11
 47.6446	9
 47.6448	12
 47.6450	4
 47.6452	4
 47.6454	13
 47.6456	4
 47.6458	12
 47.6460	11
 47.6462	8
 47.6464	7
 47.6466	14
 47.6468	6
 47.6470	8
 47.6472	9
 47.6474	7
 47.6476	9
 47.6478	10
 47.6480	13
 47.6482	8
 47.6484	9
 47.6486	9
 47.6488	9
 47.6490	5
 47.6492	6
 47.6494	9
 47.6496	7
 47.6498	13
 47.6500	16
 47.6502	6
 47.6504	7
 47.6506	6
 47.6508	4
 47.6510	9
 47.6512	7
 47.6514	5
 47.6516	7
 47.6518	11
 47.6520	7
 47.6522	11
 47.6524	5
 47.6526	8
 47.6528	2
 47.6530	7
 47.6532	4
 47.6534	5
 47.6536	3
 47.6538	16
 47.6540	7
 47.6542	10
 47.6544	10
 47.6546	8
 47.6548	3
 47.6550	7
 47.6552	12
 47.6554	4
 47.6556	10
 47.6558	7
 47.6560	4
 47.6562	7
 47.6564	4
 47.6566	5
 47.6568	11
 47.6570	6
 47.6572	6
 47.6574	6
 47.6576	12
 47.6578	8
 47.6580	5
 47.6582	4
 47.6584	3
 47.6586	7
 47.6588	6
 47.6590	5
 47.6592	7
 47.6594	9
 47.6596	11
 47.6598	9
 47.6600	12
 47.6602	5
 47.6604	11
 47.6606	4
 47.6608	2
 47.6610	5
 47.6612	11
 47.6614	9
 47.6616	7
 47.6618	5
 47.6620	9
 47.6622	5
 47.6624	11
 47.6626	14
 47.6628	12
 47.6630	16
 47.6632	7
 47.6634	6
 47.6636	14
 47.6638	14
 47.6640	13
 47.6642	9
 47.6644	11
 47.6646	9
 47.6648	9
 47.6650	17
 47.6652	8
 47.6654	9
 47.6656	11
 47.6658	13
 47.6660	8
 47.6662	7
 47.6664	12
 47.6666	13
 47.6668	10
 47.6670	10
 47.6672	10
 47.6674	13
 47.6676	11
 47.6678	12
 47.6680	9
 47.6682	13
 47.6684	7
 47.6686	13
 47.6688	6
 47.6690	10
 47.6692	13
 47.6694	8
 47.6696	7
 47.6698	13
 47.6700	13
 47.6702	14
 47.6704	10
 47.6706	9
 47.6708	8
 47.6710	14
 47.6712	6
 47.6714	8
 47.6716	13
 47.6718	13
 47.6720	13
 47.6722	9
 47.6724	10
 47.6726	5
 47.6728	10
 47.6730	6
 47.6732	10
 47.6734	7
 47.6736	10
 47.6738	4
 47.6740	8
 47.6742	5
 47.6744	4
 47.6746	10
 47.6748	6
 47.6750	9
 47.6752	7
 47.6754	3
 47.6756	8
 47.6758	9
 47.6760	5
 47.6762	8
 47.6764	12
 47.6766	3
 47.6768	6
 47.6770	6
 47.6772	7
 47.6774	7
 47.6776	7
 47.6778	5
 47.6780	3
 47.6782	9
 47.6784	5
 47.6786	9
 47.6788	7
 47.6790	7
 47.6792	3
 47.6794	2
 47.6796	2
 47.6798	4
 47.6800	2
 47.6802	4
