 60.8396	1
 60.8400	2
 60.8404	0
 60.8408	2
 60.8412	1
 60.8416	1
 60.8420	1
 60.8424	0
 60.8428	1
 60.8432	0
 60.8436	2
 60.8440	2
 60.8444	1
 60.8448	1
 60.8452	3
 60.8456	0
 60.8460	0
 60.8464	1
 60.8468	3
 60.8472	1
 60.8476	5
 60.8480	3
 60.8484	2
 60.8488	0
 60.8492	3
 60.8496	3
 60.8500	1
 60.8504	4
 60.8508	1
 60.8512	3
 60.8516	2
 60.8520	1
 60.8524	1
 60.8528	3
 60.8532	2
 60.8536	2
 60.8540	1
 60.8544	3
 60.8548	2
 60.8552	0
 60.8556	2
 60.8560	1
 60.8564	3
 60.8568	1
 60.8572	2
 60.8576	2
 60.8580	0
 60.8584	0
 60.8588	2
 60.8592	0
 60.8596	2
 60.8600	0
 60.8604	2
 60.8608	1
 60.8612	2
 60.8616	2
 60.8620	4
 60.8624	2
 60.8628	2
 60.8632	4
 60.8636	4
 60.8640	2
 60.8644	6
 60.8648	1
 60.8652	2
 60.8656	2
 60.8660	9
 60.8664	3
 60.8668	5
 60.8672	3
 60.8676	1
 60.8680	6
 60.8684	5
 60.8688	2
 60.8692	1
 60.8696	1
 60.8700	5
 60.8704	3
 60.8708	3
 60.8712	3
 60.8716	7
 60.8720	1
 60.8724	7
 60.8728	3
 60.8732	0
 60.8736	2
 60.8740	3
 60.8744	2
 60.8748	6
 60.8752	5
 60.8756	9
 60.8760	3
 60.8764	7
 60.8768	7
 60.8772	7
 60.8776	7
 60.8780	5
 60.8784	6
 60.8788	10
 60.8792	13
 60.8796	9
 60.8800	8
 60.8804	7
 60.8808	6
 60.8812	8
 60.8816	9
 60.8820	3
 60.8824	7
 60.8828	6
 60.8832	1
 60.8836	14
 60.8840	7
 60.8844	10
 60.8848	12
 60.8852	12
 60.8856	10
 60.8860	18
 60.8864	12
 60.8868	15
 60.8872	15
 60.8876	12
 60.8880	12
 60.8884	19
 60.8888	17
 60.8892	12
 60.8896	19
 60.8900	17
 60.8904	12
 60.8908	14
 60.8912	21
 60.8916	20
 60.8920	21
 60.8924	23
 60.8928	25
 60.8932	20
 60.8936	16
 60.8940	29
 60.8944	34
 60.8948	21
 60.8952	22
 60.8956	28
 60.8960	40
 60.8964	25
 60.8968	31
 60.8972	31
 60.8976	25
 60.8980	33
 60.8984	25
 60.8988	33
 60.8992	36
 60.8996	26
 60.9000	43
 60.9004	53
 60.9008	45
 60.9012	29
 60.9016	44
 60.9020	52
 60.9024	40
 60.9028	49
 60.9032	52
 60.9036	45
 60.9040	62
 60.9044	67
 60.9048	91
 60.9052	72
 60.9056	79
 60.9060	79
 60.9064	86
 60.9068	87
 60.9072	83
 60.9076	119
 60.9080	111
 60.9084	129
 60.9088	134
 60.9092	164
 60.9096	144
 60.9100	147
 60.9104	179
 60.9108	180
 60.9112	190
 60.9116	192
 60.9120	251
 60.9124	223
 60.9128	208
 60.9132	236
 60.9136	256
 60.9140	247
 60.9144	241
 60.9148	240
 60.9152	281
 60.9156	257
 60.9160	225
 60.9164	237
 60.9168	224
 60.9172	226
 60.9176	216
 60.9180	206
 60.9184	217
 60.9188	196
 60.9192	167
 60.9196	176
 60.9200	184
 60.9204	165
 60.9208	154
 60.9212	151
 60.9216	99
 60.9220	122
 60.9224	107
 60.9228	113
 60.9232	103
 60.9236	79
 60.9240	92
 60.9244	108
 60.9248	61
 60.9252	83
 60.9256	55
 60.9260	45
 60.9264	42
 60.9268	48
 60.9272	45
 60.9276	48
 60.9280	46
 60.9284	41
 60.9288	43
 60.9292	28
 60.9296	37
 60.9300	29
 60.9304	41
 60.9308	30
 60.9312	16
 60.9316	22
 60.9320	20
 60.9324	26
 60.9328	28
 60.9332	12
 60.9336	19
 60.9340	13
 60.9344	13
 60.9348	15
 60.9352	16
 60.9356	13
 60.9360	18
 60.9364	14
 60.9368	17
 60.9372	14
 60.9376	15
 60.9380	7
 60.9384	12
 60.9388	12
 60.9392	9
 60.9396	11
 60.9400	7
 60.9404	9
 60.9408	7
 60.9412	10
 60.9416	13
 60.9420	11
 60.9424	4
 60.9428	5
 60.9432	4
 60.9436	3
 60.9440	9
 60.9444	12
 60.9448	3
 60.9452	3
 60.9456	8
 60.9460	3
 60.9464	4
 60.9468	6
 60.9472	7
 60.9476	8
 60.9480	11
 60.9484	7
 60.9488	6
 60.9492	3
 60.9496	6
 60.9500	10
 60.9504	4
 60.9508	5
 60.9512	2
 60.9516	6
 60.9520	9
 60.9524	3
 60.9528	4
 60.9532	3
 60.9536	4
 60.9540	5
 60.9544	5
 60.9548	6
 60.9552	2
 60.9556	4
 60.9560	7
 60.9564	6
 60.9568	6
 60.9572	1
 60.9576	3
 60.9580	1
 60.9584	3
 60.9588	1
 60.9592	4
 60.9596	2
 60.9600	2
 60.9604	4
 60.9608	2
 60.9612	2
 60.9616	3
 60.9620	1
 60.9624	4
 60.9628	0
 60.9632	3
 60.9636	1
 60.9640	0
 60.9644	6
 60.9648	6
 60.9652	0
 60.9656	1
 60.9660	5
 60.9664	3
 60.9668	2
 60.9672	0
 60.9676	1
 60.9680	2
 60.9684	4
 60.9688	1
 60.9692	2
 60.9696	4
 60.9700	5
 60.9704	1
 60.9708	1
 60.9712	1
 60.9716	2
 60.9720	3
 60.9724	1
 60.9728	0
 60.9732	0
 60.9736	3
 60.9740	1
 60.9744	1
 60.9748	2
 60.9752	0
 60.9756	3
 60.9760	3
 60.9764	3
 60.9768	0
 60.9772	3
 60.9776	1
 60.9780	2
 60.9784	1
 60.9788	0
 60.9792	3
 60.9796	3
 60.9800	1
 60.9804	1
 60.9808	2
 60.9812	0
 60.9816	2
 60.9820	0
 60.9824	0
 60.9828	2
 60.9832	1
 60.9836	1
 60.9840	0
 60.9844	2
 60.9848	0
 60.9852	1
 60.9856	1
 60.9860	1
 60.9864	1
 60.9868	0
 60.9872	0
 60.9876	3
 60.9880	2
 60.9884	1
