 53.4326	3
 53.4330	5
 53.4334	1
 53.4338	5
 53.4342	3
 53.4346	1
 53.4350	3
 53.4354	3
 53.4358	3
 53.4362	3
 53.4366	5
 53.4370	9
 53.4374	5
 53.4378	9
 53.4382	3
 53.4386	5
 53.4390	1
 53.4394	4
 53.4398	5
 53.4402	0
 53.4406	2
 53.4410	8
 53.4414	4
 53.4418	6
 53.4422	5
 53.4426	5
 53.4430	7
 53.4434	8
 53.4438	4
 53.4442	7
 53.4446	3
 53.4450	5
 53.4454	7
 53.4458	6
 53.4462	4
 53.4466	1
 53.4470	3
 53.4474	3
 53.4478	4
 53.4482	5
 53.4486	5
 53.4490	6
 53.4494	3
 53.4498	4
 53.4502	8
 53.4506	9
 53.4510	6
 53.4514	5
 53.4518	5
 53.4522	3
 53.4526	6
 53.4530	6
 53.4534	12
 53.4538	15
 53.4542	6
 53.4546	5
 53.4550	6
 53.4554	9
 53.4558	8
 53.4562	7
 53.4566	7
 53.4570	4
 53.4574	7
 53.4578	8
 53.4582	13
 53.4586	3
 53.4590	10
 53.4594	5
 53.4598	10
 53.4602	8
 53.4606	7
 53.4610	17
 53.4614	6
 53.4618	8
 53.4622	9
 53.4626	13
 53.4630	13
 53.4634	7
 53.4638	15
 53.4642	17
 53.4646	11
 53.4650	14
 53.4654	13
 53.4658	10
 53.4662	12
 53.4666	16
 53.4670	12
 53.4674	9
 53.4678	14
 53.4682	16
 53.4686	15
 53.4690	10
 53.4694	19
 53.4698	14
 53.4702	16
 53.4706	16
 53.4710	17
 53.4714	14
 53.4718	21
 53.4722	21
 53.4726	18
 53.4730	18
 53.4734	11
 53.4738	23
 53.4742	14
 53.4746	20
 53.4750	22
 53.4754	24
 53.4758	21
 53.4762	21
 53.4766	24
 53.4770	19
 53.4774	25
 53.4778	27
 53.4782	13
 53.4786	25
 53.4790	23
 53.4794	21
 53.4798	22
 53.4802	29
 53.4806	28
 53.4810	23
 53.4814	26
 53.4818	34
 53.4822	30
 53.4826	27
 53.4830	31
 53.4834	34
 53.4838	35
 53.4842	38
 53.4846	24
 53.4850	30
 53.4854	35
 53.4858	33
 53.4862	28
 53.4866	42
 53.4870	25
 53.4874	43
 53.4878	43
 53.4882	49
 53.4886	45
 53.4890	50
 53.4894	33
 53.4898	42
 53.4902	54
 53.4906	55
 53.4910	51
 53.4914	65
 53.4918	60
 53.4922	54
 53.4926	75
 53.4930	57
 53.4934	66
 53.4938	72
 53.4942	57
 53.4946	76
 53.4950	70
 53.4954	90
 53.4958	93
 53.4962	96
 53.4966	108
 53.4970	77
 53.4974	100
 53.4978	112
 53.4982	98
 53.4986	115
 53.4990	126
 53.4994	145
 53.4998	111
 53.5002	122
 53.5006	149
 53.5010	168
 53.5014	177
 53.5018	155
 53.5022	166
 53.5026	180
 53.5030	187
 53.5034	199
 53.5038	162
 53.5042	178
 53.5046	200
 53.5050	191
 53.5054	195
 53.5058	183
 53.5062	208
 53.5066	205
 53.5070	219
 53.5074	170
 53.5078	200
 53.5082	211
 53.5086	185
 53.5090	196
 53.5094	170
 53.5098	187
 53.5102	158
 53.5106	166
 53.5110	161
 53.5114	165
 53.5118	137
 53.5122	151
 53.5126	168
 53.5130	165
 53.5134	158
 53.5138	149
 53.5142	143
 53.5146	159
 53.5150	124
 53.5154	169
 53.5158	124
 53.5162	133
 53.5166	124
 53.5170	128
 53.5174	111
 53.5178	140
 53.5182	124
 53.5186	149
 53.5190	136
 53.5194	115
 53.5198	105
 53.5202	109
 53.5206	113
 53.5210	99
 53.5214	116
 53.5218	92
 53.5222	99
 53.5226	107
 53.5230	105
 53.5234	94
 53.5238	104
 53.5242	107
 53.5246	91
 53.5250	94
 53.5254	95
 53.5258	94
 53.5262	79
 53.5266	76
 53.5270	66
 53.5274	80
 53.5278	70
 53.5282	60
 53.5286	71
 53.5290	67
 53.5294	56
 53.5298	53
 53.5302	58
 53.5306	49
 53.5310	55
 53.5314	38
 53.5318	41
 53.5322	54
 53.5326	38
 53.5330	40
 53.5334	33
 53.5338	40
 53.5342	23
 53.5346	51
 53.5350	49
 53.5354	36
 53.5358	29
 53.5362	37
 53.5366	30
 53.5370	27
 53.5374	30
 53.5378	22
 53.5382	34
 53.5386	31
 53.5390	25
 53.5394	28
 53.5398	26
 53.5402	22
 53.5406	25
 53.5410	17
 53.5414	24
 53.5418	22
 53.5422	20
 53.5426	15
 53.5430	20
 53.5434	30
 53.5438	18
 53.5442	14
 53.5446	24
 53.5450	16
 53.5454	15
 53.5458	13
 53.5462	16
 53.5466	13
 53.5470	20
 53.5474	20
 53.5478	20
 53.5482	15
 53.5486	15
 53.5490	15
 53.5494	8
 53.5498	13
 53.5502	15
 53.5506	8
 53.5510	12
 53.5514	11
 53.5518	8
 53.5522	15
 53.5526	11
 53.5530	13
 53.5534	8
 53.5538	17
 53.5542	13
 53.5546	10
 53.5550	7
 53.5554	5
 53.5558	10
 53.5562	10
 53.5566	8
 53.5570	8
 53.5574	6
 53.5578	6
 53.5582	6
 53.5586	4
 53.5590	7
 53.5594	6
 53.5598	8
 53.5602	4
 53.5606	6
 53.5610	9
 53.5614	6
 53.5618	7
 53.5622	5
 53.5626	7
 53.5630	3
 53.5634	8
 53.5638	3
 53.5642	5
 53.5646	7
 53.5650	6
 53.5654	9
 53.5658	8
 53.5662	3
 53.5666	3
 53.5670	8
 53.5674	6
 53.5678	1
 53.5682	4
 53.5686	6
 53.5690	7
 53.5694	5
 53.5698	7
 53.5702	5
 53.5706	7
 53.5710	4
 53.5714	2
 53.5718	6
 53.5722	1
 53.5726	4
 53.5730	5
 53.5734	6
 53.5738	4
 53.5742	6
 53.5746	6
 53.5750	10
 53.5754	7
 53.5758	3
 53.5762	7
 53.5766	0
 53.5770	4
 53.5774	5
 53.5778	6
 53.5782	2
 53.5786	2
 53.5790	3
 53.5794	7
 53.5798	3
 53.5802	3
 53.5806	4
 53.5810	5
 53.5814	4
