  5.0000	1390
  5.0200	1387
  5.0400	1446
  5.0600	1381
  5.0800	1399
  5.1000	1416
  5.1200	1408
  5.1400	1399
  5.1600	1458
  5.1800	1376
  5.2000	1389
  5.2200	1418
  5.2400	1328
  5.2600	1315
  5.2800	1445
  5.3000	1384
  5.3200	1376
  5.3400	1366
  5.3600	1336
  5.3800	1416
  5.4000	1364
  5.4200	1430
  5.4400	1363
  5.4600	1334
  5.4800	1397
  5.5000	1403
  5.5200	1370
  5.5400	1331
  5.5600	1342
  5.5800	1367
  5.6000	1422
  5.6200	1333
  5.6400	1329
  5.6600	1339
  5.6800	1319
  5.7000	1361
  5.7200	1344
  5.7400	1279
  5.7600	1331
  5.7800	1415
  5.8000	1346
  5.8200	1369
  5.8400	1332
  5.8600	1344
  5.8800	1264
  5.9000	1297
  5.9200	1349
  5.9400	1353
  5.9600	1370
  5.9800	1369
  6.0000	1320
  6.0200	1317
  6.0400	1280
  6.0600	1382
  6.0800	1310
  6.1000	1303
  6.1200	1305
  6.1400	1332
  6.1600	1327
  6.1800	1272
  6.2000	1371
  6.2200	1360
  6.2400	1343
  6.2600	1348
  6.2800	1376
  6.3000	1353
  6.3200	1386
  6.3400	1284
  6.3600	1239
  6.3800	1319
  6.4000	1317
  6.4200	1306
  6.4400	1356
  6.4600	1310
  6.4800	1344
  6.5000	1396
  6.5200	1330
  6.5400	1361
  6.5600	1276
  6.5800	1323
  6.6000	1266
  6.6200	1318
  6.6400	1307
  6.6600	1345
  6.6800	1400
  6.7000	1257
  6.7200	1242
  6.7400	1256
  6.7600	1277
  6.7800	1250
  6.8000	1335
  6.8200	1278
  6.8400	1329
  6.8600	1314
  6.8800	1276
  6.9000	1355
  6.9200	1267
  6.9400	1312
  6.9600	1329
  6.9800	1418
  7.0000	1353
  7.0200	1341
  7.0400	1316
  7.0600	1307
  7.0800	1349
  7.1000	1309
  7.1200	1320
  7.1400	1332
  7.1600	1284
  7.1800	1296
  7.2000	1274
  7.2200	1279
  7.2400	1314
  7.2600	1251
  7.2800	1351
  7.3000	1300
  7.3200	1257
  7.3400	1292
  7.3600	1251
  7.3800	1235
  7.4000	1317
  7.4200	1297
  7.4400	1276
  7.4600	1293
  7.4800	1287
  7.5000	1327
  7.5200	1282
  7.5400	1270
  7.5600	1334
  7.5800	1334
  7.6000	1322
  7.6200	1177
  7.6400	1233
  7.6600	1326
  7.6800	1236
  7.7000	1294
  7.7200	1239
  7.7400	1264
  7.7600	1317
  7.7800	1319
  7.8000	1262
  7.8200	1260
  7.8400	1290
  7.8600	1219
  7.8800	1274
  7.9000	1231
  7.9200	1290
  7.9400	1308
  7.9600	1308
  7.9800	1256
  8.0000	1237
  8.0200	1311
  8.0400	1330
  8.0600	1247
  8.0800	1264
  8.1000	1258
  8.1200	1249
  8.1400	1324
  8.1600	1266
  8.1800	1235
  8.2000	1303
  8.2200	1302
  8.2400	1284
  8.2600	1240
  8.2800	1286
  8.3000	1282
  8.3200	1288
  8.3400	1324
  8.3600	1258
  8.3800	1279
  8.4000	1257
  8.4200	1327
  8.4400	1240
  8.4600	1269
  8.4800	1323
  8.5000	1237
  8.5200	1280
  8.5400	1269
  8.5600	1298
  8.5800	1169
  8.6000	1304
  8.6200	1324
  8.6400	1272
  8.6600	1377
  8.6800	1272
  8.7000	1315
  8.7200	1317
  8.7400	1322
  8.7600	1264
  8.7800	1272
  8.8000	1371
  8.8200	1289
  8.8400	1338
  8.8600	1361
  8.8800	1422
  8.9000	1331
  8.9200	1404
  8.9400	1453
  8.9600	1477
  8.9800	1436
  9.0000	1531
  9.0200	1538
  9.0400	1629
  9.0600	1675
  9.0800	1747
  9.1000	1794
  9.1200	1823
  9.1400	1796
  9.1600	1858
  9.1800	1707
  9.2000	1588
  9.2200	1492
  9.2400	1418
  9.2600	1374
  9.2800	1363
  9.3000	1252
  9.3200	1359
  9.3400	1314
  9.3600	1295
  9.3800	1276
  9.4000	1298
  9.4200	1239
  9.4400	1203
  9.4600	1246
  9.4800	1238
  9.5000	1218
  9.5200	1206
  9.5400	1249
  9.5600	1203
  9.5800	1213
  9.6000	1265
  9.6200	1231
  9.6400	1193
  9.6600	1305
  9.6800	1210
  9.7000	1197
  9.7200	1223
  9.7400	1193
  9.7600	1101
  9.7800	1253
  9.8000	1233
  9.8200	1291
  9.8400	1219
  9.8600	1277
  9.8800	1161
  9.9000	1182
  9.9200	1232
  9.9400	1219
  9.9600	1227
  9.9800	1239
 10.0000	1163
 10.0200	1121
 10.0400	1248
 10.0600	1182
 10.0800	1205
 10.1000	1216
 10.1200	1226
 10.1400	1230
 10.1600	1226
 10.1800	1170
 10.2000	1202
 10.2200	1194
 10.2400	1105
 10.2600	1149
 10.2800	1212
 10.3000	1197
 10.3200	1225
 10.3400	1194
 10.3600	1206
 10.3800	1186
 10.4000	1178
 10.4200	1177
 10.4400	1156
 10.4600	1196
 10.4800	1232
 10.5000	1178
 10.5200	1236
 10.5400	1173
 10.5600	1167
 10.5800	1160
 10.6000	1221
 10.6200	1218
 10.6400	1199
 10.6600	1170
 10.6800	1197
 10.7000	1178
 10.7200	1200
 10.7400	1270
 10.7600	1272
 10.7800	1245
 10.8000	1159
 10.8200	1175
 10.8400	1200
 10.8600	1175
 10.8800	1158
 10.9000	1200
 10.9200	1161
 10.9400	1238
 10.9600	1149
 10.9800	1194
 11.0000	1205
 11.0200	1166
 11.0400	1181
 11.0600	1190
 11.0800	1173
 11.1000	1145
 11.1200	1150
 11.1400	1226
 11.1600	1166
 11.1800	1154
 11.2000	1184
 11.2200	1212
 11.2400	1121
 11.2600	1152
 11.2800	1213
 11.3000	1137
 11.3200	1170
 11.3400	1215
 11.3600	1139
 11.3800	1120
 11.4000	1155
 11.4200	1147
 11.4400	1166
 11.4600	1161
 11.4800	1167
 11.5000	1218
 11.5200	1134
 11.5400	1170
 11.5600	1135
 11.5800	1155
 11.6000	1182
 11.6200	1138
 11.6400	1156
 11.6600	1156
 11.6800	1198
 11.7000	1181
 11.7200	1151
 11.7400	1200
 11.7600	1112
 11.7800	1137
 11.8000	1158
 11.8200	1172
 11.8400	1174
 11.8600	1200
 11.8800	1206
 11.9000	1151
 11.9200	1246
 11.9400	1111
 11.9600	1146
 11.9800	1140
 12.0000	1161
 12.0200	1157
 12.0400	1205
 12.0600	1136
 12.0800	1221
 12.1000	1144
 12.1200	1165
 12.1400	1155
 12.1600	1185
 12.1800	1212
 12.2000	1101
 12.2200	1159
 12.2400	1129
 12.2600	1199
 12.2800	1139
 12.3000	1149
 12.3200	1114
 12.3400	1121
 12.3600	1165
 12.3800	1120
 12.4000	1165
 12.4200	1141
 12.4400	1136
 12.4600	1162
 12.4800	1154
 12.5000	1168
 12.5200	1168
 12.5400	1169
 12.5600	1110
 12.5800	1169
 12.6000	1124
 12.6200	1154
 12.6400	1145
 12.6600	1111
 12.6800	1211
 12.7000	1158
 12.7200	1166
 12.7400	1100
 12.7600	1155
 12.7800	1088
 12.8000	1121
 12.8200	1101
 12.8400	1140
 12.8600	1095
 12.8800	1120
 12.9000	1077
 12.9200	1147
 12.9400	1138
 12.9600	1111
 12.9800	1150
 13.0000	1149
 13.0200	1151
 13.0400	1184
 13.0600	1099
 13.0800	1183
 13.1000	1166
 13.1200	1171
 13.1400	1164
 13.1600	1133
 13.1800	1128
 13.2000	1124
 13.2200	1148
 13.2400	1125
 13.2600	1192
 13.2800	1166
 13.3000	1116
 13.3200	1141
 13.3400	1102
 13.3600	1114
 13.3800	1123
 13.4000	1116
 13.4200	1111
 13.4400	1155
 13.4600	1150
 13.4800	1148
 13.5000	1169
 13.5200	1089
 13.5400	1107
 13.5600	1095
 13.5800	1148
 13.6000	1140
 13.6200	1120
 13.6400	1143
 13.6600	1161
 13.6800	1097
 13.7000	1189
 13.7200	1132
 13.7400	1107
 13.7600	1137
 13.7800	1134
 13.8000	1107
 13.8200	1085
 13.8400	1121
 13.8600	1127
 13.8800	1153
 13.9000	1131
 13.9200	1050
 13.9400	1100
 13.9600	1094
 13.9800	1120
 14.0000	1071
 14.0200	1132
 14.0400	1093
 14.0600	1076
 14.0800	1086
 14.1000	1076
 14.1200	1155
 14.1400	1176
 14.1600	1114
 14.1800	1076
 14.2000	1053
 14.2200	1096
 14.2400	1078
 14.2600	1098
 14.2800	1137
 14.3000	1123
 14.3200	1074
 14.3400	1080
 14.3600	1131
 14.3800	1121
 14.4000	1105
 14.4200	1115
 14.4400	1106
 14.4600	1122
 14.4800	1077
 14.5000	1084
 14.5200	1066
 14.5400	1086
 14.5600	1115
 14.5800	1075
 14.6000	1154
 14.6200	1071
 14.6400	1095
 14.6600	1098
 14.6800	1148
 14.7000	1138
 14.7200	1053
 14.7400	1042
 14.7600	1093
 14.7800	1125
 14.8000	1067
 14.8200	1090
 14.8400	1137
 14.8600	1059
 14.8800	1072
 14.9000	1091
 14.9200	1161
 14.9400	1063
 14.9600	1079
 14.9800	1093
 15.0000	1047
 15.0200	1136
 15.0400	1123
 15.0600	1047
 15.0800	1119
 15.1000	1040
 15.1200	1068
 15.1400	1140
 15.1600	1112
 15.1800	1070
 15.2000	1043
 15.2200	1077
 15.2400	1028
 15.2600	1079
 15.2800	1080
 15.3000	1034
 15.3200	1053
 15.3400	1051
 15.3600	1079
 15.3800	1103
 15.4000	1120
 15.4200	1094
 15.4400	1096
 15.4600	1059
 15.4800	1013
 15.5000	1079
 15.5200	1074
 15.5400	1082
 15.5600	1086
 15.5800	1105
 15.6000	1070
 15.6200	1066
 15.6400	1041
 15.6600	1081
 15.6800	1070
 15.7000	1148
 15.7200	1124
 15.7400	1069
 15.7600	1063
 15.7800	1039
 15.8000	1090
 15.8200	1101
 15.8400	1037
 15.8600	1034
 15.8800	1039
 15.9000	1038
 15.9200	1068
 15.9400	1050
 15.9600	1061
 15.9800	1053
 16.0000	997
 16.0200	1110
 16.0400	1060
 16.0600	966
 16.0800	1026
 16.1000	1020
 16.1200	996
 16.1400	1060
 16.1600	1099
 16.1800	1052
 16.2000	1016
 16.2200	1018
 16.2400	1035
 16.2600	1104
 16.2800	1047
 16.3000	1008
 16.3200	1046
 16.3400	1050
 16.3600	1013
 16.3800	1023
 16.4000	1014
 16.4200	1051
 16.4400	1075
 16.4600	1028
 16.4800	1038
 16.5000	1074
 16.5200	1029
 16.5400	1040
 16.5600	1047
 16.5800	1007
 16.6000	1082
 16.6200	1007
 16.6400	1064
 16.6600	1023
 16.6800	1082
 16.7000	1088
 16.7200	1023
 16.7400	1018
 16.7600	1025
 16.7800	1025
 16.8000	1058
 16.8200	1001
 16.8400	1034
 16.8600	1012
 16.8800	1004
 16.9000	1057
 16.9200	1071
 16.9400	1033
 16.9600	1025
 16.9800	1018
 17.0000	1023
 17.0200	1040
 17.0400	1080
 17.0600	1008
 17.0800	961
 17.1000	1031
 17.1200	1074
 17.1400	1045
 17.1600	1069
 17.1800	1055
 17.2000	1024
 17.2200	1057
 17.2400	1060
 17.2600	1018
 17.2800	1014
 17.3000	1044
 17.3200	1060
 17.3400	1016
 17.3600	1019
 17.3800	983
 17.4000	1024
 17.4200	1071
 17.4400	998
 17.4600	1024
 17.4800	1061
 17.5000	1019
 17.5200	1080
 17.5400	1064
 17.5600	1042
 17.5800	1077
 17.6000	1032
 17.6200	1050
 17.6400	1059
 17.6600	1009
 17.6800	1085
 17.7000	1075
 17.7200	1023
 17.7400	1030
 17.7600	1050
 17.7800	1078
 17.8000	1065
 17.8200	1092
 17.8400	1167
 17.8600	1126
 17.8800	1083
 17.9000	1120
 17.9200	1165
 17.9400	1123
 17.9600	1086
 17.9800	1152
 18.0000	1143
 18.0200	1250
 18.0400	1183
 18.0600	1235
 18.0800	1240
 18.1000	1238
 18.1200	1306
 18.1400	1342
 18.1600	1425
 18.1800	1484
 18.2000	1475
 18.2200	1512
 18.2400	1678
 18.2600	1790
 18.2800	1953
 18.3000	2102
 18.3200	2273
 18.3400	2455
 18.3600	2771
 18.3800	2952
 18.4000	3327
 18.4200	3655
 18.4400	3977
 18.4600	4087
 18.4800	4089
 18.5000	4002
 18.5200	3706
 18.5400	3284
 18.5600	2891
 18.5800	2453
 18.6000	2064
 18.6200	1764
 18.6400	1546
 18.6600	1399
 18.6800	1303
 18.7000	1263
 18.7200	1149
 18.7400	1201
 18.7600	1164
 18.7800	1159
 18.8000	1139
 18.8200	1137
 18.8400	1147
 18.8600	1052
 18.8800	1096
 18.9000	1038
 18.9200	1054
 18.9400	1042
 18.9600	1079
 18.9800	1012
 19.0000	1032
 19.0200	1039
 19.0400	1076
 19.0600	1068
 19.0800	1079
 19.1000	1011
 19.1200	1030
 19.1400	1023
 19.1600	1019
 19.1800	1032
 19.2000	1004
 19.2200	1037
 19.2400	1011
 19.2600	1018
 19.2800	948
 19.3000	958
 19.3200	1010
 19.3400	948
 19.3600	970
 19.3800	1049
 19.4000	969
 19.4200	996
 19.4400	1012
 19.4600	950
 19.4800	994
 19.5000	960
 19.5200	959
 19.5400	939
 19.5600	999
 19.5800	927
 19.6000	973
 19.6200	923
 19.6400	962
 19.6600	1011
 19.6800	1008
 19.7000	955
 19.7200	953
 19.7400	984
 19.7600	1004
 19.7800	985
 19.8000	1039
 19.8200	925
 19.8400	920
 19.8600	905
 19.8800	957
 19.9000	936
 19.9200	959
 19.9400	920
 19.9600	917
 19.9800	974
 20.0000	900
 20.0200	962
 20.0400	864
 20.0600	921
 20.0800	971
 20.1000	924
 20.1200	953
 20.1400	1020
 20.1600	947
 20.1800	913
 20.2000	920
 20.2200	951
 20.2400	1012
 20.2600	951
 20.2800	946
 20.3000	932
 20.3200	946
 20.3400	936
 20.3600	938
 20.3800	878
 20.4000	930
 20.4200	924
 20.4400	961
 20.4600	908
 20.4800	940
 20.5000	957
 20.5200	989
 20.5400	872
 20.5600	960
 20.5800	968
 20.6000	919
 20.6200	930
 20.6400	961
 20.6600	923
 20.6800	861
 20.7000	957
 20.7200	872
 20.7400	1008
 20.7600	959
 20.7800	937
 20.8000	907
 20.8200	909
 20.8400	910
 20.8600	900
 20.8800	964
 20.9000	868
 20.9200	894
 20.9400	922
 20.9600	914
 20.9800	971
 21.0000	944
 21.0200	943
 21.0400	905
 21.0600	868
 21.0800	913
 21.1000	914
 21.1200	903
 21.1400	932
 21.1600	888
 21.1800	962
 21.2000	923
 21.2200	948
 21.2400	874
 21.2600	885
 21.2800	940
 21.3000	941
 21.3200	878
 21.3400	952
 21.3600	906
 21.3800	877
 21.4000	881
 21.4200	918
 21.4400	861
 21.4600	924
 21.4800	946
 21.5000	894
 21.5200	959
 21.5400	927
 21.5600	976
 21.5800	960
 21.6000	882
 21.6200	884
 21.6400	960
 21.6600	885
 21.6800	881
 21.7000	904
 21.7200	895
 21.7400	851
 21.7600	867
 21.7800	896
 21.8000	890
 21.8200	876
 21.8400	833
 21.8600	879
 21.8800	932
 21.9000	880
 21.9200	884
 21.9400	911
 21.9600	889
 21.9800	929
 22.0000	857
 22.0200	868
 22.0400	930
 22.0600	895
 22.0800	880
 22.1000	906
 22.1200	848
 22.1400	875
 22.1600	894
 22.1800	960
 22.2000	869
 22.2200	899
 22.2400	851
 22.2600	913
 22.2800	913
 22.3000	924
 22.3200	862
 22.3400	940
 22.3600	891
 22.3800	865
 22.4000	836
 22.4200	872
 22.4400	914
 22.4600	899
 22.4800	844
 22.5000	855
 22.5200	872
 22.5400	913
 22.5600	836
 22.5800	910
 22.6000	870
 22.6200	858
 22.6400	847
 22.6600	862
 22.6800	917
 22.7000	923
 22.7200	844
 22.7400	840
 22.7600	863
 22.7800	857
 22.8000	940
 22.8200	831
 22.8400	858
 22.8600	826
 22.8800	891
 22.9000	863
 22.9200	904
 22.9400	853
 22.9600	876
 22.9800	875
 23.0000	872
 23.0200	869
 23.0400	831
 23.0600	859
 23.0800	864
 23.1000	817
 23.1200	864
 23.1400	932
 23.1600	886
 23.1800	823
 23.2000	811
 23.2200	807
 23.2400	867
 23.2600	822
 23.2800	874
 23.3000	844
 23.3200	834
 23.3400	854
 23.3600	884
 23.3800	885
 23.4000	809
 23.4200	866
 23.4400	878
 23.4600	804
 23.4800	844
 23.5000	837
 23.5200	888
 23.5400	865
 23.5600	860
 23.5800	826
 23.6000	899
 23.6200	817
 23.6400	790
 23.6600	895
 23.6800	837
 23.7000	791
 23.7200	858
 23.7400	859
 23.7600	807
 23.7800	827
 23.8000	788
 23.8200	897
 23.8400	817
 23.8600	815
 23.8800	839
 23.9000	861
 23.9200	801
 23.9400	844
 23.9600	872
 23.9800	826
 24.0000	876
 24.0200	834
 24.0400	815
 24.0600	872
 24.0800	824
 24.1000	854
 24.1200	864
 24.1400	832
 24.1600	920
 24.1800	838
 24.2000	796
 24.2200	847
 24.2400	799
 24.2600	933
 24.2800	941
 24.3000	812
 24.3200	888
 24.3400	817
 24.3600	828
 24.3800	858
 24.4000	897
 24.4200	943
 24.4400	886
 24.4600	841
 24.4800	847
 24.5000	904
 24.5200	846
 24.5400	868
 24.5600	839
 24.5800	891
 24.6000	916
 24.6200	912
 24.6400	880
 24.6600	921
 24.6800	929
 24.7000	960
 24.7200	976
 24.7400	944
 24.7600	972
 24.7800	987
 24.8000	964
 24.8200	1008
 24.8400	971
 24.8600	1004
 24.8800	1089
 24.9000	1031
 24.9200	1045
 24.9400	1012
 24.9600	976
 24.9800	1016
 25.0000	995
 25.0200	998
 25.0400	938
 25.0600	919
 25.0800	914
 25.1000	910
 25.1200	883
 25.1400	916
 25.1600	884
 25.1800	828
 25.2000	884
 25.2200	838
 25.2400	858
 25.2600	808
 25.2800	821
 25.3000	868
 25.3200	792
 25.3400	869
 25.3600	857
 25.3800	861
 25.4000	832
 25.4200	810
 25.4400	845
 25.4600	829
 25.4800	798
 25.5000	816
 25.5200	816
 25.5400	856
 25.5600	778
 25.5800	855
 25.6000	797
 25.6200	818
 25.6400	789
 25.6600	796
 25.6800	760
 25.7000	834
 25.7200	789
 25.7400	798
 25.7600	774
 25.7800	789
 25.8000	732
 25.8200	801
 25.8400	775
 25.8600	815
 25.8800	786
 25.9000	827
 25.9200	815
 25.9400	767
 25.9600	768
 25.9800	796
 26.0000	761
 26.0200	754
 26.0400	805
 26.0600	762
 26.0800	802
 26.1000	774
 26.1200	806
 26.1400	796
 26.1600	786
 26.1800	759
 26.2000	743
 26.2200	776
 26.2400	742
 26.2600	763
 26.2800	761
 26.3000	761
 26.3200	770
 26.3400	819
 26.3600	800
 26.3800	780
 26.4000	752
 26.4200	778
 26.4400	792
 26.4600	767
 26.4800	768
 26.5000	731
 26.5200	769
 26.5400	789
 26.5600	763
 26.5800	759
 26.6000	730
 26.6200	752
 26.6400	783
 26.6600	731
 26.6800	767
 26.7000	758
 26.7200	734
 26.7400	777
 26.7600	793
 26.7800	755
 26.8000	717
 26.8200	782
 26.8400	662
 26.8600	760
 26.8800	713
 26.9000	714
 26.9200	775
 26.9400	714
 26.9600	728
 26.9800	771
 27.0000	703
 27.0200	755
 27.0400	698
 27.0600	720
 27.0800	743
 27.1000	689
 27.1200	701
 27.1400	749
 27.1600	698
 27.1800	774
 27.2000	791
 27.2200	761
 27.2400	775
 27.2600	729
 27.2800	697
 27.3000	753
 27.3200	736
 27.3400	763
 27.3600	710
 27.3800	778
 27.4000	798
 27.4200	748
 27.4400	778
 27.4600	761
 27.4800	780
 27.5000	847
 27.5200	781
 27.5400	764
 27.5600	811
 27.5800	794
 27.6000	870
 27.6200	823
 27.6400	830
 27.6600	777
 27.6800	855
 27.7000	881
 27.7200	857
 27.7400	866
 27.7600	874
 27.7800	894
 27.8000	931
 27.8200	928
 27.8400	952
 27.8600	990
 27.8800	943
 27.9000	972
 27.9200	951
 27.9400	988
 27.9600	945
 27.9800	889
 28.0000	895
 28.0200	835
 28.0400	807
 28.0600	825
 28.0800	808
 28.1000	772
 28.1200	820
 28.1400	756
 28.1600	743
 28.1800	708
 28.2000	739
 28.2200	743
 28.2400	690
 28.2600	767
 28.2800	710
 28.3000	701
 28.3200	701
 28.3400	744
 28.3600	702
 28.3800	682
 28.4000	736
 28.4200	742
 28.4400	695
 28.4600	702
 28.4800	767
 28.5000	771
 28.5200	727
 28.5400	748
 28.5600	771
 28.5800	730
 28.6000	709
 28.6200	785
 28.6400	717
 28.6600	777
 28.6800	794
 28.7000	807
 28.7200	756
 28.7400	800
 28.7600	799
 28.7800	832
 28.8000	858
 28.8200	912
 28.8400	872
 28.8600	923
 28.8800	922
 28.9000	923
 28.9200	1013
 28.9400	1070
 28.9600	1025
 28.9800	1136
 29.0000	1129
 29.0200	1300
 29.0400	1279
 29.0600	1423
 29.0800	1530
 29.1000	1617
 29.1200	1878
 29.1400	2018
 29.1600	2177
 29.1800	2361
 29.2000	2589
 29.2200	2777
 29.2400	3029
 29.2600	3001
 29.2800	3127
 29.3000	3104
 29.3200	3012
 29.3400	2897
 29.3600	2670
 29.3800	2600
 29.4000	2308
 29.4200	2072
 29.4400	1913
 29.4600	1722
 29.4800	1578
 29.5000	1448
 29.5200	1329
 29.5400	1268
 29.5600	1141
 29.5800	1119
 29.6000	1096
 29.6200	964
 29.6400	935
 29.6600	951
 29.6800	896
 29.7000	871
 29.7200	857
 29.7400	885
 29.7600	892
 29.7800	797
 29.8000	797
 29.8200	754
 29.8400	794
 29.8600	752
 29.8800	810
 29.9000	750
 29.9200	738
 29.9400	706
 29.9600	718
 29.9800	741
 30.0000	717
 30.0200	682
 30.0400	682
 30.0600	681
 30.0800	687
 30.1000	695
 30.1200	692
 30.1400	662
 30.1600	654
 30.1800	635
 30.2000	682
 30.2200	676
 30.2400	631
 30.2600	676
 30.2800	614
 30.3000	642
 30.3200	646
 30.3400	652
 30.3600	638
 30.3800	606
 30.4000	649
 30.4200	611
 30.4400	575
 30.4600	619
 30.4800	640
 30.5000	658
 30.5200	638
 30.5400	588
 30.5600	563
 30.5800	674
 30.6000	617
 30.6200	594
 30.6400	656
 30.6600	602
 30.6800	600
 30.7000	569
 30.7200	605
 30.7400	602
 30.7600	588
 30.7800	602
 30.8000	576
 30.8200	588
 30.8400	538
 30.8600	568
 30.8800	637
 30.9000	582
 30.9200	561
 30.9400	581
 30.9600	588
 30.9800	636
 31.0000	536
 31.0200	572
 31.0400	618
 31.0600	565
 31.0800	606
 31.1000	551
 31.1200	601
 31.1400	572
 31.1600	552
 31.1800	554
 31.2000	565
 31.2200	539
 31.2400	560
 31.2600	593
 31.2800	539
 31.3000	544
 31.3200	602
 31.3400	558
 31.3600	564
 31.3800	518
 31.4000	496
 31.4200	534
 31.4400	589
 31.4600	537
 31.4800	568
 31.5000	526
 31.5200	560
 31.5400	532
 31.5600	516
 31.5800	545
 31.6000	550
 31.6200	591
 31.6400	516
 31.6600	580
 31.6800	522
 31.7000	496
 31.7200	498
 31.7400	540
 31.7600	536
 31.7800	518
 31.8000	545
 31.8200	541
 31.8400	553
 31.8600	524
 31.8800	539
 31.9000	546
 31.9200	527
 31.9400	529
 31.9600	545
 31.9800	556
 32.0000	553
 32.0200	508
 32.0400	519
 32.0600	523
 32.0800	530
 32.1000	534
 32.1200	560
 32.1400	577
 32.1600	536
 32.1800	546
 32.2000	580
 32.2200	529
 32.2400	512
 32.2600	546
 32.2800	559
 32.3000	563
 32.3200	550
 32.3400	526
 32.3600	485
 32.3800	534
 32.4000	503
 32.4200	491
 32.4400	516
 32.4600	527
 32.4800	484
 32.5000	531
 32.5200	521
 32.5400	484
 32.5600	481
 32.5800	476
 32.6000	473
 32.6200	490
 32.6400	496
 32.6600	483
 32.6800	502
 32.7000	493
 32.7200	480
 32.7400	471
 32.7600	496
 32.7800	505
 32.8000	504
 32.8200	511
 32.8400	482
 32.8600	474
 32.8800	494
 32.9000	479
 32.9200	478
 32.9400	494
 32.9600	521
 32.9800	515
 33.0000	496
 33.0200	459
 33.0400	480
 33.0600	486
 33.0800	523
 33.1000	453
 33.1200	517
 33.1400	455
 33.1600	482
 33.1800	517
 33.2000	490
 33.2200	487
 33.2400	500
 33.2600	512
 33.2800	475
 33.3000	466
 33.3200	489
 33.3400	458
 33.3600	448
 33.3800	476
 33.4000	460
 33.4200	466
 33.4400	456
 33.4600	491
 33.4800	474
 33.5000	477
 33.5200	456
 33.5400	485
 33.5600	441
 33.5800	479
 33.6000	455
 33.6200	493
 33.6400	424
 33.6600	455
 33.6800	488
 33.7000	473
 33.7200	506
 33.7400	457
 33.7600	445
 33.7800	437
 33.8000	443
 33.8200	446
 33.8400	471
 33.8600	474
 33.8800	441
 33.9000	463
 33.9200	451
 33.9400	452
 33.9600	481
 33.9800	460
 34.0000	493
 34.0200	456
 34.0400	441
 34.0600	440
 34.0800	458
 34.1000	461
 34.1200	477
 34.1400	476
 34.1600	425
 34.1800	412
 34.2000	464
 34.2200	435
 34.2400	463
 34.2600	483
 34.2800	449
 34.3000	437
 34.3200	437
 34.3400	391
 34.3600	438
 34.3800	442
 34.4000	472
 34.4200	427
 34.4400	440
 34.4600	470
 34.4800	432
 34.5000	450
 34.5200	422
 34.5400	481
 34.5600	429
 34.5800	439
 34.6000	412
 34.6200	423
 34.6400	444
 34.6600	456
 34.6800	418
 34.7000	421
 34.7200	414
 34.7400	418
 34.7600	430
 34.7800	466
 34.8000	405
 34.8200	409
 34.8400	431
 34.8600	450
 34.8800	457
 34.9000	465
 34.9200	454
 34.9400	436
 34.9600	447
 34.9800	452
 35.0000	412
 35.0200	437
 35.0400	441
 35.0600	438
 35.0800	464
 35.1000	432
 35.1200	433
 35.1400	437
 35.1600	470
 35.1800	464
 35.2000	461
 35.2200	442
 35.2400	465
 35.2600	504
 35.2800	483
 35.3000	475
 35.3200	472
 35.3400	480
 35.3600	498
 35.3800	487
 35.4000	433
 35.4200	478
 35.4400	463
 35.4600	481
 35.4800	425
 35.5000	447
 35.5200	469
 35.5400	435
 35.5600	426
 35.5800	390
 35.6000	425
 35.6200	404
 35.6400	410
 35.6600	418
 35.6800	420
 35.7000	388
 35.7200	393
 35.7400	396
 35.7600	394
 35.7800	441
 35.8000	368
 35.8200	394
 35.8400	390
 35.8600	422
 35.8800	411
 35.9000	389
 35.9200	386
 35.9400	428
 35.9600	419
 35.9800	409
 36.0000	359
 36.0200	375
 36.0400	375
 36.0600	415
 36.0800	407
 36.1000	390
 36.1200	381
 36.1400	389
 36.1600	388
 36.1800	402
 36.2000	392
 36.2200	383
 36.2400	396
 36.2600	370
 36.2800	398
 36.3000	395
 36.3200	402
 36.3400	393
 36.3600	375
 36.3800	392
 36.4000	408
 36.4200	379
 36.4400	353
 36.4600	377
 36.4800	383
 36.5000	376
 36.5200	349
 36.5400	368
 36.5600	365
 36.5800	377
 36.6000	378
 36.6200	357
 36.6400	396
 36.6600	352
 36.6800	327
 36.7000	401
 36.7200	361
 36.7400	380
 36.7600	371
 36.7800	360
 36.8000	371
 36.8200	363
 36.8400	366
 36.8600	373
 36.8800	356
 36.9000	352
 36.9200	355
 36.9400	379
 36.9600	358
 36.9800	350
 37.0000	325
 37.0200	362
 37.0400	367
 37.0600	364
 37.0800	340
 37.1000	370
 37.1200	407
 37.1400	369
 37.1600	382
 37.1800	369
 37.2000	382
 37.2200	401
 37.2400	345
 37.2600	377
 37.2800	365
 37.3000	351
 37.3200	371
 37.3400	370
 37.3600	354
 37.3800	442
 37.4000	413
 37.4200	342
 37.4400	375
 37.4600	377
 37.4800	362
 37.5000	414
 37.5200	385
 37.5400	379
 37.5600	368
 37.5800	378
 37.6000	404
 37.6200	376
 37.6400	362
 37.6600	416
 37.6800	340
 37.7000	379
 37.7200	394
 37.7400	350
 37.7600	366
 37.7800	381
 37.8000	376
 37.8200	354
 37.8400	339
 37.8600	348
 37.8800	348
 37.9000	350
 37.9200	358
 37.9400	362
 37.9600	338
 37.9800	362
 38.0000	338
 38.0200	298
 38.0400	329
 38.0600	352
 38.0800	357
 38.1000	337
 38.1200	345
 38.1400	397
 38.1600	329
 38.1800	340
 38.2000	342
 38.2200	316
 38.2400	340
 38.2600	312
 38.2800	343
 38.3000	345
 38.3200	348
 38.3400	346
 38.3600	357
 38.3800	397
 38.4000	350
 38.4200	314
 38.4400	358
 38.4600	366
 38.4800	366
 38.5000	356
 38.5200	362
 38.5400	372
 38.5600	360
 38.5800	380
 38.6000	359
 38.6200	344
 38.6400	356
 38.6600	351
 38.6800	345
 38.7000	358
 38.7200	346
 38.7400	335
 38.7600	363
 38.7800	343
 38.8000	351
 38.8200	373
 38.8400	326
 38.8600	332
 38.8800	367
 38.9000	352
 38.9200	340
 38.9400	359
 38.9600	389
 38.9800	343
 39.0000	359
 39.0200	372
 39.0400	379
 39.0600	346
 39.0800	348
 39.1000	356
 39.1200	358
 39.1400	341
 39.1600	374
 39.1800	301
 39.2000	394
 39.2200	341
 39.2400	340
 39.2600	373
 39.2800	354
 39.3000	401
 39.3200	336
 39.3400	354
 39.3600	373
 39.3800	372
 39.4000	401
 39.4200	373
 39.4400	419
 39.4600	389
 39.4800	400
 39.5000	422
 39.5200	431
 39.5400	411
 39.5600	410
 39.5800	440
 39.6000	404
 39.6200	444
 39.6400	473
 39.6600	427
 39.6800	451
 39.7000	510
 39.7200	469
 39.7400	548
 39.7600	570
 39.7800	541
 39.8000	568
 39.8200	587
 39.8400	605
 39.8600	680
 39.8800	728
 39.9000	718
 39.9200	782
 39.9400	838
 39.9600	908
 39.9800	957
 40.0000	974
 40.0200	1097
 40.0400	1111
 40.0600	1251
 40.0800	1349
 40.1000	1408
 40.1200	1408
 40.1400	1512
 40.1600	1613
 40.1800	1659
 40.2000	1636
 40.2200	1605
 40.2400	1524
 40.2600	1463
 40.2800	1463
 40.3000	1384
 40.3200	1424
 40.3400	1250
 40.3600	1159
 40.3800	1071
 40.4000	971
 40.4200	942
 40.4400	874
 40.4600	853
 40.4800	779
 40.5000	706
 40.5200	687
 40.5400	640
 40.5600	614
 40.5800	570
 40.6000	547
 40.6200	568
 40.6400	503
 40.6600	538
 40.6800	523
 40.7000	457
 40.7200	469
 40.7400	479
 40.7600	423
 40.7800	420
 40.8000	400
 40.8200	411
 40.8400	363
 40.8600	399
 40.8800	368
 40.9000	382
 40.9200	380
 40.9400	407
 40.9600	382
 40.9800	361
 41.0000	348
 41.0200	359
 41.0400	371
 41.0600	364
 41.0800	328
 41.1000	382
 41.1200	327
 41.1400	359
 41.1600	349
 41.1800	359
 41.2000	326
 41.2200	342
 41.2400	354
 41.2600	297
 41.2800	342
 41.3000	341
 41.3200	325
 41.3400	344
 41.3600	309
 41.3800	312
 41.4000	319
 41.4200	308
 41.4400	316
 41.4600	308
 41.4800	305
 41.5000	310
 41.5200	285
 41.5400	304
 41.5600	319
 41.5800	318
 41.6000	297
 41.6200	320
 41.6400	298
 41.6600	307
 41.6800	310
 41.7000	281
 41.7200	285
 41.7400	302
 41.7600	304
 41.7800	302
 41.8000	286
 41.8200	311
 41.8400	318
 41.8600	303
 41.8800	299
 41.9000	330
 41.9200	315
 41.9400	305
 41.9600	310
 41.9800	342
 42.0000	301
 42.0200	333
 42.0400	302
 42.0600	350
 42.0800	303
 42.1000	313
 42.1200	303
 42.1400	324
 42.1600	317
 42.1800	314
 42.2000	325
 42.2200	319
 42.2400	272
 42.2600	337
 42.2800	308
 42.3000	308
 42.3200	308
 42.3400	335
 42.3600	321
 42.3800	308
 42.4000	350
 42.4200	304
 42.4400	351
 42.4600	359
 42.4800	341
 42.5000	335
 42.5200	369
 42.5400	357
 42.5600	367
 42.5800	428
 42.6000	427
 42.6200	458
 42.6400	460
 42.6600	498
 42.6800	509
 42.7000	530
 42.7200	606
 42.7400	621
 42.7600	645
 42.7800	665
 42.8000	688
 42.8200	725
 42.8400	730
 42.8600	705
 42.8800	692
 42.9000	686
 42.9200	724
 42.9400	645
 42.9600	601
 42.9800	625
 43.0000	600
 43.0200	555
 43.0400	522
 43.0600	475
 43.0800	451
 43.1000	459
 43.1200	483
 43.1400	462
 43.1600	424
 43.1800	408
 43.2000	423
 43.2200	442
 43.2400	427
 43.2600	435
 43.2800	455
 43.3000	466
 43.3200	443
 43.3400	459
 43.3600	528
 43.3800	514
 43.4000	533
 43.4200	533
 43.4400	512
 43.4600	559
 43.4800	577
 43.5000	593
 43.5200	630
 43.5400	635
 43.5600	675
 43.5800	697
 43.6000	702
 43.6200	682
 43.6400	665
 43.6600	668
 43.6800	661
 43.7000	630
 43.7200	650
 43.7400	604
 43.7600	575
 43.7800	537
 43.8000	520
 43.8200	563
 43.8400	532
 43.8600	439
 43.8800	484
 43.9000	465
 43.9200	404
 43.9400	397
 43.9600	420
 43.9800	400
 44.0000	371
 44.0200	351
 44.0400	371
 44.0600	332
 44.0800	334
 44.1000	322
 44.1200	299
 44.1400	311
 44.1600	296
 44.1800	315
 44.2000	318
 44.2200	314
 44.2400	274
 44.2600	294
 44.2800	305
 44.3000	309
 44.3200	280
 44.3400	283
 44.3600	261
 44.3800	279
 44.4000	263
 44.4200	277
 44.4400	296
 44.4600	241
 44.4800	287
 44.5000	280
 44.5200	297
 44.5400	291
 44.5600	274
 44.5800	268
 44.6000	244
 44.6200	258
 44.6400	276
 44.6600	265
 44.6800	302
 44.7000	274
 44.7200	253
 44.7400	279
 44.7600	287
 44.7800	278
 44.8000	274
 44.8200	261
 44.8400	238
 44.8600	237
 44.8800	258
 44.9000	276
 44.9200	258
 44.9400	229
 44.9600	223
 44.9800	247
 45.0000	235
 45.0200	256
 45.0400	239
 45.0600	229
 45.0800	232
 45.1000	254
 45.1200	224
 45.1400	221
 45.1600	251
 45.1800	246
 45.2000	248
 45.2200	228
 45.2400	229
 45.2600	228
 45.2800	257
 45.3000	254
 45.3200	240
 45.3400	239
 45.3600	234
 45.3800	204
 45.4000	234
 45.4200	216
 45.4400	236
 45.4600	235
 45.4800	220
 45.5000	227
 45.5200	221
 45.5400	252
 45.5600	219
 45.5800	237
 45.6000	217
 45.6200	205
 45.6400	231
 45.6600	222
 45.6800	188
 45.7000	259
 45.7200	243
 45.7400	214
 45.7600	229
 45.7800	256
 45.8000	230
 45.8200	208
 45.8400	196
 45.8600	230
 45.8800	233
 45.9000	229
 45.9200	232
 45.9400	234
 45.9600	216
 45.9800	228
 46.0000	228
 46.0200	231
 46.0400	206
 46.0600	245
 46.0800	214
 46.1000	229
 46.1200	243
 46.1400	256
 46.1600	216
 46.1800	215
 46.2000	239
 46.2200	231
 46.2400	243
 46.2600	192
 46.2800	253
 46.3000	252
 46.3200	231
 46.3400	237
 46.3600	236
 46.3800	237
 46.4000	225
 46.4200	223
 46.4400	228
 46.4600	239
 46.4800	245
 46.5000	249
 46.5200	240
 46.5400	238
 46.5600	256
 46.5800	244
 46.6000	256
 46.6200	251
 46.6400	267
 46.6600	264
 46.6800	249
 46.7000	285
 46.7200	254
 46.7400	252
 46.7600	253
 46.7800	287
 46.8000	275
 46.8200	267
 46.8400	285
 46.8600	268
 46.8800	293
 46.9000	307
 46.9200	291
 46.9400	257
 46.9600	307
 46.9800	310
 47.0000	310
 47.0200	335
 47.0400	346
 47.0600	386
 47.0800	380
 47.1000	418
 47.1200	363
 47.1400	433
 47.1600	430
 47.1800	441
 47.2000	484
 47.2200	575
 47.2400	602
 47.2600	618
 47.2800	678
 47.3000	723
 47.3200	812
 47.3400	910
 47.3600	985
 47.3800	1088
 47.4000	1194
 47.4200	1266
 47.4400	1346
 47.4600	1467
 47.4800	1491
 47.5000	1475
 47.5200	1581
 47.5400	1627
 47.5600	1542
 47.5800	1512
 47.6000	1521
 47.6200	1408
 47.6400	1416
 47.6600	1250
 47.6800	1104
 47.7000	1115
 47.7200	1001
 47.7400	905
 47.7600	814
 47.7800	764
 47.8000	757
 47.8200	686
 47.8400	600
 47.8600	598
 47.8800	555
 47.9000	540
 47.9200	530
 47.9400	492
 47.9600	470
 47.9800	440
 48.0000	444
 48.0200	430
 48.0400	411
 48.0600	390
 48.0800	375
 48.1000	362
 48.1200	335
 48.1400	340
 48.1600	363
 48.1800	349
 48.2000	333
 48.2200	324
 48.2400	346
 48.2600	351
 48.2800	338
 48.3000	358
 48.3200	347
 48.3400	334
 48.3600	316
 48.3800	320
 48.4000	306
 48.4200	322
 48.4400	345
 48.4600	290
 48.4800	304
 48.5000	332
 48.5200	307
 48.5400	261
 48.5600	308
 48.5800	268
 48.6000	254
 48.6200	257
 48.6400	238
 48.6600	258
 48.6800	221
 48.7000	200
 48.7200	218
 48.7400	254
 48.7600	226
 48.7800	254
 48.8000	209
 48.8200	234
 48.8400	218
 48.8600	207
 48.8800	219
 48.9000	213
 48.9200	231
 48.9400	209
 48.9600	200
 48.9800	197
 49.0000	199
 49.0200	217
 49.0400	207
 49.0600	205
 49.0800	195
 49.1000	189
 49.1200	203
 49.1400	199
 49.1600	211
 49.1800	176
 49.2000	204
 49.2200	190
 49.2400	180
 49.2600	200
 49.2800	186
 49.3000	180
 49.3200	212
 49.3400	184
 49.3600	162
 49.3800	174
 49.4000	187
 49.4200	178
 49.4400	193
 49.4600	166
 49.4800	222
 49.5000	179
 49.5200	159
 49.5400	189
 49.5600	203
 49.5800	182
 49.6000	185
 49.6200	177
 49.6400	224
 49.6600	186
 49.6800	183
 49.7000	159
 49.7200	194
 49.7400	169
 49.7600	161
 49.7800	161
 49.8000	164
 49.8200	178
 49.8400	181
 49.8600	169
 49.8800	166
 49.9000	166
 49.9200	187
 49.9400	189
 49.9600	181
 49.9800	186
 50.0000	175
 50.0200	160
 50.0400	194
 50.0600	181
 50.0800	169
 50.1000	177
 50.1200	183
 50.1400	166
 50.1600	203
 50.1800	195
 50.2000	180
 50.2200	195
 50.2400	184
 50.2600	191
 50.2800	180
 50.3000	199
 50.3200	199
 50.3400	173
 50.3600	209
 50.3800	210
 50.4000	191
 50.4200	187
 50.4400	175
 50.4600	169
 50.4800	195
 50.5000	160
 50.5200	193
 50.5400	193
 50.5600	185
 50.5800	182
 50.6000	192
 50.6200	198
 50.6400	182
 50.6600	179
 50.6800	168
 50.7000	168
 50.7200	175
 50.7400	179
 50.7600	172
 50.7800	180
 50.8000	201
 50.8200	197
 50.8400	178
 50.8600	195
 50.8800	196
 50.9000	181
 50.9200	186
 50.9400	207
 50.9600	184
 50.9800	207
 51.0000	186
 51.0200	214
 51.0400	169
 51.0600	183
 51.0800	215
 51.1000	205
 51.1200	206
 51.1400	208
 51.1600	173
 51.1800	208
 51.2000	181
 51.2200	206
 51.2400	183
 51.2600	183
 51.2800	212
 51.3000	184
 51.3200	184
 51.3400	188
 51.3600	178
 51.3800	180
 51.4000	184
 51.4200	159
 51.4400	198
 51.4600	199
 51.4800	187
 51.5000	195
 51.5200	168
 51.5400	172
 51.5600	173
 51.5800	185
 51.6000	172
 51.6200	170
 51.6400	172
 51.6600	165
 51.6800	161
 51.7000	176
 51.7200	182
 51.7400	161
 51.7600	162
 51.7800	166
 51.8000	173
 51.8200	171
 51.8400	170
 51.8600	188
 51.8800	162
 51.9000	169
 51.9200	171
 51.9400	179
 51.9600	179
 51.9800	162
 52.0000	157
 52.0200	154
 52.0400	163
 52.0600	153
 52.0800	158
 52.1000	177
 52.1200	193
 52.1400	160
 52.1600	195
 52.1800	159
 52.2000	167
 52.2200	169
 52.2400	168
 52.2600	188
 52.2800	163
 52.3000	192
 52.3200	175
 52.3400	181
 52.3600	181
 52.3800	151
 52.4000	188
 52.4200	198
 52.4400	181
 52.4600	174
 52.4800	179
 52.5000	207
 52.5200	207
 52.5400	198
 52.5600	196
 52.5800	197
 52.6000	205
 52.6200	194
 52.6400	200
 52.6600	210
 52.6800	156
 52.7000	202
 52.7200	217
 52.7400	214
 52.7600	197
 52.7800	192
 52.8000	181
 52.8200	214
 52.8400	196
 52.8600	194
 52.8800	209
 52.9000	181
 52.9200	193
 52.9400	222
 52.9600	207
 52.9800	170
 53.0000	226
 53.0200	236
 53.0400	226
 53.0600	207
 53.0800	225
 53.1000	241
 53.1200	215
 53.1400	236
 53.1600	262
 53.1800	218
 53.2000	244
 53.2200	272
 53.2400	289
 53.2600	265
 53.2800	264
 53.3000	307
 53.3200	308
 53.3400	319
 53.3600	315
 53.3800	354
 53.4000	339
 53.4200	304
 53.4400	289
 53.4600	379
 53.4800	329
 53.5000	324
 53.5200	353
 53.5400	313
 53.5600	327
 53.5800	315
 53.6000	308
 53.6200	276
 53.6400	312
 53.6600	269
 53.6800	251
 53.7000	274
 53.7200	238
 53.7400	245
 53.7600	238
 53.7800	219
 53.8000	222
 53.8200	205
 53.8400	217
 53.8600	193
 53.8800	211
 53.9000	232
 53.9200	186
 53.9400	166
 53.9600	195
 53.9800	177
 54.0000	196
 54.0200	185
 54.0400	163
 54.0600	170
 54.0800	179
 54.1000	181
 54.1200	168
 54.1400	162
 54.1600	166
 54.1800	152
 54.2000	186
 54.2200	144
 54.2400	148
 54.2600	151
 54.2800	140
 54.3000	178
 54.3200	167
 54.3400	148
 54.3600	152
 54.3800	158
 54.4000	150
 54.4200	149
 54.4400	174
 54.4600	141
 54.4800	129
 54.5000	140
 54.5200	132
 54.5400	173
 54.5600	132
 54.5800	146
 54.6000	164
 54.6200	156
 54.6400	143
 54.6600	147
 54.6800	150
 54.7000	157
 54.7200	163
 54.7400	134
 54.7600	170
 54.7800	132
 54.8000	155
 54.8200	151
 54.8400	157
 54.8600	148
 54.8800	152
 54.9000	139
 54.9200	131
 54.9400	151
 54.9600	154
 54.9800	164
 55.0000	150
 55.0200	130
 55.0400	141
 55.0600	136
 55.0800	140
 55.1000	147
 55.1200	123
 55.1400	166
 55.1600	122
 55.1800	138
 55.2000	126
 55.2200	146
 55.2400	135
 55.2600	138
 55.2800	148
 55.3000	152
 55.3200	117
 55.3400	129
 55.3600	143
 55.3800	141
 55.4000	148
 55.4200	118
 55.4400	125
 55.4600	136
 55.4800	125
 55.5000	124
 55.5200	146
 55.5400	151
 55.5600	154
 55.5800	118
 55.6000	152
 55.6200	133
 55.6400	136
 55.6600	163
 55.6800	123
 55.7000	147
 55.7200	179
 55.7400	155
 55.7600	116
 55.7800	140
 55.8000	139
 55.8200	131
 55.8400	113
 55.8600	136
 55.8800	136
 55.9000	152
 55.9200	145
 55.9400	146
 55.9600	141
 55.9800	131
 56.0000	140
 56.0200	136
 56.0400	148
 56.0600	158
 56.0800	152
 56.1000	115
 56.1200	148
 56.1400	143
 56.1600	150
 56.1800	137
 56.2000	147
 56.2200	133
 56.2400	146
 56.2600	147
 56.2800	136
 56.3000	155
 56.3200	149
 56.3400	142
 56.3600	157
 56.3800	133
 56.4000	125
 56.4200	132
 56.4400	150
 56.4600	120
 56.4800	150
 56.5000	167
 56.5200	143
 56.5400	129
 56.5600	151
 56.5800	172
 56.6000	157
 56.6200	141
 56.6400	153
 56.6600	157
 56.6800	156
 56.7000	151
 56.7200	158
 56.7400	182
 56.7600	130
 56.7800	150
 56.8000	172
 56.8200	170
 56.8400	154
 56.8600	160
 56.8800	168
 56.9000	171
 56.9200	172
 56.9400	165
 56.9600	173
 56.9800	182
 57.0000	192
 57.0200	201
 57.0400	205
 57.0600	225
 57.0800	207
 57.1000	213
 57.1200	225
 57.1400	245
 57.1600	265
 57.1800	285
 57.2000	266
 57.2200	261
 57.2400	269
 57.2600	301
 57.2800	294
 57.3000	297
 57.3200	298
 57.3400	348
 57.3600	356
 57.3800	374
 57.4000	374
 57.4200	413
 57.4400	418
 57.4600	401
 57.4800	388
 57.5000	376
 57.5200	394
 57.5400	367
 57.5600	388
 57.5800	383
 57.6000	377
 57.6200	340
 57.6400	336
 57.6600	348
 57.6800	338
 57.7000	314
 57.7200	336
 57.7400	322
 57.7600	292
 57.7800	314
 57.8000	298
 57.8200	299
 57.8400	268
 57.8600	299
 57.8800	287
 57.9000	261
 57.9200	277
 57.9400	252
 57.9600	248
 57.9800	252
 58.0000	234
 58.0200	219
 58.0400	241
 58.0600	232
 58.0800	218
 58.1000	207
 58.1200	202
 58.1400	168
 58.1600	167
 58.1800	156
 58.2000	163
 58.2200	170
 58.2400	154
 58.2600	148
 58.2800	135
 58.3000	160
 58.3200	135
 58.3400	153
 58.3600	161
 58.3800	140
 58.4000	156
 58.4200	156
 58.4400	154
 58.4600	144
 58.4800	130
 58.5000	137
 58.5200	127
 58.5400	158
 58.5600	147
 58.5800	124
 58.6000	130
 58.6200	150
 58.6400	152
 58.6600	124
 58.6800	118
 58.7000	128
 58.7200	118
 58.7400	146
 58.7600	127
 58.7800	107
 58.8000	146
 58.8200	122
 58.8400	134
 58.8600	140
 58.8800	133
 58.9000	137
 58.9200	134
 58.9400	102
 58.9600	145
 58.9800	141
 59.0000	142
 59.0200	125
 59.0400	127
 59.0600	113
 59.0800	120
 59.1000	114
 59.1200	153
 59.1400	145
 59.1600	118
 59.1800	134
 59.2000	150
 59.2200	132
 59.2400	138
 59.2600	121
 59.2800	136
 59.3000	134
 59.3200	139
 59.3400	128
 59.3600	137
 59.3800	138
 59.4000	115
 59.4200	136
 59.4400	123
 59.4600	121
 59.4800	118
 59.5000	125
 59.5200	131
 59.5400	116
 59.5600	141
 59.5800	134
 59.6000	134
 59.6200	104
 59.6400	114
 59.6600	124
 59.6800	127
 59.7000	122
 59.7200	130
 59.7400	138
 59.7600	129
 59.7800	135
 59.8000	100
 59.8200	106
 59.8400	107
 59.8600	124
 59.8800	131
 59.9000	126
 59.9200	126
 59.9400	149
 59.9600	121
 59.9800	140
 60.0000	128
 60.0200	132
 60.0400	139
 60.0600	133
 60.0800	133
 60.1000	129
 60.1200	120
 60.1400	120
 60.1600	145
 60.1800	130
 60.2000	137
 60.2200	108
 60.2400	150
 60.2600	121
 60.2800	120
 60.3000	155
 60.3200	149
 60.3400	164
 60.3600	130
 60.3800	154
 60.4000	145
 60.4200	177
 60.4400	168
 60.4600	178
 60.4800	192
 60.5000	163
 60.5200	175
 60.5400	159
 60.5600	193
 60.5800	185
 60.6000	189
 60.6200	191
 60.6400	198
 60.6600	238
 60.6800	217
 60.7000	231
 60.7200	264
 60.7400	278
 60.7600	277
 60.7800	299
 60.8000	324
 60.8200	320
 60.8400	320
 60.8600	284
 60.8800	358
 60.9000	320
 60.9200	307
 60.9400	294
 60.9600	290
 60.9800	336
 61.0000	292
 61.0200	281
 61.0400	310
 61.0600	281
 61.0800	260
 61.1000	234
 61.1200	235
 61.1400	261
 61.1600	229
 61.1800	206
 61.2000	192
 61.2200	169
 61.2400	173
 61.2600	212
 61.2800	182
 61.3000	172
 61.3200	193
 61.3400	160
 61.3600	156
 61.3800	153
 61.4000	137
 61.4200	150
 61.4400	134
 61.4600	153
 61.4800	159
 61.5000	148
 61.5200	147
 61.5400	147
 61.5600	135
 61.5800	141
 61.6000	139
 61.6200	128
 61.6400	120
 61.6600	110
 61.6800	129
 61.7000	115
 61.7200	124
 61.7400	131
 61.7600	162
 61.7800	152
 61.8000	117
 61.8200	133
 61.8400	123
 61.8600	140
 61.8800	125
 61.9000	121
 61.9200	121
 61.9400	119
 61.9600	119
 61.9800	141
 62.0000	129
 62.0200	140
 62.0400	125
 62.0600	124
 62.0800	127
 62.1000	117
 62.1200	141
 62.1400	143
 62.1600	110
 62.1800	125
 62.2000	128
 62.2200	130
 62.2400	123
 62.2600	135
 62.2800	154
 62.3000	136
 62.3200	142
 62.3400	123
 62.3600	119
 62.3800	141
 62.4000	119
 62.4200	123
 62.4400	154
 62.4600	130
 62.4800	132
 62.5000	124
 62.5200	140
 62.5400	143
 62.5600	134
 62.5800	150
 62.6000	148
 62.6200	133
 62.6400	144
 62.6600	133
 62.6800	155
 62.7000	163
 62.7200	149
 62.7400	161
 62.7600	129
 62.7800	141
 62.8000	165
 62.8200	141
 62.8400	145
 62.8600	170
 62.8800	155
 62.9000	152
 62.9200	142
 62.9400	178
 62.9600	145
 62.9800	173
 63.0000	159
 63.0200	139
 63.0400	144
 63.0600	177
 63.0800	152
 63.1000	132
 63.1200	131
 63.1400	133
 63.1600	128
 63.1800	134
 63.2000	147
 63.2200	132
 63.2400	134
 63.2600	116
 63.2800	120
 63.3000	143
 63.3200	133
 63.3400	145
 63.3600	134
 63.3800	125
 63.4000	148
 63.4200	116
 63.4400	132
 63.4600	136
 63.4800	117
 63.5000	121
 63.5200	92
 63.5400	107
 63.5600	133
 63.5800	110
 63.6000	112
 63.6200	117
 63.6400	126
 63.6600	123
 63.6800	111
 63.7000	129
 63.7200	124
 63.7400	115
 63.7600	144
 63.7800	129
 63.8000	134
 63.8200	135
 63.8400	116
 63.8600	111
 63.8800	106
 63.9000	120
 63.9200	120
 63.9400	124
 63.9600	113
 63.9800	135
 64.0000	121
 64.0200	124
 64.0400	115
 64.0600	128
 64.0800	127
 64.1000	107
 64.1200	114
 64.1400	127
 64.1600	111
 64.1800	112
 64.2000	128
 64.2200	119
 64.2400	134
 64.2600	104
 64.2800	112
 64.3000	105
 64.3200	136
 64.3400	116
 64.3600	138
 64.3800	122
 64.4000	142
 64.4200	126
 64.4400	139
 64.4600	113
 64.4800	125
 64.5000	122
 64.5200	137
 64.5400	131
 64.5600	120
 64.5800	116
 64.6000	121
 64.6200	118
 64.6400	118
 64.6600	128
 64.6800	119
 64.7000	133
 64.7200	134
 64.7400	132
 64.7600	137
 64.7800	113
 64.8000	125
 64.8200	135
 64.8400	145
 64.8600	115
 64.8800	150
 64.9000	116
 64.9200	141
 64.9400	129
 64.9600	148
 64.9800	114
 65.0000	127
 65.0200	125
 65.0400	120
 65.0600	107
 65.0800	102
 65.1000	133
 65.1200	127
 65.1400	142
 65.1600	158
 65.1800	135
 65.2000	139
 65.2200	175
 65.2400	161
 65.2600	156
 65.2800	168
 65.3000	135
 65.3200	126
 65.3400	145
 65.3600	148
 65.3800	136
 65.4000	148
 65.4200	166
 65.4400	166
 65.4600	136
 65.4800	159
 65.5000	133
 65.5200	162
 65.5400	138
 65.5600	151
 65.5800	133
 65.6000	142
 65.6200	163
 65.6400	139
 65.6600	156
 65.6800	143
 65.7000	143
 65.7200	175
 65.7400	168
 65.7600	157
 65.7800	151
 65.8000	162
 65.8200	154
 65.8400	159
 65.8600	143
 65.8800	196
 65.9000	191
 65.9200	175
 65.9400	180
 65.9600	203
 65.9800	183
 66.0000	192
 66.0200	185
 66.0400	190
 66.0600	228
 66.0800	212
 66.1000	211
 66.1200	235
 66.1400	228
 66.1600	258
 66.1800	248
 66.2000	233
 66.2200	228
 66.2400	274
 66.2600	262
 66.2800	292
 66.3000	326
 66.3200	335
 66.3400	335
 66.3600	317
 66.3800	381
 66.4000	361
 66.4200	387
 66.4400	426
 66.4600	439
 66.4800	381
 66.5000	411
 66.5200	411
 66.5400	445
 66.5600	439
 66.5800	406
 66.6000	436
 66.6200	420
 66.6400	414
 66.6600	403
 66.6800	398
 66.7000	376
 66.7200	386
 66.7400	348
 66.7600	344
 66.7800	301
 66.8000	342
 66.8200	325
 66.8400	334
 66.8600	295
 66.8800	294
 66.9000	296
 66.9200	297
 66.9400	237
 66.9600	258
 66.9800	233
 67.0000	258
 67.0200	208
 67.0400	236
 67.0600	234
 67.0800	211
 67.1000	217
 67.1200	208
 67.1400	212
 67.1600	194
 67.1800	221
 67.2000	217
 67.2200	174
 67.2400	207
 67.2600	191
 67.2800	205
 67.3000	184
 67.3200	212
 67.3400	190
 67.3600	177
 67.3800	169
 67.4000	175
 67.4200	192
 67.4400	181
 67.4600	181
 67.4800	152
 67.5000	161
 67.5200	172
 67.5400	182
 67.5600	192
 67.5800	170
 67.6000	185
 67.6200	182
 67.6400	154
 67.6600	179
 67.6800	154
 67.7000	191
 67.7200	162
 67.7400	168
 67.7600	164
 67.7800	156
 67.8000	160
 67.8200	166
 67.8400	174
 67.8600	173
 67.8800	167
 67.9000	161
 67.9200	157
 67.9400	177
 67.9600	174
 67.9800	197
 68.0000	188
 68.0200	178
 68.0400	185
 68.0600	168
 68.0800	173
 68.1000	182
 68.1200	156
 68.1400	150
 68.1600	177
 68.1800	176
 68.2000	187
 68.2200	188
 68.2400	178
 68.2600	172
 68.2800	225
 68.3000	197
 68.3200	200
 68.3400	209
 68.3600	206
 68.3800	221
 68.4000	226
 68.4200	213
 68.4400	207
 68.4600	231
 68.4800	209
 68.5000	227
 68.5200	227
 68.5400	263
 68.5600	288
 68.5800	274
 68.6000	298
 68.6200	269
 68.6400	304
 68.6600	321
 68.6800	292
 68.7000	330
 68.7200	338
 68.7400	323
 68.7600	322
 68.7800	300
 68.8000	310
 68.8200	322
 68.8400	330
 68.8600	334
 68.8800	288
 68.9000	296
 68.9200	285
 68.9400	247
 68.9600	267
 68.9800	245
 69.0000	238
 69.0200	240
 69.0400	262
 69.0600	224
 69.0800	242
 69.1000	211
 69.1200	200
 69.1400	231
 69.1600	220
 69.1800	166
 69.2000	229
 69.2200	201
 69.2400	189
 69.2600	205
 69.2800	182
 69.3000	213
 69.3200	202
 69.3400	184
 69.3600	186
 69.3800	193
 69.4000	200
 69.4200	172
 69.4400	182
 69.4600	170
 69.4800	177
 69.5000	186
 69.5200	178
 69.5400	178
 69.5600	158
 69.5800	209
 69.6000	160
 69.6200	196
 69.6400	175
 69.6600	184
 69.6800	169
 69.7000	189
 69.7200	175
 69.7400	193
 69.7600	186
 69.7800	193
 69.8000	199
 69.8200	165
 69.8400	178
 69.8600	190
 69.8800	184
 69.9000	155
 69.9200	197
 69.9400	152
 69.9600	178
 69.9800	175
 70.0000	196
 70.0200	198
 70.0400	184
 70.0600	162
 70.0800	179
 70.1000	192
 70.1200	197
 70.1400	206
 70.1600	174
 70.1800	188
 70.2000	187
 70.2200	225
 70.2400	218
 70.2600	223
 70.2800	205
 70.3000	217
 70.3200	248
 70.3400	233
 70.3600	250
 70.3800	239
 70.4000	224
 70.4200	279
 70.4400	228
 70.4600	253
 70.4800	293
 70.5000	283
 70.5200	289
 70.5400	331
 70.5600	329
 70.5800	334
 70.6000	332
 70.6200	349
 70.6400	382
 70.6600	385
 70.6800	422
 70.7000	431
 70.7200	420
 70.7400	408
 70.7600	439
 70.7800	404
 70.8000	457
 70.8200	419
 70.8400	416
 70.8600	420
 70.8800	421
 70.9000	465
 70.9200	400
 70.9400	410
 70.9600	364
 70.9800	355
 71.0000	348
 71.0200	363
 71.0400	350
 71.0600	354
 71.0800	329
 71.1000	322
 71.1200	296
 71.1400	282
 71.1600	306
 71.1800	293
 71.2000	310
 71.2200	284
 71.2400	323
 71.2600	308
 71.2800	266
 71.3000	271
 71.3200	308
 71.3400	288
 71.3600	300
 71.3800	297
 71.4000	295
 71.4200	283
 71.4400	281
 71.4600	295
 71.4800	287
 71.5000	286
 71.5200	272
 71.5400	266
 71.5600	282
 71.5800	276
 71.6000	254
 71.6200	275
 71.6400	267
 71.6600	232
 71.6800	238
 71.7000	264
 71.7200	221
 71.7400	218
 71.7600	249
 71.7800	240
 71.8000	236
 71.8200	205
 71.8400	189
 71.8600	200
 71.8800	190
 71.9000	198
 71.9200	192
 71.9400	201
 71.9600	167
 71.9800	165
 72.0000	153
 72.0200	160
 72.0400	160
 72.0600	153
 72.0800	166
 72.1000	150
 72.1200	156
 72.1400	148
 72.1600	180
 72.1800	154
 72.2000	153
 72.2200	156
 72.2400	139
 72.2600	154
 72.2800	123
 72.3000	145
 72.3200	135
 72.3400	143
 72.3600	138
 72.3800	124
 72.4000	133
 72.4200	162
 72.4400	153
 72.4600	140
 72.4800	121
 72.5000	131
 72.5200	127
 72.5400	147
 72.5600	129
 72.5800	129
 72.6000	128
 72.6200	131
 72.6400	134
 72.6600	130
 72.6800	129
 72.7000	130
 72.7200	138
 72.7400	112
 72.7600	107
 72.7800	139
 72.8000	111
 72.8200	122
 72.8400	125
 72.8600	114
 72.8800	119
 72.9000	110
 72.9200	117
 72.9400	138
 72.9600	112
 72.9800	123
 73.0000	140
 73.0200	126
 73.0400	130
 73.0600	123
 73.0800	130
 73.1000	131
 73.1200	117
 73.1400	126
 73.1600	131
 73.1800	113
 73.2000	122
 73.2200	118
 73.2400	121
 73.2600	108
 73.2800	104
 73.3000	129
 73.3200	113
 73.3400	111
 73.3600	95
 73.3800	127
 73.4000	106
 73.4200	109
 73.4400	131
 73.4600	99
 73.4800	122
 73.5000	114
 73.5200	115
 73.5400	99
 73.5600	95
 73.5800	113
 73.6000	104
 73.6200	104
 73.6400	107
 73.6600	113
 73.6800	107
 73.7000	106
 73.7200	134
 73.7400	114
 73.7600	102
 73.7800	112
 73.8000	127
 73.8200	115
 73.8400	107
 73.8600	109
 73.8800	127
 73.9000	107
 73.9200	126
 73.9400	113
 73.9600	123
 73.9800	115
 74.0000	116
 74.0200	138
 74.0400	112
 74.0600	112
 74.0800	124
 74.1000	115
 74.1200	134
 74.1400	120
 74.1600	133
 74.1800	117
 74.2000	115
 74.2200	117
 74.2400	125
 74.2600	103
 74.2800	104
 74.3000	113
 74.3200	129
 74.3400	123
 74.3600	121
 74.3800	108
 74.4000	135
 74.4200	122
 74.4400	132
 74.4600	125
 74.4800	141
 74.5000	114
 74.5200	117
 74.5400	122
 74.5600	138
 74.5800	114
 74.6000	137
 74.6200	140
 74.6400	129
 74.6600	136
 74.6800	148
 74.7000	140
 74.7200	165
 74.7400	156
 74.7600	149
 74.7800	161
 74.8000	145
 74.8200	173
 74.8400	145
 74.8600	151
 74.8800	152
 74.9000	162
 74.9200	183
 74.9400	171
 74.9600	182
 74.9800	169
 75.0000	162
 75.0200	179
 75.0400	170
 75.0600	185
 75.0800	157
 75.1000	169
 75.1200	150
 75.1400	184
 75.1600	163
 75.1800	159
 75.2000	151
 75.2200	138
 75.2400	166
 75.2600	164
 75.2800	143
 75.3000	118
 75.3200	178
 75.3400	132
 75.3600	145
 75.3800	164
 75.4000	133
 75.4200	142
 75.4400	149
 75.4600	140
 75.4800	143
 75.5000	119
 75.5200	134
 75.5400	108
 75.5600	118
 75.5800	140
 75.6000	117
 75.6200	127
 75.6400	111
 75.6600	118
 75.6800	102
 75.7000	112
 75.7200	119
 75.7400	92
 75.7600	113
 75.7800	104
 75.8000	107
 75.8200	128
 75.8400	95
 75.8600	91
 75.8800	116
 75.9000	108
 75.9200	112
 75.9400	108
 75.9600	94
 75.9800	102
 76.0000	110
 76.0200	96
 76.0400	95
 76.0600	97
 76.0800	97
 76.1000	116
 76.1200	106
 76.1400	108
 76.1600	98
 76.1800	110
 76.2000	108
 76.2200	110
 76.2400	101
 76.2600	107
 76.2800	101
 76.3000	101
 76.3200	111
 76.3400	111
 76.3600	113
 76.3800	96
 76.4000	95
 76.4200	89
 76.4400	106
 76.4600	95
 76.4800	97
 76.5000	96
 76.5200	105
 76.5400	98
 76.5600	95
 76.5800	78
 76.6000	117
 76.6200	105
 76.6400	106
 76.6600	93
 76.6800	119
 76.7000	117
 76.7200	113
 76.7400	88
 76.7600	110
 76.7800	119
 76.8000	111
 76.8200	122
 76.8400	111
 76.8600	100
 76.8800	103
 76.9000	98
 76.9200	100
 76.9400	90
 76.9600	116
 76.9800	124
 77.0000	106
 77.0200	111
 77.0400	119
 77.0600	126
 77.0800	104
 77.1000	130
 77.1200	117
 77.1400	112
 77.1600	123
 77.1800	128
 77.2000	118
 77.2200	92
 77.2400	106
 77.2600	121
 77.2800	120
 77.3000	114
 77.3200	141
 77.3400	133
 77.3600	115
 77.3800	135
 77.4000	116
 77.4200	121
 77.4400	141
 77.4600	148
 77.4800	161
 77.5000	154
 77.5200	128
 77.5400	145
 77.5600	132
 77.5800	138
 77.6000	155
 77.6200	140
 77.6400	178
 77.6600	171
 77.6800	174
 77.7000	157
 77.7200	165
 77.7400	183
 77.7600	145
 77.7800	193
 77.8000	193
 77.8200	162
 77.8400	181
 77.8600	187
 77.8800	189
 77.9000	177
 77.9200	192
 77.9400	183
 77.9600	172
 77.9800	201
 78.0000	192
 78.0200	186
 78.0400	187
 78.0600	185
 78.0800	161
 78.1000	181
 78.1200	157
 78.1400	179
 78.1600	180
 78.1800	162
 78.2000	149
 78.2200	145
 78.2400	154
 78.2600	155
 78.2800	171
 78.3000	151
 78.3200	151
 78.3400	145
 78.3600	143
 78.3800	130
 78.4000	131
 78.4200	130
 78.4400	140
 78.4600	121
 78.4800	146
 78.5000	116
 78.5200	130
 78.5400	118
 78.5600	124
 78.5800	126
 78.6000	144
 78.6200	122
 78.6400	130
 78.6600	102
 78.6800	83
 78.7000	125
 78.7200	122
 78.7400	125
 78.7600	118
 78.7800	113
 78.8000	112
 78.8200	101
 78.8400	120
 78.8600	80
 78.8800	101
 78.9000	91
 78.9200	104
 78.9400	127
 78.9600	113
 78.9800	89
 79.0000	113
 79.0200	103
 79.0400	119
 79.0600	99
 79.0800	130
 79.1000	108
 79.1200	116
 79.1400	108
 79.1600	116
 79.1800	108
 79.2000	122
 79.2200	114
 79.2400	110
 79.2600	128
 79.2800	133
 79.3000	111
 79.3200	107
 79.3400	126
 79.3600	102
 79.3800	130
 79.4000	127
 79.4200	129
 79.4400	134
 79.4600	136
 79.4800	123
 79.5000	121
 79.5200	128
 79.5400	122
 79.5600	125
 79.5800	127
 79.6000	150
 79.6200	127
 79.6400	131
 79.6600	162
 79.6800	119
 79.7000	130
 79.7200	118
 79.7400	138
 79.7600	134
 79.7800	136
 79.8000	146
 79.8200	143
 79.8400	145
 79.8600	138
 79.8800	133
 79.9000	123
 79.9200	154
 79.9400	144
 79.9600	129
 79.9800	140
 80.0000	137
 80.0200	128
 80.0400	144
 80.0600	140
 80.0800	158
 80.1000	125
 80.1200	142
 80.1400	121
 80.1600	133
 80.1800	117
 80.2000	124
 80.2200	154
 80.2400	119
 80.2600	141
 80.2800	140
 80.3000	140
 80.3200	155
 80.3400	130
 80.3600	142
 80.3800	149
 80.4000	137
 80.4200	129
 80.4400	119
 80.4600	117
 80.4800	122
 80.5000	124
 80.5200	123
 80.5400	122
 80.5600	140
 80.5800	111
 80.6000	130
 80.6200	108
 80.6400	115
 80.6600	116
 80.6800	114
 80.7000	112
 80.7200	123
 80.7400	112
 80.7600	105
 80.7800	107
 80.8000	110
 80.8200	107
 80.8400	122
 80.8600	103
 80.8800	97
 80.9000	120
 80.9200	110
 80.9400	100
 80.9600	116
 80.9800	122
 81.0000	94
 81.0200	99
 81.0400	87
 81.0600	115
 81.0800	95
 81.1000	80
 81.1200	108
 81.1400	115
 81.1600	99
 81.1800	94
 81.2000	103
 81.2200	108
 81.2400	95
 81.2600	98
 81.2800	92
 81.3000	105
 81.3200	111
 81.3400	121
 81.3600	104
 81.3800	105
 81.4000	119
 81.4200	99
 81.4400	109
 81.4600	119
 81.4800	112
 81.5000	128
 81.5200	118
 81.5400	110
 81.5600	108
 81.5800	107
 81.6000	116
 81.6200	131
 81.6400	134
 81.6600	136
 81.6800	120
 81.7000	130
 81.7200	111
 81.7400	139
 81.7600	137
 81.7800	143
 81.8000	119
 81.8200	135
 81.8400	131
 81.8600	126
 81.8800	136
 81.9000	145
 81.9200	134
 81.9400	136
 81.9600	125
 81.9800	128
 82.0000	139
 82.0200	130
 82.0400	110
 82.0600	121
 82.0800	117
 82.1000	120
 82.1200	129
 82.1400	127
 82.1600	124
 82.1800	119
 82.2000	107
 82.2200	108
 82.2400	104
 82.2600	100
 82.2800	100
 82.3000	104
 82.3200	82
 82.3400	97
 82.3600	101
 82.3800	96
 82.4000	101
 82.4200	95
 82.4400	98
 82.4600	100
 82.4800	78
 82.5000	90
 82.5200	95
 82.5400	89
 82.5600	102
 82.5800	78
 82.6000	107
 82.6200	115
 82.6400	108
 82.6600	101
 82.6800	102
 82.7000	98
 82.7200	89
 82.7400	88
 82.7600	107
 82.7800	96
 82.8000	112
 82.8200	94
 82.8400	93
 82.8600	88
 82.8800	93
 82.9000	103
 82.9200	97
 82.9400	101
 82.9600	95
 82.9800	99
 83.0000	111
 83.0200	106
 83.0400	108
 83.0600	110
 83.0800	100
 83.1000	100
 83.1200	96
 83.1400	107
 83.1600	97
 83.1800	115
 83.2000	109
 83.2200	96
 83.2400	116
 83.2600	101
 83.2800	97
 83.3000	85
 83.3200	119
 83.3400	86
 83.3600	95
 83.3800	99
 83.4000	92
 83.4200	102
 83.4400	90
 83.4600	106
 83.4800	118
 83.5000	100
 83.5200	104
 83.5400	102
 83.5600	102
 83.5800	93
 83.6000	117
 83.6200	99
 83.6400	100
 83.6600	104
 83.6800	113
 83.7000	102
 83.7200	97
 83.7400	103
 83.7600	94
 83.7800	95
 83.8000	118
 83.8200	102
 83.8400	74
 83.8600	112
 83.8800	108
 83.9000	93
 83.9200	98
 83.9400	116
 83.9600	101
 83.9800	92
 84.0000	100
 84.0200	77
 84.0400	79
 84.0600	102
 84.0800	131
 84.1000	105
 84.1200	89
 84.1400	85
 84.1600	98
 84.1800	106
 84.2000	100
 84.2200	92
 84.2400	88
 84.2600	103
 84.2800	109
 84.3000	127
 84.3200	94
 84.3400	110
 84.3600	90
 84.3800	86
 84.4000	118
 84.4200	103
 84.4400	101
 84.4600	103
 84.4800	116
 84.5000	109
 84.5200	119
 84.5400	112
 84.5600	122
 84.5800	114
 84.6000	107
 84.6200	101
 84.6400	113
 84.6600	122
 84.6800	128
 84.7000	136
 84.7200	127
 84.7400	146
 84.7600	111
 84.7800	161
 84.8000	119
 84.8200	136
 84.8400	139
 84.8600	145
 84.8800	153
 84.9000	157
 84.9200	140
 84.9400	152
 84.9600	164
 84.9800	187
 85.0000	172
