 17.0000	2
 17.0200	2
 17.0400	1
 17.0600	0
 17.0800	1
 17.1000	0
 17.1200	1
 17.1400	0
 17.1600	2
 17.1800	2
 17.2000	4
 17.2200	0
 17.2400	4
 17.2600	0
 17.2800	0
 17.3000	1
 17.3200	2
 17.3400	1
 17.3600	1
 17.3800	0
 17.4000	0
 17.4200	1
 17.4400	0
 17.4600	0
 17.4800	3
 17.5000	1
 17.5200	0
 17.5400	1
 17.5600	2
 17.5800	3
 17.6000	0
 17.6200	2
 17.6400	1
 17.6600	2
 17.6800	0
 17.7000	2
 17.7200	0
 17.7400	2
 17.7600	2
 17.7800	0
 17.8000	2
 17.8200	2
 17.8400	1
 17.8600	4
 17.8800	3
 17.9000	1
 17.9200	0
 17.9400	0
 17.9600	4
 17.9800	6
 18.0000	4
 18.0200	1
 18.0400	3
 18.0600	3
 18.0800	5
 18.1000	2
 18.1200	0
 18.1400	4
 18.1600	3
 18.1800	2
 18.2000	3
 18.2200	5
 18.2400	6
 18.2600	9
 18.2800	8
 18.3000	7
 18.3200	10
 18.3400	29
 18.3600	255
 18.3800	856
 18.4000	831
 18.4200	1139
 18.4400	465
 18.4600	251
 18.4800	935
 18.5000	2025
 18.5200	2739
 18.5400	2204
 18.5600	1559
 18.5800	1632
 18.6000	1832
 18.6200	2335
 18.6400	2307
 18.6600	1791
 18.6800	962
 18.7000	661
 18.7200	1056
 18.7400	1416
 18.7600	1163
 18.7800	511
 18.8000	109
 18.8200	130
 18.8400	395
 18.8600	275
 18.8800	44
 18.9000	15
 18.9200	8
 18.9400	10
 18.9600	4
 18.9800	8
 19.0000	7
 19.0200	4
 19.0400	4
 19.0600	5
 19.0800	3
 19.1000	5
 19.1200	5
 19.1400	8
 19.1600	4
 19.1800	5
 19.2000	3
 19.2200	5
 19.2400	2
 19.2600	4
 19.2800	2
 19.3000	1
 19.3200	2
 19.3400	2
 19.3600	0
 19.3800	3
 19.4000	2
 19.4200	2
 19.4400	4
 19.4600	0
 19.4800	1
 19.5000	3
 19.5200	1
 19.5400	2
 19.5600	2
 19.5800	2
 19.6000	3
 19.6200	0
 19.6400	2
 19.6600	2
 19.6800	0
 19.7000	0
 19.7200	1
 19.7400	0
 19.7600	2
 19.7800	1
 19.8000	1
 19.8200	1
 19.8400	0
 19.8600	1
 19.8800	1
 19.9000	1
 19.9200	3
 19.9400	0
 19.9600	2
 19.9800	1
 20.0000	1
 20.0200	0
 20.0400	0
 20.0600	4
 20.0800	0
 20.1000	3
 20.1200	2
 20.1400	0
 20.1600	1
 20.1800	1
 20.2000	1
 20.2200	2
 20.2400	2
 20.2600	1
 20.2800	1
 20.3000	0
 20.3200	1
 20.3400	2
 20.3600	0
 20.3800	1
 20.4000	2
 20.4200	2
 20.4400	0
 20.4600	0
 20.4800	0
 20.5000	0
 20.5200	2
 20.5400	0
 20.5600	1
 20.5800	2
 20.6000	0
 20.6200	1
 20.6400	1
 20.6600	1
 20.6800	1
 20.7000	2
 20.7200	0
 20.7400	1
 20.7600	2
 20.7800	0
 20.8000	0
 20.8200	0
 20.8400	1
 20.8600	1
 20.8800	0
 20.9000	0
 20.9200	1
 20.9400	1
 20.9600	0
 20.9800	2
 21.0000	0
 21.0200	1
 21.0400	0
 21.0600	0
 21.0800	1
 21.1000	1
 21.1200	1
 21.1400	0
 21.1600	1
 21.1800	0
 21.2000	0
 21.2200	1
 21.2400	2
 21.2600	1
 21.2800	0
 21.3000	0
 21.3200	0
 21.3400	4
 21.3600	0
 21.3800	1
 21.4000	0
 21.4200	1
 21.4400	0
 21.4600	0
 21.4800	0
 21.5000	2
 21.5200	1
 21.5400	0
 21.5600	0
 21.5800	1
 21.6000	1
 21.6200	0
 21.6400	2
 21.6600	1
 21.6800	0
 21.7000	0
 21.7200	0
 21.7400	3
 21.7600	0
 21.7800	1
 21.8000	2
 21.8200	1
 21.8400	1
 21.8600	2
 21.8800	0
 21.9000	2
 21.9200	0
 21.9400	0
 21.9600	0
 21.9800	0
 22.0000	0
 22.0200	1
 22.0400	1
 22.0600	0
 22.0800	2
 22.1000	0
 22.1200	1
 22.1400	2
 22.1600	2
 22.1800	0
 22.2000	1
 22.2200	0
 22.2400	1
 22.2600	0
 22.2800	2
 22.3000	0
 22.3200	2
 22.3400	0
 22.3600	1
 22.3800	0
 22.4000	2
 22.4200	1
 22.4400	0
 22.4600	1
 22.4800	1
 22.5000	0
 22.5200	0
 22.5400	0
 22.5600	0
 22.5800	1
 22.6000	1
 22.6200	2
 22.6400	1
 22.6600	2
 22.6800	2
 22.7000	3
 22.7200	0
 22.7400	0
 22.7600	1
 22.7800	3
 22.8000	0
 22.8200	1
 22.8400	1
 22.8600	1
 22.8800	0
 22.9000	0
 22.9200	1
 22.9400	2
 22.9600	1
 22.9800	0
 23.0000	2
 23.0200	1
 23.0400	0
 23.0600	2
 23.0800	0
 23.1000	5
 23.1200	1
 23.1400	1
 23.1600	0
 23.1800	3
 23.2000	3
 23.2200	2
 23.2400	4
 23.2600	0
 23.2800	0
 23.3000	1
 23.3200	1
 23.3400	0
 23.3600	1
 23.3800	2
 23.4000	1
 23.4200	1
 23.4400	2
 23.4600	1
 23.4800	0
 23.5000	3
 23.5200	0
 23.5400	1
 23.5600	1
 23.5800	0
 23.6000	0
 23.6200	2
 23.6400	2
 23.6600	1
 23.6800	0
 23.7000	0
 23.7200	2
 23.7400	0
 23.7600	1
 23.7800	1
 23.8000	1
 23.8200	1
 23.8400	1
 23.8600	1
 23.8800	0
 23.9000	1
 23.9200	5
 23.9400	3
 23.9600	2
 23.9800	0
 24.0000	0
 24.0200	0
 24.0400	0
 24.0600	0
 24.0800	2
 24.1000	0
 24.1200	1
 24.1400	0
 24.1600	1
 24.1800	1
 24.2000	0
 24.2200	1
 24.2400	0
 24.2600	0
 24.2800	1
 24.3000	0
 24.3200	0
 24.3400	2
 24.3600	0
 24.3800	1
 24.4000	1
 24.4200	1
 24.4400	1
 24.4600	0
 24.4800	1
 24.5000	1
 24.5200	1
 24.5400	1
 24.5600	0
 24.5800	3
 24.6000	0
 24.6200	0
 24.6400	1
 24.6600	0
 24.6800	3
 24.7000	1
 24.7200	0
 24.7400	1
 24.7600	0
 24.7800	0
 24.8000	1
 24.8200	1
 24.8400	0
 24.8600	2
 24.8800	0
 24.9000	0
 24.9200	2
 24.9400	2
 24.9600	2
 24.9800	0
 25.0000	0
 25.0200	1
 25.0400	0
 25.0600	1
 25.0800	0
 25.1000	2
 25.1200	1
 25.1400	2
 25.1600	2
 25.1800	2
 25.2000	2
 25.2200	1
 25.2400	0
 25.2600	0
 25.2800	0
 25.3000	1
 25.3200	1
 25.3400	0
 25.3600	2
 25.3800	1
 25.4000	2
 25.4200	1
 25.4400	2
 25.4600	0
 25.4800	1
 25.5000	2
 25.5200	2
 25.5400	2
 25.5600	0
 25.5800	0
 25.6000	1
 25.6200	2
 25.6400	0
 25.6600	0
 25.6800	0
 25.7000	0
 25.7200	0
 25.7400	0
 25.7600	0
 25.7800	0
 25.8000	0
 25.8200	0
 25.8400	0
 25.8600	3
 25.8800	3
 25.9000	0
 25.9200	1
 25.9400	1
 25.9600	1
 25.9800	1
 26.0000	2
 26.0200	0
 26.0400	1
 26.0600	2
 26.0800	1
 26.1000	1
 26.1200	0
 26.1400	2
 26.1600	0
 26.1800	0
 26.2000	1
 26.2200	2
 26.2400	1
 26.2600	1
 26.2800	1
 26.3000	0
 26.3200	1
 26.3400	1
 26.3600	0
 26.3800	0
 26.4000	0
 26.4200	0
 26.4400	1
 26.4600	0
 26.4800	0
 26.5000	1
 26.5200	0
 26.5400	1
 26.5600	1
 26.5800	0
 26.6000	1
 26.6200	0
 26.6400	1
 26.6600	2
 26.6800	0
 26.7000	1
 26.7200	1
 26.7400	2
 26.7600	0
 26.7800	3
 26.8000	0
 26.8200	1
 26.8400	3
 26.8600	0
 26.8800	0
 26.9000	0
 26.9200	1
 26.9400	1
 26.9600	2
 26.9800	1
 27.0000	0
 27.0200	0
 27.0400	1
 27.0600	0
 27.0800	1
 27.1000	2
 27.1200	0
 27.1400	0
 27.1600	1
 27.1800	0
 27.2000	1
 27.2200	1
 27.2400	1
 27.2600	0
 27.2800	2
 27.3000	1
 27.3200	0
 27.3400	2
 27.3600	0
 27.3800	0
 27.4000	2
 27.4200	0
 27.4400	0
 27.4600	2
 27.4800	0
 27.5000	0
 27.5200	0
 27.5400	0
 27.5600	0
 27.5800	2
 27.6000	1
 27.6200	3
 27.6400	1
 27.6600	0
 27.6800	1
 27.7000	0
 27.7200	0
 27.7400	1
 27.7600	1
 27.7800	1
 27.8000	33
 27.8200	106
 27.8400	83
 27.8600	206
 27.8800	115
 27.9000	68
 27.9200	158
 27.9400	280
 27.9600	362
 27.9800	324
 28.0000	338
 28.0200	334
 28.0400	322
 28.0600	337
 28.0800	379
 28.1000	289
 28.1200	218
 28.1400	140
 28.1600	126
 28.1800	185
 28.2000	142
 28.2200	112
 28.2400	45
 28.2600	35
 28.2800	53
 28.3000	27
 28.3200	9
 28.3400	6
 28.3600	2
 28.3800	1
 28.4000	1
 28.4200	1
 28.4400	2
 28.4600	1
 28.4800	0
 28.5000	1
 28.5200	0
 28.5400	1
 28.5600	0
 28.5800	0
 28.6000	2
 28.6200	1
 28.6400	0
 28.6600	0
 28.6800	1
 28.7000	1
 28.7200	1
 28.7400	3
 28.7600	0
 28.7800	0
 28.8000	1
 28.8200	1
 28.8400	0
 28.8600	1
 28.8800	1
 28.9000	0
 28.9200	0
 28.9400	0
 28.9600	1
 28.9800	1
 29.0000	1
 29.0200	0
 29.0400	0
 29.0600	0
 29.0800	0
 29.1000	0
 29.1200	2
 29.1400	1
 29.1600	1
 29.1800	0
 29.2000	1
 29.2200	0
 29.2400	2
 29.2600	1
 29.2800	2
 29.3000	0
 29.3200	0
 29.3400	2
 29.3600	0
 29.3800	1
 29.4000	1
 29.4200	0
 29.4400	1
 29.4600	1
 29.4800	1
 29.5000	0
 29.5200	0
 29.5400	1
 29.5600	1
 29.5800	0
 29.6000	1
 29.6200	2
 29.6400	0
 29.6600	0
 29.6800	0
 29.7000	1
 29.7200	2
 29.7400	0
 29.7600	0
 29.7800	1
 29.8000	0
 29.8200	0
 29.8400	0
 29.8600	1
 29.8800	0
 29.9000	0
 29.9200	4
 29.9400	2
 29.9600	0
 29.9800	0
 30.0000	0
 30.0200	1
 30.0400	0
 30.0600	0
 30.0800	1
 30.1000	1
 30.1200	3
 30.1400	0
 30.1600	1
 30.1800	0
 30.2000	0
 30.2200	0
 30.2400	2
 30.2600	0
 30.2800	1
 30.3000	1
 30.3200	1
 30.3400	0
 30.3600	1
 30.3800	0
 30.4000	1
 30.4200	0
 30.4400	0
 30.4600	1
 30.4800	1
 30.5000	3
 30.5200	2
 30.5400	1
 30.5600	0
 30.5800	1
 30.6000	2
 30.6200	2
 30.6400	0
 30.6600	0
 30.6800	0
 30.7000	1
 30.7200	0
 30.7400	1
 30.7600	1
 30.7800	1
 30.8000	2
 30.8200	0
 30.8400	1
 30.8600	0
 30.8800	2
 30.9000	0
 30.9200	1
 30.9400	1
 30.9600	0
 30.9800	1
 31.0000	2
 31.0200	1
 31.0400	2
 31.0600	0
 31.0800	1
 31.1000	1
 31.1200	0
 31.1400	1
 31.1600	1
 31.1800	3
 31.2000	0
 31.2200	1
 31.2400	1
 31.2600	2
 31.2800	0
 31.3000	1
 31.3200	2
 31.3400	0
 31.3600	0
 31.3800	0
 31.4000	0
 31.4200	0
 31.4400	1
 31.4600	0
 31.4800	0
 31.5000	0
 31.5200	0
 31.5400	2
 31.5600	0
 31.5800	0
 31.6000	0
 31.6200	0
 31.6400	1
 31.6600	0
 31.6800	1
 31.7000	1
 31.7200	1
 31.7400	1
 31.7600	0
 31.7800	0
 31.8000	0
 31.8200	1
 31.8400	3
 31.8600	1
 31.8800	0
 31.9000	1
 31.9200	1
 31.9400	1
 31.9600	0
 31.9800	1
 32.0000	3
 32.0200	1
 32.0400	0
 32.0600	0
 32.0800	0
 32.1000	0
 32.1200	0
 32.1400	1
 32.1600	0
 32.1800	1
 32.2000	0
 32.2200	3
 32.2400	2
 32.2600	0
 32.2800	0
 32.3000	1
 32.3200	0
 32.3400	0
 32.3600	1
 32.3800	0
 32.4000	0
 32.4200	0
 32.4400	0
 32.4600	2
 32.4800	2
 32.5000	0
 32.5200	1
 32.5400	0
 32.5600	5
 32.5800	2
 32.6000	3
 32.6200	1
 32.6400	1
 32.6600	0
 32.6800	0
 32.7000	1
 32.7200	1
 32.7400	1
 32.7600	2
 32.7800	1
 32.8000	0
 32.8200	0
 32.8400	0
 32.8600	0
 32.8800	0
 32.9000	1
 32.9200	0
 32.9400	2
 32.9600	0
 32.9800	0
 33.0000	0
 33.0200	0
 33.0400	0
 33.0600	0
 33.0800	0
 33.1000	2
 33.1200	1
 33.1400	0
 33.1600	2
 33.1800	1
 33.2000	1
 33.2200	0
 33.2400	0
 33.2600	1
 33.2800	0
 33.3000	0
 33.3200	1
 33.3400	0
 33.3600	0
 33.3800	0
 33.4000	2
 33.4200	1
 33.4400	2
 33.4600	0
 33.4800	0
 33.5000	0
 33.5200	1
 33.5400	0
 33.5600	0
 33.5800	0
 33.6000	0
 33.6200	2
 33.6400	1
 33.6600	0
 33.6800	0
 33.7000	2
 33.7200	2
 33.7400	1
 33.7600	1
 33.7800	0
 33.8000	0
 33.8200	1
 33.8400	0
 33.8600	1
 33.8800	2
 33.9000	1
 33.9200	1
 33.9400	2
 33.9600	1
 33.9800	2
 34.0000	1
 34.0200	0
 34.0400	0
 34.0600	0
 34.0800	1
 34.1000	0
 34.1200	1
 34.1400	1
 34.1600	2
 34.1800	2
 34.2000	0
 34.2200	1
 34.2400	0
 34.2600	1
 34.2800	2
 34.3000	0
 34.3200	0
 34.3400	0
 34.3600	0
 34.3800	1
 34.4000	0
 34.4200	1
 34.4400	2
 34.4600	0
 34.4800	2
 34.5000	0
 34.5200	0
 34.5400	0
 34.5600	1
 34.5800	0
 34.6000	0
 34.6200	2
 34.6400	0
 34.6600	1
 34.6800	1
 34.7000	2
 34.7200	1
 34.7400	2
 34.7600	0
 34.7800	2
 34.8000	0
 34.8200	2
 34.8400	0
 34.8600	1
 34.8800	0
 34.9000	2
 34.9200	1
 34.9400	0
 34.9600	0
 34.9800	0
 35.0000	0
 35.0200	1
 35.0400	2
 35.0600	1
 35.0800	1
 35.1000	1
 35.1200	0
 35.1400	0
 35.1600	2
 35.1800	0
 35.2000	1
 35.2200	1
 35.2400	0
 35.2600	0
 35.2800	0
 35.3000	0
 35.3200	0
 35.3400	3
 35.3600	0
 35.3800	0
 35.4000	0
 35.4200	0
 35.4400	0
 35.4600	3
 35.4800	1
 35.5000	0
 35.5200	2
 35.5400	0
 35.5600	1
 35.5800	0
 35.6000	0
 35.6200	0
 35.6400	0
 35.6600	1
 35.6800	2
 35.7000	2
 35.7200	0
 35.7400	0
 35.7600	0
 35.7800	0
 35.8000	0
 35.8200	0
 35.8400	1
 35.8600	1
 35.8800	2
 35.9000	0
 35.9200	0
 35.9400	1
 35.9600	1
 35.9800	0
 36.0000	2
 36.0200	0
 36.0400	1
 36.0600	1
 36.0800	1
 36.1000	1
 36.1200	0
 36.1400	0
 36.1600	1
 36.1800	0
 36.2000	1
 36.2200	1
 36.2400	1
 36.2600	1
 36.2800	0
 36.3000	0
 36.3200	0
 36.3400	1
 36.3600	1
 36.3800	1
 36.4000	2
 36.4200	1
 36.4400	0
 36.4600	1
 36.4800	0
 36.5000	1
 36.5200	0
 36.5400	1
 36.5600	0
 36.5800	1
 36.6000	0
 36.6200	0
 36.6400	0
 36.6600	0
 36.6800	2
 36.7000	1
 36.7200	1
 36.7400	1
 36.7600	1
 36.7800	1
 36.8000	0
 36.8200	0
 36.8400	0
 36.8600	0
 36.8800	2
 36.9000	1
 36.9200	2
 36.9400	2
 36.9600	0
 36.9800	0
 37.0000	1
 37.0200	1
 37.0400	0
 37.0600	1
 37.0800	2
 37.1000	1
 37.1200	2
 37.1400	2
 37.1600	0
 37.1800	1
 37.2000	0
 37.2200	3
 37.2400	1
 37.2600	0
 37.2800	2
 37.3000	0
 37.3200	0
 37.3400	0
 37.3600	1
 37.3800	0
 37.4000	6
 37.4200	3
 37.4400	12
 37.4600	21
 37.4800	26
 37.5000	62
 37.5200	74
 37.5400	51
 37.5600	59
 37.5800	83
 37.6000	136
 37.6200	128
 37.6400	126
 37.6600	150
 37.6800	146
 37.7000	136
 37.7200	159
 37.7400	113
 37.7600	94
 37.7800	81
 37.8000	65
 37.8200	41
 37.8400	45
 37.8600	43
 37.8800	33
 37.9000	23
 37.9200	27
 37.9400	11
 37.9600	3
 37.9800	1
 38.0000	2
 38.0200	1
 38.0400	1
 38.0600	1
 38.0800	1
 38.1000	2
 38.1200	0
 38.1400	5
 38.1600	0
 38.1800	0
 38.2000	1
 38.2200	2
 38.2400	1
 38.2600	0
 38.2800	1
 38.3000	1
 38.3200	1
 38.3400	2
 38.3600	1
 38.3800	0
 38.4000	2
 38.4200	1
 38.4400	1
 38.4600	1
 38.4800	1
 38.5000	2
 38.5200	0
 38.5400	1
 38.5600	2
 38.5800	1
 38.6000	1
 38.6200	0
 38.6400	1
 38.6600	0
 38.6800	0
 38.7000	0
 38.7200	0
 38.7400	1
 38.7600	0
 38.7800	0
 38.8000	2
 38.8200	0
 38.8400	0
 38.8600	2
 38.8800	1
 38.9000	0
 38.9200	1
 38.9400	2
 38.9600	0
 38.9800	2
 39.0000	0
 39.0200	1
 39.0400	1
 39.0600	1
 39.0800	0
 39.1000	0
 39.1200	0
 39.1400	0
 39.1600	0
 39.1800	1
 39.2000	1
 39.2200	0
 39.2400	2
 39.2600	3
 39.2800	1
 39.3000	2
 39.3200	0
 39.3400	0
 39.3600	1
 39.3800	0
 39.4000	1
 39.4200	0
 39.4400	2
 39.4600	1
 39.4800	2
 39.5000	2
 39.5200	1
 39.5400	0
 39.5600	1
 39.5800	0
 39.6000	0
 39.6200	2
 39.6400	1
 39.6600	0
 39.6800	0
 39.7000	1
 39.7200	1
 39.7400	1
 39.7600	2
 39.7800	0
 39.8000	0
 39.8200	0
 39.8400	0
 39.8600	1
 39.8800	0
 39.9000	2
 39.9200	1
 39.9400	0
 39.9600	0
 39.9800	1
 40.0000	2
 40.0200	1
 40.0400	0
 40.0600	0
 40.0800	0
 40.1000	0
 40.1200	2
 40.1400	2
 40.1600	2
 40.1800	1
 40.2000	0
 40.2200	0
 40.2400	3
 40.2600	0
 40.2800	0
 40.3000	0
 40.3200	1
 40.3400	0
 40.3600	1
 40.3800	1
 40.4000	1
 40.4200	1
 40.4400	0
 40.4600	1
 40.4800	0
 40.5000	0
 40.5200	0
 40.5400	3
 40.5600	0
 40.5800	0
 40.6000	0
 40.6200	0
 40.6400	0
 40.6600	1
 40.6800	0
 40.7000	1
 40.7200	0
 40.7400	0
 40.7600	0
 40.7800	3
 40.8000	2
 40.8200	0
 40.8400	0
 40.8600	1
 40.8800	3
 40.9000	1
 40.9200	0
 40.9400	1
 40.9600	0
 40.9800	1
 41.0000	1
 41.0200	0
 41.0400	0
 41.0600	0
 41.0800	0
 41.1000	0
 41.1200	3
 41.1400	0
 41.1600	0
 41.1800	1
 41.2000	0
 41.2200	1
 41.2400	1
 41.2600	1
 41.2800	0
 41.3000	1
 41.3200	0
 41.3400	1
 41.3600	0
 41.3800	1
 41.4000	0
 41.4200	1
 41.4400	1
 41.4600	1
 41.4800	0
 41.5000	1
 41.5200	0
 41.5400	1
 41.5600	1
 41.5800	0
 41.6000	1
 41.6200	0
 41.6400	1
 41.6600	1
 41.6800	0
 41.7000	1
 41.7200	3
 41.7400	1
 41.7600	1
 41.7800	2
 41.8000	1
 41.8200	0
 41.8400	0
 41.8600	1
 41.8800	3
 41.9000	1
 41.9200	2
 41.9400	2
 41.9600	0
 41.9800	1
 42.0000	1
 42.0200	2
 42.0400	1
 42.0600	3
 42.0800	0
 42.1000	0
 42.1200	0
 42.1400	0
 42.1600	1
 42.1800	1
 42.2000	3
 42.2200	1
 42.2400	0
 42.2600	1
 42.2800	1
 42.3000	1
 42.3200	0
 42.3400	1
 42.3600	2
 42.3800	0
 42.4000	0
 42.4200	0
 42.4400	1
 42.4600	1
 42.4800	0
 42.5000	0
 42.5200	0
 42.5400	0
 42.5600	0
 42.5800	1
 42.6000	1
 42.6200	0
 42.6400	1
 42.6600	0
 42.6800	1
 42.7000	0
 42.7200	1
 42.7400	0
 42.7600	0
 42.7800	0
 42.8000	3
 42.8200	2
 42.8400	1
 42.8600	0
 42.8800	2
 42.9000	0
 42.9200	1
 42.9400	0
 42.9600	2
 42.9800	1
 43.0000	1
 43.0200	0
 43.0400	2
 43.0600	1
 43.0800	0
 43.1000	0
 43.1200	4
 43.1400	0
 43.1600	1
 43.1800	1
 43.2000	2
 43.2200	2
 43.2400	1
 43.2600	0
 43.2800	0
 43.3000	0
 43.3200	1
 43.3400	3
 43.3600	0
 43.3800	1
 43.4000	1
 43.4200	1
 43.4400	2
 43.4600	0
 43.4800	0
 43.5000	0
 43.5200	2
 43.5400	2
 43.5600	1
 43.5800	1
 43.6000	2
 43.6200	0
 43.6400	1
 43.6600	0
 43.6800	1
 43.7000	0
 43.7200	1
 43.7400	0
 43.7600	1
 43.7800	2
 43.8000	0
 43.8200	0
 43.8400	0
 43.8600	0
 43.8800	2
 43.9000	1
 43.9200	0
 43.9400	0
 43.9600	2
 43.9800	2
 44.0000	1
 44.0200	1
 44.0400	2
 44.0600	0
 44.0800	1
 44.1000	1
 44.1200	0
 44.1400	0
 44.1600	0
 44.1800	1
 44.2000	1
 44.2200	3
 44.2400	0
 44.2600	0
 44.2800	2
 44.3000	1
 44.3200	0
 44.3400	1
 44.3600	1
 44.3800	2
 44.4000	1
 44.4200	1
 44.4400	0
 44.4600	1
 44.4800	2
 44.5000	0
 44.5200	0
 44.5400	0
 44.5600	1
 44.5800	4
 44.6000	0
 44.6200	1
 44.6400	0
 44.6600	2
 44.6800	0
 44.7000	0
 44.7200	3
 44.7400	1
 44.7600	1
 44.7800	3
 44.8000	2
 44.8200	0
 44.8400	0
 44.8600	0
 44.8800	1
 44.9000	2
 44.9200	2
 44.9400	1
 44.9600	0
 44.9800	1
 45.0000	0
 45.0200	1
 45.0400	0
 45.0600	4
 45.0800	2
 45.1000	1
 45.1200	0
 45.1400	2
 45.1600	0
 45.1800	0
 45.2000	1
 45.2200	0
 45.2400	1
 45.2600	1
 45.2800	1
 45.3000	1
 45.3200	3
 45.3400	1
 45.3600	0
 45.3800	2
 45.4000	1
 45.4200	1
 45.4400	1
 45.4600	2
 45.4800	1
 45.5000	1
 45.5200	4
 45.5400	0
 45.5600	1
 45.5800	0
 45.6000	1
 45.6200	2
 45.6400	1
 45.6600	2
 45.6800	1
 45.7000	2
 45.7200	2
 45.7400	3
 45.7600	2
 45.7800	4
 45.8000	1
 45.8200	2
 45.8400	1
 45.8600	1
 45.8800	1
 45.9000	1
 45.9200	2
 45.9400	2
 45.9600	3
 45.9800	2
 46.0000	0
 46.0200	0
 46.0400	1
 46.0600	2
 46.0800	1
 46.1000	2
 46.1200	3
 46.1400	0
 46.1600	2
 46.1800	1
 46.2000	0
 46.2200	2
 46.2400	0
 46.2600	3
 46.2800	3
 46.3000	2
 46.3200	2
 46.3400	2
 46.3600	0
 46.3800	5
 46.4000	4
 46.4200	2
 46.4400	1
 46.4600	1
 46.4800	2
 46.5000	3
 46.5200	3
 46.5400	4
 46.5600	4
 46.5800	5
 46.6000	3
 46.6200	3
 46.6400	4
 46.6600	5
 46.6800	1
 46.7000	6
 46.7200	4
 46.7400	4
 46.7600	3
 46.7800	4
 46.8000	2
 46.8200	3
 46.8400	2
 46.8600	8
 46.8800	4
 46.9000	1
 46.9200	7
 46.9400	6
 46.9600	9
 46.9800	9
 47.0000	3
 47.0200	6
 47.0400	2
 47.0600	8
 47.0800	7
 47.1000	7
 47.1200	10
 47.1400	11
 47.1600	10
 47.1800	8
 47.2000	10
 47.2200	13
 47.2400	14
 47.2600	12
 47.2800	26
 47.3000	26
 47.3200	30
 47.3400	95
 47.3600	379
 47.3800	454
 47.4000	437
 47.4200	955
 47.4400	2068
 47.4600	1784
 47.4800	1724
 47.5000	2081
 47.5200	2709
 47.5400	3230
 47.5600	3820
 47.5800	4652
 47.6000	4986
 47.6200	4590
 47.6400	3994
 47.6600	3578
 47.6800	3185
 47.7000	3331
 47.7200	2558
 47.7400	1910
 47.7600	1213
 47.7800	1195
 47.8000	957
 47.8200	992
 47.8400	901
 47.8600	496
 47.8800	153
 47.9000	60
 47.9200	23
 47.9400	14
 47.9600	10
 47.9800	8
 48.0000	14
 48.0200	13
 48.0400	12
 48.0600	4
 48.0800	9
 48.1000	5
 48.1200	7
 48.1400	6
 48.1600	10
 48.1800	3
 48.2000	6
 48.2200	6
 48.2400	5
 48.2600	2
 48.2800	6
 48.3000	3
 48.3200	6
 48.3400	5
 48.3600	7
 48.3800	2
 48.4000	3
 48.4200	3
 48.4400	3
 48.4600	1
 48.4800	6
 48.5000	2
 48.5200	6
 48.5400	1
 48.5600	1
 48.5800	2
 48.6000	1
 48.6200	2
 48.6400	4
 48.6600	4
 48.6800	3
 48.7000	4
 48.7200	7
 48.7400	5
 48.7600	2
 48.7800	1
 48.8000	1
 48.8200	2
 48.8400	0
 48.8600	3
 48.8800	1
 48.9000	2
 48.9200	1
 48.9400	2
 48.9600	1
 48.9800	1
 49.0000	1
 49.0200	3
 49.0400	3
 49.0600	2
 49.0800	1
 49.1000	1
 49.1200	2
 49.1400	1
 49.1600	0
 49.1800	2
 49.2000	4
 49.2200	2
 49.2400	2
 49.2600	1
 49.2800	2
 49.3000	0
 49.3200	1
 49.3400	1
 49.3600	0
 49.3800	4
 49.4000	1
 49.4200	2
 49.4400	0
 49.4600	2
 49.4800	2
 49.5000	2
 49.5200	3
 49.5400	1
 49.5600	1
 49.5800	1
 49.6000	1
 49.6200	3
 49.6400	0
 49.6600	1
 49.6800	0
 49.7000	0
 49.7200	1
 49.7400	1
 49.7600	1
 49.7800	2
 49.8000	3
 49.8200	0
 49.8400	0
 49.8600	3
 49.8800	0
 49.9000	3
 49.9200	1
 49.9400	1
 49.9600	2
 49.9800	2
 50.0000	2
 50.0200	1
 50.0400	3
 50.0600	0
 50.0800	1
 50.1000	1
 50.1200	3
 50.1400	1
 50.1600	0
 50.1800	0
 50.2000	0
 50.2200	1
 50.2400	0
 50.2600	3
 50.2800	2
 50.3000	1
 50.3200	1
 50.3400	1
 50.3600	2
 50.3800	0
 50.4000	0
 50.4200	0
 50.4400	1
 50.4600	2
 50.4800	2
 50.5000	1
 50.5200	0
 50.5400	1
 50.5600	1
 50.5800	0
 50.6000	1
 50.6200	1
 50.6400	1
 50.6600	1
 50.6800	2
 50.7000	5
 50.7200	1
 50.7400	1
 50.7600	0
 50.7800	3
 50.8000	1
 50.8200	1
 50.8400	0
 50.8600	0
 50.8800	1
 50.9000	3
 50.9200	1
 50.9400	0
 50.9600	1
 50.9800	1
 51.0000	0
 51.0200	0
 51.0400	1
 51.0600	1
 51.0800	1
 51.1000	2
 51.1200	0
 51.1400	0
 51.1600	0
 51.1800	0
 51.2000	3
 51.2200	0
 51.2400	2
 51.2600	2
 51.2800	1
 51.3000	0
 51.3200	1
 51.3400	1
 51.3600	0
 51.3800	1
 51.4000	3
 51.4200	1
 51.4400	1
 51.4600	0
 51.4800	2
 51.5000	1
 51.5200	1
 51.5400	2
 51.5600	0
 51.5800	0
 51.6000	2
 51.6200	0
 51.6400	5
 51.6600	2
 51.6800	1
 51.7000	1
 51.7200	0
 51.7400	0
 51.7600	3
 51.7800	0
 51.8000	1
 51.8200	2
 51.8400	1
 51.8600	0
 51.8800	1
 51.9000	2
 51.9200	1
 51.9400	1
 51.9600	1
 51.9800	0
 52.0000	1
 52.0200	3
 52.0400	2
 52.0600	3
 52.0800	2
 52.1000	0
 52.1200	0
 52.1400	0
 52.1600	0
 52.1800	0
 52.2000	1
 52.2200	0
 52.2400	2
 52.2600	0
 52.2800	3
 52.3000	2
 52.3200	1
 52.3400	1
 52.3600	1
 52.3800	0
 52.4000	2
 52.4200	1
 52.4400	6
 52.4600	1
 52.4800	1
 52.5000	0
 52.5200	0
 52.5400	0
 52.5600	0
 52.5800	2
 52.6000	1
 52.6200	0
 52.6400	0
 52.6600	0
 52.6800	0
 52.7000	0
 52.7200	3
 52.7400	0
 52.7600	1
 52.7800	0
 52.8000	0
 52.8200	0
 52.8400	1
 52.8600	3
 52.8800	1
 52.9000	0
 52.9200	3
 52.9400	1
 52.9600	0
 52.9800	2
 53.0000	1
 53.0200	1
 53.0400	0
 53.0600	0
 53.0800	1
 53.1000	0
 53.1200	0
 53.1400	1
 53.1600	0
 53.1800	1
 53.2000	0
 53.2200	3
 53.2400	1
 53.2600	1
 53.2800	0
 53.3000	2
 53.3200	0
 53.3400	0
 53.3600	1
 53.3800	2
 53.4000	1
 53.4200	2
 53.4400	3
 53.4600	1
 53.4800	2
 53.5000	1
 53.5200	2
 53.5400	1
 53.5600	1
 53.5800	3
 53.6000	0
 53.6200	0
 53.6400	0
 53.6600	2
 53.6800	1
 53.7000	0
 53.7200	0
 53.7400	1
 53.7600	0
 53.7800	2
 53.8000	0
 53.8200	2
 53.8400	0
 53.8600	1
 53.8800	0
 53.9000	2
 53.9200	0
 53.9400	1
 53.9600	1
 53.9800	0
 54.0000	2
 54.0200	2
 54.0400	0
 54.0600	2
 54.0800	3
 54.1000	2
 54.1200	2
 54.1400	1
 54.1600	1
 54.1800	0
 54.2000	1
 54.2200	0
 54.2400	1
 54.2600	0
 54.2800	2
 54.3000	2
 54.3200	1
 54.3400	0
 54.3600	0
 54.3800	1
 54.4000	0
 54.4200	1
 54.4400	1
 54.4600	2
 54.4800	1
 54.5000	2
 54.5200	1
 54.5400	0
 54.5600	1
 54.5800	0
 54.6000	2
 54.6200	0
 54.6400	0
 54.6600	2
 54.6800	0
 54.7000	1
 54.7200	1
 54.7400	0
 54.7600	1
 54.7800	0
 54.8000	1
 54.8200	2
 54.8400	1
 54.8600	3
 54.8800	2
 54.9000	2
 54.9200	3
 54.9400	0
 54.9600	0
 54.9800	1
 55.0000	2
 55.0200	1
 55.0400	3
 55.0600	1
 55.0800	0
 55.1000	0
 55.1200	1
 55.1400	2
 55.1600	0
 55.1800	2
 55.2000	1
 55.2200	0
 55.2400	2
 55.2600	0
 55.2800	0
 55.3000	2
 55.3200	1
 55.3400	2
 55.3600	2
 55.3800	2
 55.4000	0
 55.4200	4
 55.4400	1
 55.4600	0
 55.4800	3
 55.5000	0
 55.5200	3
 55.5400	1
 55.5600	3
 55.5800	1
 55.6000	0
 55.6200	0
 55.6400	3
 55.6600	0
 55.6800	1
 55.7000	0
 55.7200	0
 55.7400	1
 55.7600	2
 55.7800	3
 55.8000	0
 55.8200	0
 55.8400	3
 55.8600	0
 55.8800	2
 55.9000	1
 55.9200	1
 55.9400	3
 55.9600	1
 55.9800	0
 56.0000	1
 56.0200	1
 56.0400	0
 56.0600	1
 56.0800	2
 56.1000	0
 56.1200	1
 56.1400	2
 56.1600	0
 56.1800	0
 56.2000	1
 56.2200	2
 56.2400	1
 56.2600	1
 56.2800	3
 56.3000	0
 56.3200	0
 56.3400	1
 56.3600	1
 56.3800	0
 56.4000	1
 56.4200	2
 56.4400	1
 56.4600	0
 56.4800	1
 56.5000	1
 56.5200	1
 56.5400	1
 56.5600	0
 56.5800	1
 56.6000	0
 56.6200	2
 56.6400	0
 56.6600	1
 56.6800	0
 56.7000	1
 56.7200	0
 56.7400	4
 56.7600	0
 56.7800	1
 56.8000	0
 56.8200	1
 56.8400	0
 56.8600	1
 56.8800	1
 56.9000	1
 56.9200	1
 56.9400	3
 56.9600	1
 56.9800	1
 57.0000	2
 57.0200	1
 57.0400	0
 57.0600	0
 57.0800	0
 57.1000	1
 57.1200	0
 57.1400	3
 57.1600	1
 57.1800	0
 57.2000	2
 57.2200	1
 57.2400	4
 57.2600	1
 57.2800	0
 57.3000	2
 57.3200	0
 57.3400	1
 57.3600	0
 57.3800	2
 57.4000	1
 57.4200	0
 57.4400	1
 57.4600	1
 57.4800	2
 57.5000	1
 57.5200	1
 57.5400	2
 57.5600	0
 57.5800	2
 57.6000	1
 57.6200	3
 57.6400	4
 57.6600	10
 57.6800	56
 57.7000	74
 57.7200	47
 57.7400	102
 57.7600	310
 57.7800	344
 57.8000	279
 57.8200	305
 57.8400	372
 57.8600	477
 57.8800	550
 57.9000	749
 57.9200	783
 57.9400	820
 57.9600	583
 57.9800	485
 58.0000	527
 58.0200	530
 58.0400	434
 58.0600	445
 58.0800	202
 58.1000	172
 58.1200	175
 58.1400	115
 58.1600	189
 58.1800	98
 58.2000	30
 58.2200	13
 58.2400	4
 58.2600	3
 58.2800	2
 58.3000	1
 58.3200	0
 58.3400	3
 58.3600	2
 58.3800	1
 58.4000	0
 58.4200	2
 58.4400	5
 58.4600	1
 58.4800	3
 58.5000	1
 58.5200	1
 58.5400	3
 58.5600	0
 58.5800	1
 58.6000	1
 58.6200	1
 58.6400	1
 58.6600	0
 58.6800	1
 58.7000	0
 58.7200	0
 58.7400	1
 58.7600	1
 58.7800	1
 58.8000	1
 58.8200	0
 58.8400	0
 58.8600	1
 58.8800	3
 58.9000	0
 58.9200	1
 58.9400	0
 58.9600	2
 58.9800	1
 59.0000	3
 59.0200	0
 59.0400	2
 59.0600	0
 59.0800	3
 59.1000	2
 59.1200	0
 59.1400	1
 59.1600	0
 59.1800	0
 59.2000	1
 59.2200	1
 59.2400	0
 59.2600	0
 59.2800	0
 59.3000	3
 59.3200	0
 59.3400	0
 59.3600	2
 59.3800	0
 59.4000	1
 59.4200	0
 59.4400	0
 59.4600	0
 59.4800	1
 59.5000	1
 59.5200	1
 59.5400	1
 59.5600	0
 59.5800	1
 59.6000	2
 59.6200	0
 59.6400	0
 59.6600	1
 59.6800	2
 59.7000	1
 59.7200	0
 59.7400	0
 59.7600	1
 59.7800	0
 59.8000	0
 59.8200	1
 59.8400	0
 59.8600	2
 59.8800	0
 59.9000	0
 59.9200	0
 59.9400	0
 59.9600	0
 59.9800	2
 60.0000	0
 60.0200	0
 60.0400	1
 60.0600	1
 60.0800	0
 60.1000	1
 60.1200	0
 60.1400	0
 60.1600	1
 60.1800	0
 60.2000	1
 60.2200	0
 60.2400	0
 60.2600	1
 60.2800	0
 60.3000	1
 60.3200	1
 60.3400	1
 60.3600	1
 60.3800	1
 60.4000	0
 60.4200	1
 60.4400	1
 60.4600	1
 60.4800	0
 60.5000	1
 60.5200	0
 60.5400	0
 60.5600	1
 60.5800	1
 60.6000	1
 60.6200	2
 60.6400	1
 60.6600	0
 60.6800	0
 60.7000	1
 60.7200	0
 60.7400	0
 60.7600	0
 60.7800	0
 60.8000	1
 60.8200	0
 60.8400	3
 60.8600	2
 60.8800	1
 60.9000	0
 60.9200	0
 60.9400	0
 60.9600	2
 60.9800	2
 61.0000	1
 61.0200	1
 61.0400	0
 61.0600	0
 61.0800	1
 61.1000	1
 61.1200	0
 61.1400	2
 61.1600	1
 61.1800	0
 61.2000	0
 61.2200	1
 61.2400	0
 61.2600	0
 61.2800	1
 61.3000	0
 61.3200	1
 61.3400	0
 61.3600	1
 61.3800	0
 61.4000	0
 61.4200	1
 61.4400	0
 61.4600	2
 61.4800	0
 61.5000	0
 61.5200	0
 61.5400	0
 61.5600	2
 61.5800	1
 61.6000	2
 61.6200	1
 61.6400	1
 61.6600	0
 61.6800	0
 61.7000	0
 61.7200	0
 61.7400	0
 61.7600	3
 61.7800	0
 61.8000	1
 61.8200	0
 61.8400	2
 61.8600	0
 61.8800	1
 61.9000	0
 61.9200	0
 61.9400	1
 61.9600	0
 61.9800	0
 62.0000	1
 62.0200	0
 62.0400	0
 62.0600	1
 62.0800	0
 62.1000	2
 62.1200	1
 62.1400	0
 62.1600	0
 62.1800	0
 62.2000	1
 62.2200	0
 62.2400	1
 62.2600	0
 62.2800	1
 62.3000	0
 62.3200	0
 62.3400	1
 62.3600	1
 62.3800	0
 62.4000	0
 62.4200	2
 62.4400	1
 62.4600	0
 62.4800	3
 62.5000	0
 62.5200	0
 62.5400	0
 62.5600	1
 62.5800	0
 62.6000	1
 62.6200	0
 62.6400	1
 62.6600	2
 62.6800	0
 62.7000	0
 62.7200	1
 62.7400	1
 62.7600	1
 62.7800	0
 62.8000	0
 62.8200	0
 62.8400	1
 62.8600	0
 62.8800	1
 62.9000	0
 62.9200	1
 62.9400	1
 62.9600	2
 62.9800	0
 63.0000	1
 63.0200	1
 63.0400	2
 63.0600	0
 63.0800	1
 63.1000	1
 63.1200	1
 63.1400	0
 63.1600	0
 63.1800	2
 63.2000	1
 63.2200	0
 63.2400	0
 63.2600	1
 63.2800	1
 63.3000	0
 63.3200	1
 63.3400	1
 63.3600	0
 63.3800	2
 63.4000	0
 63.4200	0
 63.4400	0
 63.4600	0
 63.4800	0
 63.5000	1
 63.5200	2
 63.5400	3
 63.5600	0
 63.5800	0
 63.6000	1
 63.6200	1
 63.6400	2
 63.6600	0
 63.6800	1
 63.7000	1
 63.7200	0
 63.7400	0
 63.7600	1
 63.7800	1
 63.8000	1
 63.8200	0
 63.8400	0
 63.8600	1
 63.8800	0
 63.9000	4
 63.9200	2
 63.9400	0
 63.9600	0
 63.9800	1
 64.0000	1
 64.0200	1
 64.0400	0
 64.0600	0
 64.0800	2
 64.1000	0
 64.1200	0
 64.1400	0
 64.1600	0
 64.1800	1
 64.2000	0
 64.2200	2
 64.2400	2
 64.2600	0
 64.2800	3
 64.3000	0
 64.3200	0
 64.3400	1
 64.3600	2
 64.3800	0
 64.4000	0
 64.4200	1
 64.4400	1
 64.4600	0
 64.4800	1
 64.5000	0
 64.5200	4
 64.5400	1
 64.5600	2
 64.5800	0
 64.6000	2
 64.6200	0
 64.6400	2
 64.6600	0
 64.6800	0
 64.7000	1
 64.7200	0
 64.7400	1
 64.7600	1
 64.7800	1
 64.8000	0
 64.8200	0
 64.8400	1
 64.8600	1
 64.8800	2
 64.9000	1
 64.9200	1
 64.9400	0
 64.9600	1
 64.9800	0
 65.0000	0
 65.0200	0
 65.0400	0
 65.0600	0
 65.0800	0
 65.1000	0
 65.1200	0
 65.1400	0
 65.1600	1
 65.1800	0
 65.2000	0
 65.2200	0
 65.2400	2
 65.2600	0
 65.2800	0
 65.3000	0
 65.3200	1
 65.3400	0
 65.3600	2
 65.3800	2
 65.4000	1
 65.4200	1
 65.4400	0
 65.4600	1
 65.4800	3
 65.5000	0
 65.5200	2
 65.5400	1
 65.5600	1
 65.5800	0
 65.6000	1
 65.6200	0
 65.6400	2
 65.6600	2
 65.6800	0
 65.7000	1
 65.7200	2
 65.7400	1
 65.7600	1
 65.7800	1
 65.8000	1
 65.8200	0
 65.8400	0
 65.8600	0
 65.8800	0
 65.9000	0
 65.9200	0
 65.9400	0
 65.9600	0
 65.9800	1
 66.0000	0
 66.0200	1
 66.0400	1
 66.0600	0
 66.0800	0
 66.1000	1
 66.1200	2
 66.1400	0
 66.1600	0
 66.1800	0
 66.2000	0
 66.2200	2
 66.2400	1
 66.2600	1
 66.2800	1
 66.3000	2
 66.3200	0
 66.3400	1
 66.3600	2
 66.3800	3
 66.4000	2
 66.4200	3
 66.4400	1
 66.4600	0
 66.4800	0
 66.5000	2
 66.5200	1
 66.5400	3
 66.5600	0
 66.5800	0
 66.6000	2
 66.6200	1
 66.6400	1
 66.6600	1
 66.6800	0
 66.7000	0
 66.7200	1
 66.7400	0
 66.7600	3
 66.7800	1
 66.8000	2
 66.8200	1
 66.8400	1
 66.8600	0
 66.8800	3
 66.9000	3
 66.9200	1
 66.9400	1
 66.9600	1
 66.9800	2
 67.0000	1
 67.0200	1
 67.0400	2
 67.0600	2
 67.0800	2
 67.1000	0
 67.1200	0
 67.1400	2
 67.1600	1
 67.1800	2
 67.2000	2
 67.2200	0
 67.2400	1
 67.2600	1
 67.2800	1
 67.3000	0
 67.3200	1
 67.3400	0
 67.3600	0
 67.3800	1
 67.4000	3
 67.4200	1
 67.4400	0
 67.4600	0
 67.4800	1
 67.5000	1
 67.5200	0
 67.5400	1
 67.5600	2
 67.5800	3
 67.6000	2
 67.6200	0
 67.6400	0
 67.6600	2
 67.6800	1
 67.7000	2
 67.7200	1
 67.7400	2
 67.7600	1
 67.7800	0
 67.8000	3
 67.8200	1
 67.8400	2
 67.8600	1
 67.8800	1
 67.9000	0
 67.9200	0
 67.9400	2
 67.9600	1
 67.9800	5
 68.0000	3
 68.0200	3
 68.0400	3
 68.0600	1
 68.0800	2
 68.1000	1
 68.1200	4
 68.1400	1
 68.1600	2
 68.1800	1
 68.2000	3
 68.2200	4
 68.2400	2
 68.2600	0
 68.2800	5
 68.3000	6
 68.3200	3
 68.3400	4
 68.3600	3
 68.3800	5
 68.4000	7
 68.4200	13
 68.4400	8
 68.4600	12
 68.4800	11
 68.5000	10
 68.5200	23
 68.5400	65
 68.5600	131
 68.5800	195
 68.6000	187
 68.6200	381
 68.6400	778
 68.6600	835
 68.6800	717
 68.7000	773
 68.7200	1075
 68.7400	1321
 68.7600	1567
 68.7800	1835
 68.8000	2043
 68.8200	1763
 68.8400	1293
 68.8600	1340
 68.8800	1562
 68.9000	1462
 68.9200	988
 68.9400	951
 68.9600	508
 68.9800	411
 69.0000	394
 69.0200	337
 69.0400	389
 69.0600	219
 69.0800	57
 69.1000	28
 69.1200	23
 69.1400	8
 69.1600	6
 69.1800	7
 69.2000	3
 69.2200	6
 69.2400	3
 69.2600	4
 69.2800	3
 69.3000	1
 69.3200	1
 69.3400	5
 69.3600	2
 69.3800	4
 69.4000	5
 69.4200	2
 69.4400	8
 69.4600	5
 69.4800	1
 69.5000	1
 69.5200	3
 69.5400	4
 69.5600	2
 69.5800	3
 69.6000	3
 69.6200	3
 69.6400	2
 69.6600	7
 69.6800	6
 69.7000	1
 69.7200	3
 69.7400	1
 69.7600	0
 69.7800	1
 69.8000	3
 69.8200	4
 69.8400	2
 69.8600	2
 69.8800	3
 69.9000	1
 69.9200	0
 69.9400	4
 69.9600	1
 69.9800	2
 70.0000	1
 70.0200	0
 70.0400	0
 70.0600	1
 70.0800	0
 70.1000	4
 70.1200	0
 70.1400	1
 70.1600	1
 70.1800	0
 70.2000	0
 70.2200	1
 70.2400	0
 70.2600	2
 70.2800	1
 70.3000	0
 70.3200	2
 70.3400	0
 70.3600	0
 70.3800	1
 70.4000	2
 70.4200	0
 70.4400	2
 70.4600	0
 70.4800	1
 70.5000	0
 70.5200	1
 70.5400	3
 70.5600	0
 70.5800	1
 70.6000	0
 70.6200	0
 70.6400	0
 70.6600	1
 70.6800	1
 70.7000	1
 70.7200	1
 70.7400	0
 70.7600	0
 70.7800	0
 70.8000	1
 70.8200	3
 70.8400	0
 70.8600	2
 70.8800	2
 70.9000	1
 70.9200	1
 70.9400	1
 70.9600	1
 70.9800	3
 71.0000	2
 71.0200	3
 71.0400	1
 71.0600	0
 71.0800	0
 71.1000	0
 71.1200	0
 71.1400	3
 71.1600	2
 71.1800	2
 71.2000	2
 71.2200	0
 71.2400	1
 71.2600	1
 71.2800	0
 71.3000	1
 71.3200	1
 71.3400	1
 71.3600	2
