 47.5266	0
 47.5270	1
 47.5274	0
 47.5278	1
 47.5282	0
 47.5286	2
 47.5290	1
 47.5294	0
 47.5298	0
 47.5302	3
 47.5306	0
 47.5310	1
 47.5314	1
 47.5318	0
 47.5322	2
 47.5326	0
 47.5330	0
 47.5334	1
 47.5338	2
 47.5342	0
 47.5346	0
 47.5350	0
 47.5354	1
 47.5358	1
 47.5362	0
 47.5366	2
 47.5370	3
 47.5374	3
 47.5378	1
 47.5382	2
 47.5386	2
 47.5390	1
 47.5394	1
 47.5398	0
 47.5402	2
 47.5406	3
 47.5410	1
 47.5414	1
 47.5418	1
 47.5422	1
 47.5426	1
 47.5430	2
 47.5434	1
 47.5438	0
 47.5442	0
 47.5446	1
 47.5450	2
 47.5454	0
 47.5458	0
 47.5462	2
 47.5466	0
 47.5470	1
 47.5474	1
 47.5478	4
 47.5482	0
 47.5486	3
 47.5490	1
 47.5494	0
 47.5498	0
 47.5502	0
 47.5506	1
 47.5510	0
 47.5514	1
 47.5518	2
 47.5522	1
 47.5526	2
 47.5530	5
 47.5534	0
 47.5538	0
 47.5542	1
 47.5546	2
 47.5550	2
 47.5554	2
 47.5558	1
 47.5562	4
 47.5566	0
 47.5570	0
 47.5574	2
 47.5578	1
 47.5582	1
 47.5586	2
 47.5590	0
 47.5594	0
 47.5598	1
 47.5602	4
 47.5606	1
 47.5610	1
 47.5614	0
 47.5618	2
 47.5622	7
 47.5626	1
 47.5630	1
 47.5634	2
 47.5638	1
 47.5642	4
 47.5646	4
 47.5650	2
 47.5654	2
 47.5658	3
 47.5662	7
 47.5666	0
 47.5670	1
 47.5674	2
 47.5678	3
 47.5682	4
 47.5686	1
 47.5690	4
 47.5694	1
 47.5698	1
 47.5702	1
 47.5706	2
 47.5710	2
 47.5714	6
 47.5718	4
 47.5722	0
 47.5726	1
 47.5730	3
 47.5734	3
 47.5738	3
 47.5742	4
 47.5746	0
 47.5750	2
 47.5754	2
 47.5758	3
 47.5762	2
 47.5766	5
 47.5770	3
 47.5774	3
 47.5778	6
 47.5782	7
 47.5786	5
 47.5790	8
 47.5794	3
 47.5798	8
 47.5802	1
 47.5806	5
 47.5810	5
 47.5814	10
 47.5818	5
 47.5822	5
 47.5826	9
 47.5830	7
 47.5834	11
 47.5838	4
 47.5842	17
 47.5846	9
 47.5850	9
 47.5854	8
 47.5858	12
 47.5862	11
 47.5866	6
 47.5870	14
 47.5874	9
 47.5878	9
 47.5882	13
 47.5886	13
 47.5890	11
 47.5894	9
 47.5898	17
 47.5902	17
 47.5906	15
 47.5910	23
 47.5914	17
 47.5918	21
 47.5922	18
 47.5926	32
 47.5930	23
 47.5934	37
 47.5938	42
 47.5942	51
 47.5946	52
 47.5950	60
 47.5954	53
 47.5958	83
 47.5962	76
 47.5966	101
 47.5970	108
 47.5974	121
 47.5978	151
 47.5982	146
 47.5986	149
 47.5990	144
 47.5994	131
 47.5998	160
 47.6002	138
 47.6006	144
 47.6010	133
 47.6014	134
 47.6018	150
 47.6022	111
 47.6026	111
 47.6030	138
 47.6034	115
 47.6038	90
 47.6042	85
 47.6046	84
 47.6050	75
 47.6054	83
 47.6058	66
 47.6062	60
 47.6066	62
 47.6070	43
 47.6074	46
 47.6078	46
 47.6082	29
 47.6086	46
 47.6090	35
 47.6094	31
 47.6098	41
 47.6102	32
 47.6106	33
 47.6110	21
 47.6114	35
 47.6118	20
 47.6122	29
 47.6126	23
 47.6130	15
 47.6134	17
 47.6138	14
 47.6142	19
 47.6146	18
 47.6150	10
 47.6154	12
 47.6158	15
 47.6162	13
 47.6166	14
 47.6170	8
 47.6174	9
 47.6178	8
 47.6182	6
 47.6186	11
 47.6190	2
 47.6194	10
 47.6198	3
 47.6202	8
 47.6206	4
 47.6210	8
 47.6214	5
 47.6218	6
 47.6222	6
 47.6226	2
 47.6230	6
 47.6234	5
 47.6238	7
 47.6242	6
 47.6246	8
 47.6250	6
 47.6254	6
 47.6258	4
 47.6262	3
 47.6266	8
 47.6270	1
 47.6274	2
 47.6278	8
 47.6282	2
 47.6286	3
 47.6290	2
 47.6294	2
 47.6298	0
 47.6302	4
 47.6306	5
 47.6310	1
 47.6314	3
 47.6318	1
 47.6322	4
 47.6326	5
 47.6330	1
 47.6334	2
 47.6338	1
 47.6342	1
 47.6346	3
 47.6350	1
 47.6354	4
 47.6358	2
 47.6362	2
 47.6366	3
 47.6370	1
 47.6374	2
 47.6378	1
 47.6382	1
 47.6386	1
 47.6390	2
 47.6394	0
 47.6398	2
 47.6402	1
 47.6406	2
 47.6410	0
 47.6414	0
 47.6418	0
 47.6422	4
 47.6426	1
 47.6430	0
 47.6434	2
 47.6438	2
 47.6442	3
 47.6446	3
 47.6450	3
 47.6454	0
 47.6458	2
 47.6462	1
 47.6466	1
 47.6470	0
 47.6474	1
 47.6478	1
 47.6482	2
 47.6486	0
 47.6490	1
 47.6494	2
 47.6498	2
 47.6502	0
 47.6506	3
 47.6510	1
 47.6514	1
 47.6518	0
 47.6522	0
 47.6526	1
 47.6530	1
 47.6534	0
 47.6538	0
 47.6542	2
 47.6546	1
 47.6550	1
 47.6554	0
 47.6558	0
 47.6562	2
 47.6566	2
 47.6570	1
 47.6574	0
 47.6578	1
 47.6582	0
 47.6586	1
 47.6590	1
 47.6594	1
 47.6598	1
 47.6602	2
 47.6606	1
 47.6610	0
 47.6614	1
 47.6618	4
 47.6622	0
 47.6626	0
 47.6630	0
 47.6634	0
 47.6638	0
 47.6642	0
 47.6646	1
 47.6650	1
 47.6654	2
 47.6658	0
 47.6662	1
 47.6666	1
 47.6670	0
 47.6674	0
 47.6678	1
 47.6682	0
 47.6686	1
 47.6690	2
 47.6694	0
 47.6698	2
 47.6702	0
 47.6706	0
 47.6710	0
 47.6714	0
 47.6718	0
 47.6722	0
 47.6726	0
 47.6730	1
 47.6734	0
 47.6738	0
