 20.0000	6
 20.0200	4
 20.0400	4
 20.0600	6
 20.0800	7
 20.1000	3
 20.1200	6
 20.1400	0
 20.1600	5
 20.1800	1
 20.2000	2
 20.2200	4
 20.2400	4
 20.2600	3
 20.2800	4
 20.3000	5
 20.3200	5
 20.3400	5
 20.3600	6
 20.3800	3
 20.4000	4
 20.4200	5
 20.4400	7
 20.4600	3
 20.4800	6
 20.5000	6
 20.5200	1
 20.5400	10
 20.5600	5
 20.5800	4
 20.6000	4
 20.6200	4
 20.6400	2
 20.6600	5
 20.6800	3
 20.7000	5
 20.7200	5
 20.7400	5
 20.7600	3
 20.7800	5
 20.8000	7
 20.8200	0
 20.8400	2
 20.8600	2
 20.8800	4
 20.9000	7
 20.9200	4
 20.9400	6
 20.9600	2
 20.9800	3
 21.0000	9
 21.0200	6
 21.0400	4
 21.0600	3
 21.0800	3
 21.1000	4
 21.1200	4
 21.1400	3
 21.1600	6
 21.1800	5
 21.2000	4
 21.2200	5
 21.2400	2
 21.2600	4
 21.2800	5
 21.3000	9
 21.3200	3
 21.3400	4
 21.3600	5
 21.3800	4
 21.4000	6
 21.4200	6
 21.4400	5
 21.4600	2
 21.4800	4
 21.5000	5
 21.5200	5
 21.5400	4
 21.5600	9
 21.5800	5
 21.6000	4
 21.6200	6
 21.6400	8
 21.6600	5
 21.6800	3
 21.7000	4
 21.7200	4
 21.7400	4
 21.7600	2
 21.7800	5
 21.8000	2
 21.8200	2
 21.8400	7
 21.8600	1
 21.8800	4
 21.9000	5
 21.9200	5
 21.9400	5
 21.9600	5
 21.9800	6
 22.0000	3
 22.0200	6
 22.0400	5
 22.0600	8
 22.0800	5
 22.1000	7
 22.1200	6
 22.1400	5
 22.1600	9
 22.1800	7
 22.2000	7
 22.2200	7
 22.2400	4
 22.2600	6
 22.2800	8
 22.3000	1
 22.3200	3
 22.3400	5
 22.3600	6
 22.3800	1
 22.4000	1
 22.4200	3
 22.4400	4
 22.4600	5
 22.4800	7
 22.5000	9
 22.5200	1
 22.5400	9
 22.5600	6
 22.5800	6
 22.6000	6
 22.6200	5
 22.6400	2
 22.6600	9
 22.6800	5
 22.7000	6
 22.7200	5
 22.7400	2
 22.7600	1
 22.7800	1
 22.8000	6
 22.8200	1
 22.8400	4
 22.8600	0
 22.8800	4
 22.9000	5
 22.9200	3
 22.9400	2
 22.9600	7
 22.9800	5
 23.0000	11
 23.0200	7
 23.0400	8
 23.0600	4
 23.0800	7
 23.1000	3
 23.1200	10
 23.1400	7
 23.1600	4
 23.1800	6
 23.2000	5
 23.2200	5
 23.2400	8
 23.2600	4
 23.2800	4
 23.3000	1
 23.3200	3
 23.3400	9
 23.3600	5
 23.3800	4
 23.4000	4
 23.4200	6
 23.4400	7
 23.4600	11
 23.4800	8
 23.5000	4
 23.5200	1
 23.5400	5
 23.5600	1
 23.5800	2
 23.6000	4
 23.6200	2
 23.6400	3
 23.6600	2
 23.6800	8
 23.7000	3
 23.7200	3
 23.7400	4
 23.7600	8
 23.7800	8
 23.8000	5
 23.8200	7
 23.8400	7
 23.8600	6
 23.8800	5
 23.9000	0
 23.9200	2
 23.9400	7
 23.9600	3
 23.9800	7
 24.0000	7
 24.0200	3
 24.0400	6
 24.0600	3
 24.0800	2
 24.1000	2
 24.1200	3
 24.1400	2
 24.1600	6
 24.1800	2
 24.2000	3
 24.2200	2
 24.2400	2
 24.2600	3
 24.2800	1
 24.3000	3
 24.3200	7
 24.3400	7
 24.3600	3
 24.3800	2
 24.4000	3
 24.4200	8
 24.4400	2
 24.4600	5
 24.4800	5
 24.5000	2
 24.5200	3
 24.5400	4
 24.5600	2
 24.5800	4
 24.6000	4
 24.6200	3
 24.6400	1
 24.6600	3
 24.6800	2
 24.7000	4
 24.7200	3
 24.7400	3
 24.7600	2
 24.7800	3
 24.8000	7
 24.8200	5
 24.8400	0
 24.8600	7
 24.8800	6
 24.9000	5
 24.9200	5
 24.9400	2
 24.9600	3
 24.9800	2
 25.0000	6
 25.0200	2
 25.0400	7
 25.0600	9
 25.0800	4
 25.1000	1
 25.1200	0
 25.1400	7
 25.1600	6
 25.1800	2
 25.2000	3
 25.2200	3
 25.2400	6
 25.2600	3
 25.2800	1
 25.3000	5
 25.3200	5
 25.3400	6
 25.3600	1
 25.3800	5
 25.4000	4
 25.4200	7
 25.4400	4
 25.4600	5
 25.4800	1
 25.5000	2
 25.5200	6
 25.5400	2
 25.5600	5
 25.5800	3
 25.6000	2
 25.6200	6
 25.6400	6
 25.6600	6
 25.6800	1
 25.7000	3
 25.7200	3
 25.7400	8
 25.7600	7
 25.7800	4
 25.8000	6
 25.8200	4
 25.8400	10
 25.8600	6
 25.8800	2
 25.9000	4
 25.9200	5
 25.9400	6
 25.9600	5
 25.9800	1
 26.0000	1
 26.0200	3
 26.0400	5
 26.0600	4
 26.0800	5
 26.1000	6
 26.1200	5
 26.1400	3
 26.1600	2
 26.1800	3
 26.2000	2
 26.2200	2
 26.2400	5
 26.2600	2
 26.2800	3
 26.3000	4
 26.3200	2
 26.3400	4
 26.3600	8
 26.3800	2
 26.4000	1
 26.4200	4
 26.4400	2
 26.4600	2
 26.4800	5
 26.5000	4
 26.5200	5
 26.5400	6
 26.5600	7
 26.5800	3
 26.6000	7
 26.6200	3
 26.6400	4
 26.6600	3
 26.6800	0
 26.7000	2
 26.7200	6
 26.7400	4
 26.7600	3
 26.7800	6
 26.8000	6
 26.8200	6
 26.8400	3
 26.8600	3
 26.8800	3
 26.9000	4
 26.9200	2
 26.9400	4
 26.9600	1
 26.9800	5
 27.0000	5
 27.0200	4
 27.0400	4
 27.0600	5
 27.0800	4
 27.1000	5
 27.1200	5
 27.1400	5
 27.1600	2
 27.1800	7
 27.2000	5
 27.2200	7
 27.2400	5
 27.2600	4
 27.2800	4
 27.3000	5
 27.3200	2
 27.3400	8
 27.3600	5
 27.3800	2
 27.4000	3
 27.4200	5
 27.4400	4
 27.4600	6
 27.4800	3
 27.5000	4
 27.5200	3
 27.5400	5
 27.5600	5
 27.5800	1
 27.6000	4
 27.6200	1
 27.6400	4
 27.6600	3
 27.6800	4
 27.7000	4
 27.7200	1
 27.7400	3
 27.7600	6
 27.7800	3
 27.8000	1
 27.8200	3
 27.8400	5
 27.8600	4
 27.8800	3
 27.9000	4
 27.9200	3
 27.9400	2
 27.9600	4
 27.9800	3
 28.0000	7
 28.0200	3
 28.0400	1
 28.0600	2
 28.0800	7
 28.1000	2
 28.1200	3
 28.1400	3
 28.1600	1
 28.1800	5
 28.2000	3
 28.2200	2
 28.2400	8
 28.2600	4
 28.2800	5
 28.3000	3
 28.3200	3
 28.3400	2
 28.3600	3
 28.3800	4
 28.4000	3
 28.4200	4
 28.4400	3
 28.4600	6
 28.4800	4
 28.5000	2
 28.5200	3
 28.5400	4
 28.5600	6
 28.5800	1
 28.6000	3
 28.6200	5
 28.6400	2
 28.6600	5
 28.6800	2
 28.7000	3
 28.7200	3
 28.7400	5
 28.7600	5
 28.7800	3
 28.8000	6
 28.8200	4
 28.8400	6
 28.8600	4
 28.8800	1
 28.9000	5
 28.9200	6
 28.9400	3
 28.9600	5
 28.9800	3
 29.0000	4
 29.0200	2
 29.0400	4
 29.0600	3
 29.0800	5
 29.1000	3
 29.1200	3
 29.1400	1
 29.1600	5
 29.1800	3
 29.2000	4
 29.2200	3
 29.2400	2
 29.2600	6
 29.2800	4
 29.3000	3
 29.3200	0
 29.3400	2
 29.3600	0
 29.3800	6
 29.4000	2
 29.4200	4
 29.4400	3
 29.4600	3
 29.4800	1
 29.5000	5
 29.5200	2
 29.5400	5
 29.5600	5
 29.5800	1
 29.6000	1
 29.6200	4
 29.6400	3
 29.6600	2
 29.6800	1
 29.7000	1
 29.7200	2
 29.7400	4
 29.7600	4
 29.7800	2
 29.8000	3
 29.8200	2
 29.8400	3
 29.8600	1
 29.8800	2
 29.9000	4
 29.9200	3
 29.9400	3
 29.9600	2
 29.9800	4
 30.0000	1
 30.0200	3
 30.0400	3
 30.0600	7
 30.0800	1
 30.1000	2
 30.1200	1
 30.1400	2
 30.1600	0
 30.1800	2
 30.2000	5
 30.2200	4
 30.2400	4
 30.2600	2
 30.2800	3
 30.3000	3
 30.3200	1
 30.3400	0
 30.3600	1
 30.3800	2
 30.4000	2
 30.4200	4
 30.4400	3
 30.4600	3
 30.4800	4
 30.5000	5
 30.5200	1
 30.5400	6
 30.5600	1
 30.5800	1
 30.6000	3
 30.6200	3
 30.6400	3
 30.6600	10
 30.6800	6
 30.7000	4
 30.7200	1
 30.7400	2
 30.7600	3
 30.7800	5
 30.8000	6
 30.8200	6
 30.8400	3
 30.8600	6
 30.8800	1
 30.9000	2
 30.9200	2
 30.9400	3
 30.9600	2
 30.9800	5
 31.0000	1
 31.0200	2
 31.0400	5
 31.0600	3
 31.0800	1
 31.1000	6
 31.1200	3
 31.1400	5
 31.1600	2
 31.1800	3
 31.2000	2
 31.2200	4
 31.2400	1
 31.2600	2
 31.2800	2
 31.3000	2
 31.3200	3
 31.3400	6
 31.3600	5
 31.3800	4
 31.4000	5
 31.4200	4
 31.4400	2
 31.4600	2
 31.4800	1
 31.5000	2
 31.5200	2
 31.5400	6
 31.5600	2
 31.5800	2
 31.6000	3
 31.6200	2
 31.6400	2
 31.6600	3
 31.6800	5
 31.7000	1
 31.7200	2
 31.7400	1
 31.7600	1
 31.7800	3
 31.8000	3
 31.8200	2
 31.8400	4
 31.8600	3
 31.8800	1
 31.9000	4
 31.9200	2
 31.9400	3
 31.9600	4
 31.9800	4
 32.0000	3
 32.0200	5
 32.0400	2
 32.0600	2
 32.0800	6
 32.1000	2
 32.1200	1
 32.1400	0
 32.1600	4
 32.1800	2
 32.2000	2
 32.2200	2
 32.2400	2
 32.2600	4
 32.2800	4
 32.3000	6
 32.3200	1
 32.3400	2
 32.3600	0
 32.3800	2
 32.4000	4
 32.4200	0
 32.4400	0
 32.4600	5
 32.4800	2
 32.5000	5
 32.5200	2
 32.5400	4
 32.5600	6
 32.5800	3
 32.6000	3
 32.6200	2
 32.6400	3
 32.6600	2
 32.6800	2
 32.7000	5
 32.7200	4
 32.7400	4
 32.7600	5
 32.7800	1
 32.8000	2
 32.8200	3
 32.8400	0
 32.8600	7
 32.8800	3
 32.9000	1
 32.9200	3
 32.9400	5
 32.9600	1
 32.9800	4
 33.0000	2
 33.0200	5
 33.0400	2
 33.0600	1
 33.0800	1
 33.1000	3
 33.1200	1
 33.1400	1
 33.1600	3
 33.1800	0
 33.2000	4
 33.2200	2
 33.2400	2
 33.2600	3
 33.2800	7
 33.3000	1
 33.3200	3
 33.3400	5
 33.3600	1
 33.3800	0
 33.4000	1
 33.4200	3
 33.4400	0
 33.4600	4
 33.4800	3
 33.5000	4
 33.5200	2
 33.5400	2
 33.5600	2
 33.5800	4
 33.6000	5
 33.6200	4
 33.6400	1
 33.6600	3
 33.6800	1
 33.7000	4
 33.7200	1
 33.7400	2
 33.7600	3
 33.7800	2
 33.8000	6
 33.8200	0
 33.8400	1
 33.8600	0
 33.8800	5
 33.9000	3
 33.9200	3
 33.9400	5
 33.9600	2
 33.9800	1
 34.0000	0
 34.0200	1
 34.0400	1
 34.0600	1
 34.0800	2
 34.1000	2
 34.1200	4
 34.1400	1
 34.1600	2
 34.1800	1
 34.2000	4
 34.2200	1
 34.2400	3
 34.2600	2
 34.2800	3
 34.3000	5
 34.3200	2
 34.3400	4
 34.3600	3
 34.3800	3
 34.4000	1
 34.4200	1
 34.4400	3
 34.4600	4
 34.4800	2
 34.5000	5
 34.5200	3
 34.5400	5
 34.5600	4
 34.5800	2
 34.6000	3
 34.6200	4
 34.6400	1
 34.6600	2
 34.6800	1
 34.7000	1
 34.7200	1
 34.7400	2
 34.7600	7
 34.7800	4
 34.8000	5
 34.8200	0
 34.8400	3
 34.8600	0
 34.8800	2
 34.9000	4
 34.9200	5
 34.9400	4
 34.9600	4
 34.9800	3
 35.0000	4
 35.0200	3
 35.0400	2
 35.0600	3
 35.0800	2
 35.1000	1
 35.1200	5
 35.1400	4
 35.1600	2
 35.1800	3
 35.2000	1
 35.2200	1
 35.2400	1
 35.2600	1
 35.2800	4
 35.3000	2
 35.3200	4
 35.3400	3
 35.3600	1
 35.3800	3
 35.4000	4
 35.4200	2
 35.4400	3
 35.4600	3
 35.4800	2
 35.5000	1
 35.5200	0
 35.5400	4
 35.5600	1
 35.5800	4
 35.6000	4
 35.6200	4
 35.6400	4
 35.6600	1
 35.6800	4
 35.7000	4
 35.7200	1
 35.7400	4
 35.7600	2
 35.7800	4
 35.8000	5
 35.8200	0
 35.8400	6
 35.8600	2
 35.8800	2
 35.9000	2
 35.9200	4
 35.9400	5
 35.9600	3
 35.9800	1
 36.0000	0
 36.0200	5
 36.0400	4
 36.0600	1
 36.0800	5
 36.1000	5
 36.1200	3
 36.1400	1
 36.1600	0
 36.1800	2
 36.2000	3
 36.2200	1
 36.2400	3
 36.2600	3
 36.2800	2
 36.3000	4
 36.3200	3
 36.3400	3
 36.3600	1
 36.3800	4
 36.4000	1
 36.4200	4
 36.4400	2
 36.4600	2
 36.4800	1
 36.5000	4
 36.5200	3
 36.5400	4
 36.5600	5
 36.5800	3
 36.6000	2
 36.6200	3
 36.6400	3
 36.6600	3
 36.6800	3
 36.7000	2
 36.7200	1
 36.7400	3
 36.7600	8
 36.7800	3
 36.8000	5
 36.8200	2
 36.8400	1
 36.8600	1
 36.8800	1
 36.9000	4
 36.9200	0
 36.9400	1
 36.9600	3
 36.9800	2
 37.0000	3
 37.0200	1
 37.0400	3
 37.0600	2
 37.0800	2
 37.1000	2
 37.1200	1
 37.1400	2
 37.1600	1
 37.1800	3
 37.2000	3
 37.2200	3
 37.2400	2
 37.2600	0
 37.2800	1
 37.3000	2
 37.3200	0
 37.3400	2
 37.3600	2
 37.3800	4
 37.4000	1
 37.4200	3
 37.4400	3
 37.4600	1
 37.4800	1
 37.5000	3
 37.5200	3
 37.5400	6
 37.5600	5
 37.5800	2
 37.6000	2
 37.6200	0
 37.6400	0
 37.6600	2
 37.6800	3
 37.7000	1
 37.7200	1
 37.7400	2
 37.7600	2
 37.7800	1
 37.8000	2
 37.8200	5
 37.8400	1
 37.8600	2
 37.8800	5
 37.9000	4
 37.9200	0
 37.9400	2
 37.9600	2
 37.9800	3
 38.0000	2
 38.0200	5
 38.0400	3
 38.0600	3
 38.0800	0
 38.1000	2
 38.1200	3
 38.1400	1
 38.1600	1
 38.1800	7
 38.2000	1
 38.2200	3
 38.2400	1
 38.2600	0
 38.2800	7
 38.3000	1
 38.3200	3
 38.3400	2
 38.3600	3
 38.3800	4
 38.4000	2
 38.4200	1
 38.4400	4
 38.4600	4
 38.4800	1
 38.5000	4
 38.5200	4
 38.5400	5
 38.5600	0
 38.5800	3
 38.6000	1
 38.6200	1
 38.6400	2
 38.6600	3
 38.6800	3
 38.7000	3
 38.7200	3
 38.7400	2
 38.7600	5
 38.7800	1
 38.8000	4
 38.8200	0
 38.8400	2
 38.8600	5
 38.8800	3
 38.9000	7
 38.9200	6
 38.9400	2
 38.9600	5
 38.9800	5
 39.0000	4
 39.0200	4
 39.0400	2
 39.0600	7
 39.0800	1
 39.1000	5
 39.1200	7
 39.1400	4
 39.1600	6
 39.1800	6
 39.2000	6
 39.2200	7
 39.2400	9
 39.2600	8
 39.2800	9
 39.3000	13
 39.3200	5
 39.3400	3
 39.3600	5
 39.3800	13
 39.4000	13
 39.4200	5
 39.4400	20
 39.4600	16
 39.4800	17
 39.5000	16
 39.5200	15
 39.5400	18
 39.5600	12
 39.5800	16
 39.6000	19
 39.6200	19
 39.6400	27
 39.6600	25
 39.6800	47
 39.7000	75
 39.7200	65
 39.7400	134
 39.7600	385
 39.7800	313
 39.8000	314
 39.8200	329
 39.8400	322
 39.8600	376
 39.8800	461
 39.9000	826
 39.9200	1274
 39.9400	1418
 39.9600	1893
 39.9800	2256
 40.0000	2330
 40.0200	2390
 40.0400	2695
 40.0600	3149
 40.0800	3441
 40.1000	3765
 40.1200	5092
 40.1400	5864
 40.1600	6245
 40.1800	6613
 40.2000	7105
 40.2200	7377
 40.2400	7380
 40.2600	7109
 40.2800	7371
 40.3000	7885
 40.3200	8503
 40.3400	8328
 40.3600	7963
 40.3800	7593
 40.4000	7280
 40.4200	6128
 40.4400	5153
 40.4600	4140
 40.4800	3445
 40.5000	2902
 40.5200	2603
 40.5400	2379
 40.5600	2267
 40.5800	2283
 40.6000	2156
 40.6200	1704
 40.6400	698
 40.6600	258
 40.6800	112
 40.7000	41
 40.7200	30
 40.7400	16
 40.7600	26
 40.7800	21
 40.8000	21
 40.8200	10
 40.8400	13
 40.8600	12
 40.8800	16
 40.9000	9
 40.9200	11
 40.9400	12
 40.9600	10
 40.9800	11
 41.0000	13
 41.0200	10
 41.0400	1
 41.0600	6
 41.0800	5
 41.1000	5
 41.1200	5
 41.1400	8
 41.1600	7
 41.1800	4
 41.2000	7
 41.2200	4
 41.2400	3
 41.2600	1
 41.2800	5
 41.3000	5
 41.3200	3
 41.3400	4
 41.3600	5
 41.3800	5
 41.4000	6
 41.4200	2
 41.4400	0
 41.4600	6
 41.4800	4
 41.5000	3
 41.5200	4
 41.5400	5
 41.5600	5
 41.5800	3
 41.6000	6
 41.6200	2
 41.6400	5
 41.6600	5
 41.6800	2
 41.7000	4
 41.7200	3
 41.7400	1
 41.7600	5
 41.7800	5
 41.8000	2
 41.8200	1
 41.8400	5
 41.8600	4
 41.8800	2
 41.9000	1
 41.9200	1
 41.9400	3
 41.9600	3
 41.9800	4
 42.0000	8
 42.0200	2
 42.0400	1
 42.0600	3
 42.0800	5
 42.1000	5
 42.1200	3
 42.1400	2
 42.1600	0
 42.1800	1
 42.2000	4
 42.2200	2
 42.2400	2
 42.2600	0
 42.2800	5
 42.3000	3
 42.3200	1
 42.3400	2
 42.3600	0
 42.3800	3
 42.4000	1
 42.4200	1
 42.4400	1
 42.4600	2
 42.4800	5
 42.5000	3
 42.5200	0
 42.5400	2
 42.5600	0
 42.5800	2
 42.6000	2
 42.6200	2
 42.6400	9
 42.6600	2
 42.6800	3
 42.7000	1
 42.7200	1
 42.7400	5
 42.7600	1
 42.7800	3
 42.8000	0
 42.8200	1
 42.8400	2
 42.8600	4
 42.8800	1
 42.9000	2
 42.9200	1
 42.9400	1
 42.9600	3
 42.9800	1
 43.0000	2
 43.0200	4
 43.0400	3
 43.0600	5
 43.0800	2
 43.1000	5
 43.1200	1
 43.1400	1
 43.1600	2
 43.1800	1
 43.2000	1
 43.2200	2
 43.2400	1
 43.2600	2
 43.2800	0
 43.3000	1
 43.3200	2
 43.3400	2
 43.3600	2
 43.3800	3
 43.4000	1
 43.4200	3
 43.4400	1
 43.4600	3
 43.4800	2
 43.5000	0
 43.5200	1
 43.5400	1
 43.5600	3
 43.5800	2
 43.6000	0
 43.6200	2
 43.6400	3
 43.6600	3
 43.6800	2
 43.7000	2
 43.7200	0
 43.7400	0
 43.7600	1
 43.7800	0
 43.8000	1
 43.8200	2
 43.8400	1
 43.8600	2
 43.8800	0
 43.9000	1
 43.9200	1
 43.9400	1
 43.9600	0
 43.9800	0
 44.0000	0
 44.0200	0
 44.0400	1
 44.0600	1
 44.0800	0
 44.1000	4
 44.1200	6
 44.1400	1
 44.1600	1
 44.1800	0
 44.2000	1
 44.2200	5
 44.2400	3
 44.2600	1
 44.2800	1
 44.3000	5
 44.3200	2
 44.3400	2
 44.3600	0
 44.3800	1
 44.4000	3
 44.4200	0
 44.4400	3
 44.4600	1
 44.4800	1
 44.5000	1
 44.5200	2
 44.5400	1
 44.5600	2
 44.5800	0
 44.6000	1
 44.6200	1
 44.6400	0
 44.6600	2
 44.6800	2
 44.7000	0
 44.7200	1
 44.7400	2
 44.7600	1
 44.7800	3
 44.8000	3
 44.8200	1
 44.8400	2
 44.8600	0
 44.8800	4
 44.9000	2
 44.9200	4
 44.9400	3
 44.9600	0
 44.9800	1
 45.0000	0
 45.0200	1
 45.0400	3
 45.0600	1
 45.0800	1
 45.1000	4
 45.1200	3
 45.1400	0
 45.1600	2
 45.1800	1
 45.2000	1
 45.2200	0
 45.2400	0
 45.2600	1
 45.2800	0
 45.3000	2
 45.3200	1
 45.3400	0
 45.3600	3
 45.3800	3
 45.4000	2
 45.4200	1
 45.4400	1
 45.4600	1
 45.4800	1
 45.5000	1
 45.5200	2
 45.5400	1
 45.5600	0
 45.5800	0
 45.6000	0
 45.6200	1
 45.6400	2
 45.6600	0
 45.6800	3
 45.7000	2
 45.7200	1
 45.7400	0
 45.7600	0
 45.7800	1
 45.8000	3
 45.8200	3
 45.8400	1
 45.8600	1
 45.8800	2
 45.9000	2
 45.9200	3
 45.9400	3
 45.9600	1
 45.9800	4
 46.0000	1
 46.0200	0
 46.0400	3
 46.0600	3
 46.0800	0
 46.1000	3
 46.1200	2
 46.1400	2
 46.1600	3
 46.1800	4
 46.2000	1
 46.2200	0
 46.2400	0
 46.2600	3
 46.2800	0
 46.3000	2
 46.3200	0
 46.3400	1
 46.3600	2
 46.3800	1
 46.4000	2
 46.4200	2
 46.4400	1
 46.4600	2
 46.4800	1
 46.5000	3
 46.5200	2
 46.5400	0
 46.5600	2
 46.5800	1
 46.6000	1
 46.6200	1
 46.6400	0
 46.6600	1
 46.6800	0
 46.7000	1
 46.7200	0
 46.7400	2
 46.7600	2
 46.7800	1
 46.8000	2
 46.8200	1
 46.8400	1
 46.8600	1
 46.8800	0
 46.9000	4
 46.9200	1
 46.9400	0
 46.9600	1
 46.9800	0
 47.0000	2
 47.0200	2
 47.0400	1
 47.0600	0
 47.0800	2
 47.1000	1
 47.1200	2
 47.1400	2
 47.1600	2
 47.1800	3
 47.2000	2
 47.2200	0
 47.2400	1
 47.2600	0
 47.2800	2
 47.3000	0
 47.3200	4
 47.3400	2
 47.3600	1
 47.3800	2
 47.4000	0
 47.4200	3
 47.4400	1
 47.4600	1
 47.4800	1
 47.5000	3
 47.5200	1
 47.5400	1
 47.5600	2
 47.5800	1
 47.6000	1
 47.6200	3
 47.6400	3
 47.6600	1
 47.6800	2
 47.7000	2
 47.7200	1
 47.7400	1
 47.7600	4
 47.7800	0
 47.8000	4
 47.8200	2
 47.8400	1
 47.8600	2
 47.8800	0
 47.9000	2
 47.9200	5
 47.9400	3
 47.9600	3
 47.9800	1
 48.0000	2
 48.0200	1
 48.0400	3
 48.0600	1
 48.0800	2
 48.1000	0
 48.1200	4
 48.1400	1
 48.1600	0
 48.1800	1
 48.2000	3
 48.2200	1
 48.2400	4
 48.2600	2
 48.2800	2
 48.3000	1
 48.3200	0
 48.3400	1
 48.3600	1
 48.3800	3
 48.4000	1
 48.4200	1
 48.4400	4
 48.4600	0
 48.4800	1
 48.5000	0
 48.5200	0
 48.5400	1
 48.5600	0
 48.5800	3
 48.6000	1
 48.6200	1
 48.6400	2
 48.6600	1
 48.6800	1
 48.7000	1
 48.7200	1
 48.7400	2
 48.7600	3
 48.7800	2
 48.8000	2
 48.8200	1
 48.8400	0
 48.8600	0
 48.8800	0
 48.9000	2
 48.9200	3
 48.9400	0
 48.9600	1
 48.9800	0
 49.0000	1
 49.0200	1
 49.0400	1
 49.0600	2
 49.0800	2
 49.1000	1
 49.1200	3
 49.1400	0
 49.1600	1
 49.1800	0
 49.2000	1
 49.2200	0
 49.2400	2
 49.2600	1
 49.2800	2
 49.3000	1
 49.3200	1
 49.3400	1
 49.3600	3
 49.3800	0
 49.4000	2
 49.4200	1
 49.4400	0
 49.4600	2
 49.4800	1
 49.5000	2
 49.5200	1
 49.5400	0
 49.5600	3
 49.5800	0
 49.6000	1
 49.6200	0
 49.6400	0
 49.6600	0
 49.6800	0
 49.7000	3
 49.7200	1
 49.7400	2
 49.7600	2
 49.7800	1
 49.8000	2
 49.8200	2
 49.8400	1
 49.8600	2
 49.8800	0
 49.9000	0
 49.9200	1
 49.9400	0
 49.9600	0
 49.9800	1
 50.0000	0
 50.0200	0
 50.0400	0
 50.0600	4
 50.0800	2
 50.1000	0
 50.1200	3
 50.1400	0
 50.1600	0
 50.1800	1
 50.2000	2
 50.2200	0
 50.2400	2
 50.2600	1
 50.2800	0
 50.3000	1
 50.3200	0
 50.3400	2
 50.3600	2
 50.3800	0
 50.4000	0
 50.4200	1
 50.4400	3
 50.4600	0
 50.4800	1
 50.5000	0
 50.5200	1
 50.5400	1
 50.5600	2
 50.5800	0
 50.6000	1
 50.6200	2
