5	7
5.02	4
5.04	6
5.06	5
5.08	3
5.1	9
5.12	4
5.14	3
5.16	5
5.18	5
5.2	4
5.22	12
5.24	5
5.26	6
5.28	5
5.3	6
5.32	6
5.34	4
5.36	6
5.38	3
5.4	4
5.42	7
5.44	5
5.46	11
5.48	5
5.5	6
5.52	8
5.54	4
5.56	5
5.58	7
5.6	7
5.62	3
5.64	4
5.66	7
5.68	7
5.7	3
5.72	4
5.74	5
5.76	5
5.78	6
5.8	5
5.82	7
5.84	9
5.86	9
5.88	5
5.9	6
5.92	2
5.94	5
5.96	6
5.98	5
6	5
6.02	4
6.04	2
6.06	8
6.08	2
6.1	5
6.12	3
6.14	8
6.16	5
6.18	3
6.2	8
6.22	8
6.24	7
6.26	2
6.28	4
6.3	8
6.32	3
6.34	7
6.36	4
6.38	3
6.4	10
6.42	6
6.44	8
6.46	9
6.48	8
6.5	5
6.52	6
6.54	5
6.56	6
6.58	3
6.6	7
6.62	7
6.64	5
6.66	3
6.68	5
6.7	3
6.72	11
6.74	2
6.76	7
6.78	8
6.8	4
6.82	6
6.84	5
6.86	5
6.88	7
6.9	6
6.92	6
6.94	1
6.96	5
6.98	5
7	2
7.02	7
7.04	4
7.06	2
7.08	4
7.1	2
7.12	3
7.14	3
7.16	7
7.18	8
7.2	10
7.22	6
7.24	4
7.26	4
7.28	3
7.3	9
7.32	8
7.34	7
7.36	8
7.38	8
7.4	6
7.42	3
7.44	2
7.46	2
7.48	3
7.5	2
7.52	8
7.54	4
7.56	4
7.58	7
7.6	3
7.62	3
7.64	5
7.66	5
7.68	7
7.7	4
7.72	4
7.74	6
7.76	4
7.78	4
7.8	4
7.82	3
7.84	4
7.86	8
7.88	6
7.9	4
7.92	8
7.94	2
7.96	7
7.98	6
8	4
8.02	4
8.04	7
8.06	2
8.08	8
8.1	6
8.12	9
8.14	4
8.16	3
8.18	8
8.2	5
8.22	6
8.24	7
8.26	7
8.28	6
8.3	5
8.32	1
8.34	6
8.36	5
8.38	4
8.4	5
8.42	8
8.44	4
8.46	9
8.48	6
8.5	4
8.52	4
8.54	4
8.56	8
8.58	7
8.6	4
8.62	6
8.64	9
8.66	8
8.68	4
8.7	11
8.72	6
8.74	10
8.76	2
8.78	4
8.8	8
8.82	3
8.84	12
8.86	8
8.88	10
8.9	10
8.92	11
8.94	13
8.96	8
8.98	15
9	9
9.02	13
9.04	19
9.06	40
9.08	54
9.1	101
9.12	289
9.14	836
9.16	3306
9.18	3875
9.2	3123
9.22	665
9.24	97
9.26	55
9.28	38
9.3	17
9.32	15
9.34	12
9.36	10
9.38	13
9.4	3
9.42	17
9.44	10
9.46	2
9.48	7
9.5	5
9.52	11
9.54	7
9.56	5
9.58	9
9.6	1
9.62	4
9.64	6
9.66	7
9.68	5
9.7	5
9.72	2
9.74	6
9.76	7
9.78	4
9.8	10
9.82	9
9.84	7
9.86	12
9.88	5
9.9	5
9.92	7
9.94	7
9.96	7
9.98	9
10	5
10.02	3
10.04	4
10.06	5
10.08	4
10.1	8
10.12	5
10.14	5
10.16	5
10.18	5
10.2	7
10.22	3
10.24	5
10.26	5
10.28	4
10.3	4
10.32	3
10.34	5
10.36	4
10.38	5
10.4	1
10.42	7
10.44	4
10.46	5
10.48	5
10.5	1
10.52	5
10.54	5
10.56	4
10.58	6
10.6	3
10.62	1
10.64	6
10.66	2
10.68	2
10.7	5
10.72	8
10.74	6
10.76	5
10.78	4
10.8	5
10.82	7
10.84	4
10.86	5
10.88	3
10.9	7
10.92	6
10.94	0
10.96	3
10.98	5
11	2
11.02	3
11.04	1
11.06	4
11.08	3
11.1	5
11.12	7
11.14	4
11.16	3
11.18	8
11.2	3
11.22	3
11.24	8
11.26	6
11.28	6
11.3	6
11.32	8
11.34	3
11.36	8
11.38	5
11.4	2
11.42	4
11.44	5
11.46	6
11.48	4
11.5	1
11.52	2
11.54	4
11.56	7
11.58	5
11.6	5
11.62	4
11.64	3
11.66	5
11.68	4
11.7	1
11.72	3
11.74	6
11.76	4
11.78	7
11.8	2
11.82	6
11.84	4
11.86	9
11.88	3
11.9	3
11.92	5
11.94	7
11.96	1
11.98	1
12	1
12.02	5
12.04	0
12.06	2
12.08	4
12.1	2
12.12	5
12.14	4
12.16	3
12.18	6
12.2	4
12.22	3
12.24	5
12.26	7
12.28	3
12.3	1
12.32	4
12.34	7
12.36	1
12.38	5
12.4	1
12.42	2
12.44	6
12.46	3
12.48	6
12.5	8
12.52	4
12.54	7
12.56	1
12.58	1
12.6	1
12.62	3
12.64	5
12.66	5
12.68	1
12.7	2
12.72	4
12.74	2
12.76	5
12.78	7
12.8	1
12.82	2
12.84	2
12.86	6
12.88	7
12.9	7
12.92	2
12.94	4
12.96	2
12.98	4
13	3
13.02	4
13.04	9
13.06	5
13.08	5
13.1	6
13.12	6
13.14	6
13.16	4
13.18	5
13.2	3
13.22	2
13.24	1
13.26	3
13.28	6
13.3	5
13.32	3
13.34	2
13.36	4
13.38	3
13.4	2
13.42	5
13.44	6
13.46	2
13.48	2
13.5	2
13.52	3
13.54	2
13.56	7
13.58	1
13.6	6
13.62	10
13.64	4
13.66	5
13.68	5
13.7	5
13.72	6
13.74	5
13.76	0
13.78	3
13.8	3
13.82	7
13.84	2
13.86	3
13.88	1
13.9	4
13.92	3
13.94	5
13.96	4
13.98	7
14	4
14.02	3
14.04	3
14.06	2
14.08	3
14.1	1
14.12	5
14.14	4
14.16	2
14.18	4
14.2	2
14.22	6
14.24	4
14.26	6
14.28	7
14.3	4
14.32	1
14.34	7
14.36	4
14.38	6
14.4	3
14.42	3
14.44	2
14.46	6
14.48	3
14.5	5
14.52	4
14.54	2
14.56	5
14.58	2
14.6	5
14.62	4
14.64	6
14.66	3
14.68	6
14.7	3
14.72	6
14.74	4
14.76	2
14.78	4
14.8	1
14.82	3
14.84	3
14.86	6
14.88	4
14.9	5
14.92	5
14.94	7
14.96	5
14.98	0
15	2
15.02	5
15.04	10
15.06	2
15.08	3
15.1	4
15.12	4
15.14	4
15.16	1
15.18	6
15.2	11
15.22	3
15.24	1
15.26	4
15.28	2
15.3	5
15.32	3
15.34	1
15.36	0
15.38	4
15.4	3
15.42	2
15.44	3
15.46	2
15.48	4
15.5	2
15.52	2
15.54	3
15.56	5
15.58	5
15.6	6
15.62	4
15.64	0
15.66	0
15.68	5
15.7	2
15.72	1
15.74	6
15.76	1
15.78	4
15.8	5
15.82	5
15.84	2
15.86	1
15.88	2
15.9	3
15.92	3
15.94	5
15.96	3
15.98	4
16	5
16.02	4
16.04	2
16.06	3
16.08	3
16.1	3
16.12	1
16.14	3
16.16	5
16.18	1
16.2	5
16.22	0
16.24	5
16.26	7
16.28	8
16.3	2
16.32	6
16.34	4
16.36	4
16.38	1
16.4	9
16.42	6
16.44	6
16.46	4
16.48	7
16.5	2
16.52	4
16.54	4
16.56	5
16.58	3
16.6	3
16.62	5
16.64	6
16.66	5
16.68	7
16.7	3
16.72	5
16.74	4
16.76	1
16.78	3
16.8	5
16.82	4
16.84	1
16.86	4
16.88	2
16.9	4
16.92	7
16.94	6
16.96	2
16.98	6
17	5
17.02	3
17.04	4
17.06	4
17.08	2
17.1	3
17.12	6
17.14	2
17.16	6
17.18	2
17.2	3
17.22	5
17.24	9
17.26	4
17.28	7
17.3	6
17.32	8
17.34	5
17.36	4
17.38	5
17.4	4
17.42	5
17.44	5
17.46	7
17.48	3
17.5	7
17.52	6
17.54	12
17.56	3
17.58	7
17.6	9
17.62	6
17.64	14
17.66	5
17.68	8
17.7	5
17.72	6
17.74	7
17.76	5
17.78	6
17.8	3
17.82	7
17.84	7
17.86	10
17.88	10
17.9	9
17.92	8
17.94	11
17.96	3
17.98	5
18	5
18.02	10
18.04	7
18.06	7
18.08	10
18.1	16
18.12	10
18.14	13
18.16	10
18.18	13
18.2	12
18.22	22
18.24	14
18.26	33
18.28	24
18.3	31
18.32	50
18.34	63
18.36	98
18.38	157
18.4	220
18.42	799
18.44	1797
18.46	9392
18.48	18739
18.5	18757
18.52	10237
18.54	1390
18.56	334
18.58	159
18.6	100
18.62	72
18.64	43
18.66	39
18.68	33
18.7	24
18.72	24
18.74	14
18.76	15
18.78	19
18.8	23
18.82	10
18.84	5
18.86	6
18.88	8
18.9	11
18.92	15
18.94	7
18.96	4
18.98	9
19	9
19.02	9
19.04	1
19.06	8
19.08	5
19.1	5
19.12	9
19.14	6
19.16	4
19.18	2
19.2	6
19.22	8
19.24	4
19.26	8
19.28	7
19.3	3
19.32	2
19.34	1
19.36	6
19.38	2
19.4	8
19.42	8
19.44	0
19.46	3
19.48	6
19.5	4
19.52	2
19.54	4
19.56	3
19.58	3
19.6	5
19.62	5
19.64	2
19.66	2
19.68	5
19.7	6
19.72	6
19.74	6
19.76	3
19.78	4
19.8	3
19.82	7
19.84	2
19.86	1
19.88	3
19.9	5
19.92	5
19.94	2
19.96	9
19.98	6
20	3
20.02	6
20.04	5
20.06	5
20.08	0
20.1	5
20.12	3
20.14	3
20.16	0
20.18	2
20.2	5
20.22	4
20.24	3
20.26	4
20.28	7
20.3	0
20.32	7
20.34	9
20.36	5
20.38	1
20.4	4
20.42	3
20.44	2
20.46	5
20.48	5
20.5	2
20.52	6
20.54	1
20.56	5
20.58	4
20.6	3
20.62	5
20.64	6
20.66	3
20.68	5
20.7	2
20.72	5
20.74	4
20.76	5
20.78	5
20.8	2
20.82	7
20.84	4
20.86	6
20.88	2
20.9	7
20.92	7
20.94	3
20.96	5
20.98	4
21	0
21.02	2
21.04	2
21.06	3
21.08	1
21.1	4
21.12	5
21.14	7
21.16	4
21.18	2
21.2	4
21.22	3
21.24	2
21.26	4
21.28	4
21.3	3
21.32	4
21.34	3
21.36	3
21.38	4
21.4	3
21.42	5
21.44	1
21.46	7
21.48	4
21.5	5
21.52	4
21.54	1
21.56	5
21.58	2
21.6	5
21.62	0
21.64	3
21.66	2
21.68	4
21.7	1
21.72	5
21.74	2
21.76	2
21.78	1
21.8	6
21.82	0
21.84	5
21.86	3
21.88	0
21.9	2
21.92	2
21.94	5
21.96	7
21.98	2
22	3
22.02	3
22.04	4
22.06	3
22.08	1
22.1	6
22.12	4
22.14	3
22.16	1
22.18	2
22.2	2
22.22	3
22.24	5
22.26	3
22.28	0
22.3	1
22.32	3
22.34	3
22.36	3
22.38	7
22.4	2
22.42	4
22.44	2
22.46	3
22.48	5
22.5	2
22.52	4
22.54	3
22.56	4
22.58	3
22.6	7
22.62	2
22.64	4
22.66	4
22.68	2
22.7	6
22.72	2
22.74	1
22.76	2
22.78	2
22.8	5
22.82	4
22.84	5
22.86	1
22.88	2
22.9	4
22.92	6
22.94	2
22.96	5
22.98	7
23	3
23.02	2
23.04	2
23.06	1
23.08	7
23.1	1
23.12	1
23.14	2
23.16	5
23.18	1
23.2	3
23.22	3
23.24	5
23.26	2
23.28	2
23.3	3
23.32	2
23.34	1
23.36	4
23.38	1
23.4	1
23.42	2
23.44	4
23.46	7
23.48	6
23.5	2
23.52	6
23.54	2
23.56	2
23.58	3
23.6	4
23.62	2
23.64	3
23.66	3
23.68	3
23.7	1
23.72	5
23.74	1
23.76	3
23.78	4
23.8	2
23.82	5
23.84	2
23.86	3
23.88	3
23.9	4
23.92	2
23.94	4
23.96	1
23.98	2
24	3
24.02	4
24.04	1
24.06	2
24.08	0
24.1	3
24.12	5
24.14	2
24.16	0
24.18	2
24.2	2
24.22	4
24.24	6
24.26	2
24.28	5
24.3	1
24.32	4
24.34	0
24.36	1
24.38	5
24.4	2
24.42	0
24.44	3
24.46	5
24.48	1
24.5	4
24.52	7
24.54	2
24.56	5
24.58	6
24.6	4
24.62	1
24.64	5
24.66	5
24.68	7
24.7	3
24.72	4
24.74	3
24.76	2
24.78	1
24.8	4
24.82	1
24.84	3
24.86	1
24.88	2
24.9	1
24.92	6
24.94	1
24.96	4
24.98	1
25	3
25.02	2
25.04	4
25.06	4
25.08	2
25.1	4
25.12	3
25.14	3
25.16	2
25.18	2
25.2	4
25.22	1
25.24	5
25.26	3
25.28	3
25.3	3
25.32	2
25.34	7
25.36	6
25.38	2
25.4	2
25.42	5
25.44	1
25.46	3
25.48	2
25.5	0
25.52	1
25.54	0
25.56	1
25.58	1
25.6	3
25.62	3
25.64	1
25.66	2
25.68	1
25.7	8
25.72	5
25.74	2
25.76	4
25.78	1
25.8	4
25.82	1
25.84	0
25.86	6
25.88	5
25.9	2
25.92	8
25.94	4
25.96	1
25.98	3
26	3
26.02	0
26.04	5
26.06	2
26.08	0
26.1	0
26.12	4
26.14	4
26.16	1
26.18	4
26.2	1
26.22	2
26.24	1
26.26	2
26.28	4
26.3	4
26.32	4
26.34	4
26.36	4
26.38	0
26.4	4
26.42	2
26.44	1
26.46	0
26.48	3
26.5	1
26.52	3
26.54	2
26.56	3
26.58	3
26.6	0
26.62	1
26.64	0
26.66	3
26.68	4
26.7	6
26.72	2
26.74	2
26.76	3
26.78	3
26.8	5
26.82	6
26.84	3
26.86	4
26.88	4
26.9	0
26.92	2
26.94	1
26.96	2
26.98	7
27	5
27.02	5
27.04	3
27.06	3
27.08	3
27.1	5
27.12	1
27.14	2
27.16	1
27.18	5
27.2	3
27.22	3
27.24	2
27.26	4
27.28	3
27.3	1
27.32	3
27.34	1
27.36	3
27.38	7
27.4	4
27.42	3
27.44	3
27.46	0
27.48	3
27.5	1
27.52	2
27.54	2
27.56	3
27.58	3
27.6	0
27.62	2
27.64	1
27.66	3
27.68	5
27.7	9
27.72	2
27.74	1
27.76	7
27.78	7
27.8	16
27.82	17
27.84	93
27.86	154
27.88	264
27.9	1444
27.92	3188
27.94	3670
27.96	2418
27.98	340
28	75
28.02	32
28.04	15
28.06	12
28.08	6
28.1	8
28.12	3
28.14	6
28.16	2
28.18	2
28.2	5
28.22	4
28.24	4
28.26	4
28.28	1
28.3	9
28.32	6
28.34	3
28.36	4
28.38	0
28.4	2
28.42	1
28.44	4
28.46	2
28.48	2
28.5	4
28.52	1
28.54	2
28.56	6
28.58	4
28.6	1
28.62	1
28.64	3
28.66	7
28.68	5
28.7	1
28.72	1
28.74	0
28.76	4
28.78	2
28.8	1
28.82	3
28.84	3
28.86	1
28.88	2
28.9	4
28.92	0
28.94	2
28.96	0
28.98	2
29	2
29.02	0
29.04	3
29.06	3
29.08	2
29.1	4
29.12	0
29.14	2
29.16	3
29.18	2
29.2	1
29.22	0
29.24	4
29.26	2
29.28	2
29.3	1
29.32	4
29.34	5
29.36	3
29.38	2
29.4	4
29.42	3
29.44	3
29.46	4
29.48	5
29.5	3
29.52	3
29.54	1
29.56	2
29.58	3
29.6	4
29.62	2
29.64	3
29.66	2
29.68	1
29.7	0
29.72	1
29.74	0
29.76	1
29.78	1
29.8	1
29.82	3
29.84	4
29.86	3
29.88	3
29.9	2
29.92	1
29.94	2
29.96	3
29.98	3
30	3
30.02	0
30.04	2
30.06	2
30.08	5
30.1	1
30.12	2
30.14	3
30.16	4
30.18	1
30.2	1
30.22	3
30.24	2
30.26	3
30.28	1
30.3	1
30.32	4
30.34	2
30.36	1
30.38	2
30.4	3
30.42	0
30.44	2
30.46	4
30.48	5
30.5	3
30.52	2
30.54	4
30.56	6
30.58	3
30.6	4
30.62	1
30.64	6
30.66	3
30.68	2
30.7	2
30.72	4
30.74	3
30.76	4
30.78	3
30.8	3
30.82	1
30.84	4
30.86	2
30.88	2
30.9	5
30.92	1
30.94	1
30.96	1
30.98	0
31	1
31.02	2
31.04	4
31.06	2
31.08	3
31.1	4
31.12	3
31.14	1
31.16	3
31.18	2
31.2	0
31.22	3
31.24	0
31.26	4
31.28	0
31.3	4
31.32	5
31.34	1
31.36	1
31.38	0
31.4	2
31.42	5
31.44	6
31.46	0
31.48	1
31.5	3
31.52	3
31.54	1
31.56	1
31.58	3
31.6	3
31.62	2
31.64	2
31.66	7
31.68	4
31.7	3
31.72	1
31.74	3
31.76	2
31.78	3
31.8	1
31.82	2
31.84	1
31.86	3
31.88	5
31.9	4
31.92	4
31.94	3
31.96	5
31.98	2
32	3
32.02	2
32.04	3
32.06	0
32.08	0
32.1	2
32.12	2
32.14	1
32.16	0
32.18	1
32.2	1
32.22	5
32.24	1
32.26	3
32.28	0
32.3	5
32.32	3
32.34	2
32.36	4
32.38	4
32.4	2
32.42	2
32.44	2
32.46	2
32.48	1
32.5	1
32.52	2
32.54	3
32.56	4
32.58	4
32.6	3
32.62	2
32.64	1
32.66	3
32.68	0
32.7	3
32.72	1
32.74	2
32.76	2
32.78	7
32.8	3
32.82	3
32.84	4
32.86	3
32.88	2
32.9	1
32.92	2
32.94	1
32.96	0
32.98	6
33	1
33.02	2
33.04	1
33.06	0
33.08	2
33.1	4
33.12	3
33.14	2
33.16	1
33.18	2
33.2	1
33.22	3
33.24	5
33.26	0
33.28	4
33.3	2
33.32	0
33.34	4
33.36	2
33.38	3
33.4	0
33.42	2
33.44	3
33.46	3
33.48	5
33.5	2
33.52	4
33.54	2
33.56	6
33.58	2
33.6	2
33.62	7
33.64	6
33.66	1
33.68	1
33.7	3
33.72	2
33.74	3
33.76	1
33.78	7
33.8	4
33.82	1
33.84	2
33.86	2
33.88	5
33.9	5
33.92	3
33.94	5
33.96	3
33.98	5
34	3
34.02	1
34.04	6
34.06	0
34.08	2
34.1	1
34.12	1
34.14	0
34.16	1
34.18	2
34.2	3
34.22	4
34.24	5
34.26	0
34.28	4
34.3	3
34.32	5
34.34	4
34.36	0
34.38	0
34.4	1
34.42	0
34.44	2
34.46	2
34.48	4
34.5	3
34.52	4
34.54	1
34.56	3
34.58	0
34.6	4
34.62	4
34.64	2
34.66	1
34.68	0
34.7	5
34.72	2
34.74	4
34.76	4
34.78	6
34.8	2
34.82	5
34.84	3
34.86	2
34.88	2
34.9	1
34.92	5
34.94	5
34.96	1
34.98	3
35	2
35.02	2
35.04	0
35.06	2
35.08	1
35.1	3
35.12	3
35.14	1
35.16	4
35.18	1
35.2	3
35.22	5
35.24	1
35.26	2
35.28	0
35.3	0
35.32	0
35.34	2
35.36	2
35.38	2
35.4	2
35.42	4
35.44	2
35.46	4
35.48	1
35.5	2
35.52	6
35.54	1
35.56	2
35.58	3
35.6	1
35.62	6
35.64	0
35.66	6
35.68	4
35.7	2
35.72	5
35.74	4
35.76	1
35.78	0
35.8	1
35.82	1
35.84	2
35.86	2
35.88	1
35.9	1
35.92	3
35.94	1
35.96	3
35.98	2
36	1
36.02	1
36.04	0
36.06	4
36.08	2
36.1	1
36.12	1
36.14	0
36.16	5
36.18	5
36.2	4
36.22	3
36.24	0
36.26	3
36.28	2
36.3	2
36.32	1
36.34	1
36.36	3
36.38	1
36.4	0
36.42	4
36.44	1
36.46	1
36.48	5
36.5	1
36.52	4
36.54	5
36.56	3
36.58	6
36.6	4
36.62	5
36.64	1
36.66	2
36.68	1
36.7	7
36.72	0
36.74	5
36.76	3
36.78	3
36.8	1
36.82	4
36.84	4
36.86	1
36.88	2
36.9	2
36.92	0
36.94	2
36.96	2
36.98	5
37	4
37.02	4
37.04	4
37.06	3
37.08	4
37.1	0
37.12	6
37.14	4
37.16	2
37.18	3
37.2	4
37.22	5
37.24	2
37.26	5
37.28	2
37.3	2
37.32	1
37.34	4
37.36	2
37.38	4
37.4	3
37.42	4
37.44	5
37.46	9
37.48	14
37.5	39
37.52	80
37.54	463
37.56	1126
37.58	1400
37.6	1075
37.62	242
37.64	48
37.66	6
37.68	9
37.7	7
37.72	4
37.74	3
37.76	4
37.78	2
37.8	4
37.82	3
37.84	3
37.86	3
37.88	1
37.9	5
37.92	4
37.94	2
37.96	5
37.98	2
38	1
38.02	5
38.04	5
38.06	2
38.08	3
38.1	0
38.12	0
38.14	2
38.16	2
38.18	3
38.2	1
38.22	1
38.24	2
38.26	2
38.28	2
38.3	4
38.32	1
38.34	4
38.36	0
38.38	2
38.4	2
38.42	3
38.44	5
38.46	3
38.48	0
38.5	0
38.52	2
38.54	2
38.56	1
38.58	0
38.6	0
38.62	1
38.64	3
38.66	6
38.68	3
38.7	1
38.72	1
38.74	1
38.76	1
38.78	1
38.8	0
38.82	2
38.84	4
38.86	1
38.88	4
38.9	2
38.92	2
38.94	3
38.96	2
38.98	1
39	1
39.02	2
39.04	5
39.06	0
39.08	3
39.1	3
39.12	2
39.14	2
39.16	1
39.18	1
39.2	0
39.22	2
39.24	1
39.26	1
39.28	3
39.3	0
39.32	1
39.34	0
39.36	3
39.38	1
39.4	3
39.42	1
39.44	1
39.46	3
39.48	6
39.5	4
39.52	0
39.54	4
39.56	2
39.58	1
39.6	4
39.62	1
39.64	2
39.66	1
39.68	1
39.7	3
39.72	1
39.74	3
39.76	6
39.78	1
39.8	2
39.82	0
39.84	0
39.86	0
39.88	2
39.9	0
39.92	3
39.94	2
39.96	2
39.98	0
40	1
40.02	2
40.04	4
40.06	3
40.08	1
40.1	1
40.12	3
40.14	3
40.16	1
40.18	3
40.2	1
40.22	3
40.24	2
40.26	3
40.28	3
40.3	4
40.32	0
40.34	0
40.36	4
40.38	1
40.4	2
40.42	1
40.44	1
40.46	0
40.48	0
40.5	2
40.52	1
40.54	3
40.56	1
40.58	0
40.6	3
40.62	1
40.64	0
40.66	3
40.68	6
40.7	3
40.72	2
40.74	3
40.76	3
40.78	1
40.8	0
40.82	0
40.84	0
40.86	0
40.88	1
40.9	1
40.92	2
40.94	3
40.96	0
40.98	2
41	5
41.02	4
41.04	1
41.06	3
41.08	0
41.1	3
41.12	2
41.14	1
41.16	2
41.18	1
41.2	5
41.22	0
41.24	1
41.26	1
41.28	0
41.3	4
41.32	1
41.34	1
41.36	2
41.38	1
41.4	3
41.42	2
41.44	3
41.46	1
41.48	3
41.5	2
41.52	3
41.54	1
41.56	1
41.58	5
41.6	1
41.62	2
41.64	3
41.66	3
41.68	3
41.7	1
41.72	2
41.74	0
41.76	3
41.78	1
41.8	1
41.82	3
41.84	2
41.86	1
41.88	1
41.9	2
41.92	1
41.94	5
41.96	1
41.98	0
42	0
42.02	0
42.04	4
42.06	2
42.08	2
42.1	1
42.12	0
42.14	4
42.16	1
42.18	1
42.2	4
42.22	0
42.24	1
42.26	2
42.28	1
42.3	2
42.32	3
42.34	3
42.36	1
42.38	0
42.4	3
42.42	2
42.44	4
42.46	1
42.48	5
42.5	1
42.52	2
42.54	2
42.56	3
42.58	2
42.6	4
42.62	2
42.64	0
42.66	1
42.68	1
42.7	1
42.72	4
42.74	4
42.76	3
42.78	2
42.8	3
42.82	1
42.84	2
42.86	1
42.88	0
42.9	1
42.92	2
42.94	3
42.96	3
42.98	2
43	1
43.02	1
43.04	2
43.06	2
43.08	4
43.1	1
43.12	2
43.14	0
43.16	1
43.18	1
43.2	4
43.22	2
43.24	1
43.26	1
43.28	1
43.3	6
43.32	1
43.34	4
43.36	0
43.38	5
43.4	2
43.42	3
43.44	1
43.46	2
43.48	2
43.5	3
43.52	2
43.54	3
43.56	2
43.58	0
43.6	0
43.62	1
43.64	1
43.66	1
43.68	1
43.7	1
43.72	2
43.74	0
43.76	1
43.78	2
43.8	1
43.82	3
43.84	1
43.86	1
43.88	0
43.9	2
43.92	1
43.94	2
43.96	2
43.98	2
44	1
44.02	4
44.04	1
44.06	2
44.08	3
44.1	0
44.12	0
44.14	1
44.16	2
44.18	2
44.2	2
44.22	0
44.24	2
44.26	5
44.28	2
44.3	2
44.32	1
44.34	3
44.36	2
44.38	2
44.4	1
44.42	2
44.44	3
44.46	4
44.48	1
44.5	1
44.52	0
44.54	4
44.56	1
44.58	6
44.6	1
44.62	7
44.64	3
44.66	5
44.68	1
44.7	0
44.72	3
44.74	2
44.76	1
44.78	1
44.8	3
44.82	2
44.84	1
44.86	1
44.88	1
44.9	4
44.92	4
44.94	1
44.96	2
44.98	2
45	3
45.02	2
45.04	2
45.06	2
45.08	4
45.1	1
45.12	2
45.14	1
45.16	2
45.18	4
45.2	3
45.22	2
45.24	1
45.26	2
45.28	9
45.3	2
45.32	2
45.34	1
45.36	4
45.38	5
45.4	3
45.42	3
45.44	2
45.46	2
45.48	4
45.5	2
45.52	2
45.54	6
45.56	3
45.58	4
45.6	2
45.62	0
45.64	1
45.66	5
45.68	3
45.7	3
45.72	4
45.74	9
45.76	3
45.78	7
45.8	6
45.82	7
45.84	3
45.86	6
45.88	7
45.9	4
45.92	3
45.94	3
45.96	5
45.98	7
46	5
46.02	6
46.04	3
46.06	5
46.08	7
46.1	3
46.12	5
46.14	4
46.16	5
46.18	7
46.2	7
46.22	9
46.24	4
46.26	6
46.28	4
46.3	5
46.32	5
46.34	5
46.36	7
46.38	5
46.4	3
46.42	4
46.44	7
46.46	8
46.48	13
46.5	7
46.52	12
46.54	8
46.56	11
46.58	7
46.6	7
46.62	11
46.64	2
46.66	6
46.68	5
46.7	9
46.72	13
46.74	7
46.76	7
46.78	6
46.8	10
46.82	9
46.84	11
46.86	11
46.88	8
46.9	8
46.92	13
46.94	15
46.96	13
46.98	10
47	13
47.02	19
47.04	10
47.06	13
47.08	19
47.1	25
47.12	26
47.14	16
47.16	26
47.18	28
47.2	20
47.22	19
47.24	42
47.26	50
47.28	44
47.3	53
47.32	64
47.34	97
47.36	117
47.38	199
47.4	478
47.42	1150
47.44	2419
47.46	6715
47.48	17572
47.5	27516
47.52	26529
47.54	15297
47.56	4391
47.58	1246
47.6	437
47.62	222
47.64	127
47.66	64
47.68	45
47.7	53
47.72	39
47.74	38
47.76	31
47.78	17
47.8	22
47.82	25
47.84	27
47.86	20
47.88	18
47.9	13
47.92	15
47.94	21
47.96	22
47.98	13
48	13
48.02	17
48.04	16
48.06	16
48.08	11
48.1	14
48.12	7
48.14	9
48.16	11
48.18	8
48.2	14
48.22	9
48.24	12
48.26	6
48.28	8
48.3	9
48.32	7
48.34	11
48.36	9
48.38	8
48.4	9
48.42	11
48.44	5
48.46	12
48.48	10
48.5	9
48.52	10
48.54	7
48.56	6
48.58	8
48.6	7
48.62	13
48.64	9
48.66	7
48.68	4
48.7	4
48.72	9
48.74	5
48.76	8
48.78	3
48.8	3
48.82	6
48.84	11
48.86	6
48.88	5
48.9	3
48.92	6
48.94	6
48.96	4
48.98	2
49	6
49.02	8
49.04	3
49.06	8
49.08	4
49.1	5
49.12	3
49.14	4
49.16	3
49.18	7
49.2	5
49.22	6
49.24	7
49.26	8
49.28	8
49.3	4
49.32	2
49.34	4
49.36	1
49.38	4
49.4	5
49.42	5
49.44	7
49.46	4
49.48	6
49.5	6
49.52	7
49.54	1
49.56	5
49.58	4
49.6	3
49.62	2
49.64	3
49.66	4
49.68	3
49.7	4
49.72	7
49.74	3
49.76	5
49.78	6
49.8	4
49.82	5
49.84	4
49.86	4
49.88	7
49.9	7
49.92	3
49.94	3
49.96	5
49.98	1
50	5
50.02	4
50.04	6
50.06	4
50.08	3
50.1	4
50.12	0
50.14	2
50.16	2
50.18	7
50.2	3
50.22	3
50.24	3
50.26	4
50.28	0
50.3	2
50.32	3
50.34	2
50.36	2
50.38	5
50.4	4
50.42	4
50.44	4
50.46	3
50.48	1
50.5	2
50.52	4
50.54	2
50.56	2
50.58	2
50.6	3
50.62	4
50.64	0
50.66	4
50.68	6
50.7	3
50.72	1
50.74	1
50.76	4
50.78	2
50.8	4
50.82	3
50.84	0
50.86	3
50.88	2
50.9	4
50.92	3
50.94	1
50.96	3
50.98	1
51	2
51.02	1
51.04	4
51.06	2
51.08	2
51.1	3
51.12	1
51.14	3
51.16	1
51.18	2
51.2	3
51.22	2
51.24	2
51.26	1
51.28	1
51.3	2
51.32	3
51.34	3
51.36	0
51.38	1
51.4	1
51.42	3
51.44	1
51.46	6
51.48	2
51.5	3
51.52	0
51.54	3
51.56	2
51.58	6
51.6	4
51.62	2
51.64	2
51.66	2
51.68	2
51.7	1
51.72	3
51.74	0
51.76	3
51.78	2
51.8	3
51.82	1
51.84	2
51.86	1
51.88	2
51.9	2
51.92	0
51.94	3
51.96	5
51.98	0
52	2
52.02	3
52.04	1
52.06	3
52.08	5
52.1	4
52.12	2
52.14	3
52.16	3
52.18	2
52.2	2
52.22	0
52.24	1
52.26	1
52.28	3
52.3	2
52.32	0
52.34	4
52.36	0
52.38	2
52.4	1
52.42	0
52.44	2
52.46	2
52.48	2
52.5	0
52.52	1
52.54	0
52.56	1
52.58	2
52.6	1
52.62	0
52.64	0
52.66	1
52.68	1
52.7	0
52.72	2
52.74	2
52.76	3
52.78	2
52.8	2
52.82	1
52.84	0
52.86	1
52.88	2
52.9	4
52.92	1
52.94	6
52.96	1
52.98	1
53	0
53.02	0
53.04	2
53.06	0
53.08	1
53.1	2
53.12	2
53.14	2
53.16	1
53.18	1
53.2	2
53.22	3
53.24	4
53.26	0
53.28	2
53.3	1
53.32	2
53.34	2
53.36	1
53.38	1
53.4	0
53.42	2
53.44	2
53.46	0
53.48	0
53.5	0
53.52	0
53.54	1
53.56	2
53.58	2
53.6	2
53.62	2
53.64	1
53.66	1
53.68	2
53.7	4
53.72	2
53.74	0
53.76	2
53.78	3
53.8	1
53.82	2
53.84	1
53.86	2
53.88	1
53.9	1
53.92	0
53.94	1
53.96	2
53.98	1
54	3
54.02	2
54.04	0
54.06	4
54.08	3
54.1	2
54.12	0
54.14	2
54.16	2
54.18	1
54.2	1
54.22	3
54.24	0
54.26	1
54.28	1
54.3	2
54.32	3
54.34	1
54.36	3
54.38	0
54.4	2
54.42	0
54.44	3
54.46	3
54.48	1
54.5	0
54.52	3
54.54	2
54.56	0
54.58	5
54.6	0
54.62	0
54.64	0
54.66	1
54.68	0
54.7	2
54.72	1
54.74	3
54.76	1
54.78	1
54.8	4
54.82	1
54.84	1
54.86	1
54.88	4
54.9	3
54.92	1
54.94	2
54.96	1
54.98	2
55	1
55.02	1
55.04	1
55.06	2
55.08	2
55.1	2
55.12	3
55.14	3
55.16	4
55.18	1
55.2	2
55.22	0
55.24	2
55.26	1
55.28	2
55.3	2
55.32	1
55.34	1
55.36	0
55.38	0
55.4	1
55.42	1
55.44	1
55.46	1
55.48	2
55.5	1
55.52	3
55.54	0
55.56	0
55.58	4
55.6	1
55.62	1
55.64	3
55.66	3
55.68	1
55.7	2
55.72	3
55.74	0
55.76	1
55.78	6
55.8	3
55.82	0
55.84	2
55.86	3
55.88	0
55.9	2
55.92	2
55.94	0
55.96	0
55.98	1
56	1
56.02	1
56.04	2
56.06	2
56.08	1
56.1	1
56.12	1
56.14	2
56.16	2
56.18	4
56.2	2
56.22	0
56.24	1
56.26	0
56.28	0
56.3	1
56.32	3
56.34	1
56.36	3
56.38	1
56.4	0
56.42	2
56.44	1
56.46	2
56.48	1
56.5	1
56.52	2
56.54	2
56.56	1
56.58	5
56.6	1
56.62	3
56.64	2
56.66	2
56.68	2
56.7	2
56.72	5
56.74	2
56.76	1
56.78	1
56.8	2
56.82	3
56.84	1
56.86	3
56.88	2
56.9	1
56.92	4
56.94	1
56.96	1
56.98	3
57	2
57.02	2
57.04	2
57.06	5
57.08	2
57.1	3
57.12	4
57.14	1
57.16	0
57.18	0
57.2	1
57.22	4
57.24	1
57.26	6
57.28	4
57.3	5
57.32	1
57.34	3
57.36	1
57.38	4
57.4	7
57.42	2
57.44	1
57.46	2
57.48	3
57.5	6
57.52	3
57.54	6
57.56	2
57.58	6
57.6	7
57.62	5
57.64	4
57.66	6
57.68	17
57.7	27
57.72	84
57.74	137
57.76	373
57.78	1019
57.8	2549
57.82	4172
57.84	4430
57.86	3054
57.88	1233
57.9	460
57.92	189
57.94	82
57.96	48
57.98	25
58	5
58.02	9
58.04	3
58.06	0
58.08	2
58.1	5
58.12	6
58.14	6
58.16	3
58.18	5
58.2	6
58.22	3
58.24	3
58.26	1
58.28	1
58.3	4
58.32	3
58.34	1
58.36	0
58.38	0
58.4	3
58.42	2
58.44	4
58.46	0
58.48	1
58.5	2
58.52	1
58.54	2
58.56	3
58.58	0
58.6	1
58.62	3
58.64	1
58.66	4
58.68	2
58.7	1
58.72	3
58.74	1
58.76	3
58.78	1
58.8	2
58.82	2
58.84	1
58.86	1
58.88	1
58.9	3
58.92	0
58.94	2
58.96	3
58.98	0
59	3
59.02	5
59.04	2
59.06	2
59.08	0
59.1	2
59.12	0
59.14	3
59.16	1
59.18	2
59.2	1
59.22	1
59.24	0
59.26	3
59.28	5
59.3	2
59.32	1
59.34	0
59.36	0
59.38	3
59.4	1
59.42	1
59.44	4
59.46	1
59.48	1
59.5	0
59.52	3
59.54	0
59.56	1
59.58	0
59.6	0
59.62	2
59.64	1
59.66	2
59.68	1
59.7	2
59.72	1
59.74	2
59.76	2
59.78	0
59.8	0
59.82	0
59.84	3
59.86	1
59.88	3
59.9	1
59.92	0
59.94	0
59.96	1
59.98	1
60	1
60.02	0
60.04	2
60.06	2
60.08	1
60.1	0
60.12	2
60.14	0
60.16	0
60.18	0
60.2	1
60.22	1
60.24	1
60.26	1
60.28	0
60.3	2
60.32	1
60.34	1
60.36	0
60.38	2
60.4	3
60.42	3
60.44	0
60.46	0
60.48	0
60.5	1
60.52	0
60.54	1
60.56	2
60.58	2
60.6	2
60.62	2
60.64	1
60.66	0
60.68	1
60.7	0
60.72	2
60.74	2
60.76	3
60.78	2
60.8	0
60.82	1
60.84	0
60.86	2
60.88	1
60.9	4
60.92	4
60.94	3
60.96	1
60.98	2
61	1
61.02	0
61.04	1
61.06	1
61.08	1
61.1	1
61.12	0
61.14	1
61.16	0
61.18	0
61.2	1
61.22	0
61.24	0
61.26	0
61.28	1
61.3	0
61.32	3
61.34	1
61.36	1
61.38	1
61.4	0
61.42	0
61.44	0
61.46	0
61.48	1
61.5	1
61.52	0
61.54	1
61.56	1
61.58	1
61.6	0
61.62	1
61.64	1
61.66	0
61.68	2
61.7	0
61.72	1
61.74	0
61.76	1
61.78	2
61.8	2
61.82	1
61.84	0
61.86	3
61.88	1
61.9	1
61.92	2
61.94	1
61.96	1
61.98	2
62	1
62.02	2
62.04	1
62.06	0
62.08	3
62.1	0
62.12	0
62.14	1
62.16	4
62.18	0
62.2	2
62.22	0
62.24	0
62.26	1
62.28	2
62.3	0
62.32	1
62.34	1
62.36	1
62.38	0
62.4	2
62.42	3
62.44	0
62.46	1
62.48	1
62.5	2
62.52	1
62.54	0
62.56	0
62.58	2
62.6	0
62.62	1
62.64	3
62.66	0
62.68	0
62.7	2
62.72	2
62.74	2
62.76	2
62.78	2
62.8	0
62.82	0
62.84	0
62.86	2
62.88	1
62.9	2
62.92	1
62.94	1
62.96	0
62.98	1
63	0
63.02	0
63.04	1
63.06	1
63.08	1
63.1	1
63.12	1
63.14	1
63.16	2
63.18	2
63.2	0
63.22	0
63.24	1
63.26	1
63.28	0
63.3	0
63.32	0
63.34	1
63.36	0
63.38	2
63.4	0
63.42	1
63.44	1
63.46	1
63.48	1
63.5	2
63.52	1
63.54	2
63.56	1
63.58	1
63.6	0
63.62	1
63.64	2
63.66	0
63.68	3
63.7	0
63.72	0
63.74	0
63.76	0
63.78	1
63.8	0
63.82	1
63.84	0
63.86	1
63.88	0
63.9	0
63.92	0
63.94	1
63.96	2
63.98	1
64	1
64.02	2
64.04	1
64.06	0
64.08	0
64.1	0
64.12	2
64.14	1
64.16	4
64.18	0
64.2	0
64.22	3
64.24	1
64.26	1
64.28	0
64.3	1
64.32	1
64.34	1
64.36	1
64.38	1
64.4	0
64.42	1
64.44	1
64.46	0
64.48	2
64.5	0
64.52	1
64.54	1
64.56	2
64.58	2
64.6	2
64.62	0
64.64	1
64.66	1
64.68	2
64.7	1
64.72	3
64.74	3
64.76	2
64.78	4
64.8	2
64.82	0
64.84	0
64.86	1
64.88	0
64.9	0
64.92	2
64.94	0
64.96	2
64.98	1
65	1
65.02	0
65.04	0
65.06	3
65.08	1
65.1	1
65.12	0
65.14	0
65.16	0
65.18	1
65.2	2
65.22	3
65.24	2
65.26	2
65.28	0
65.3	1
65.32	1
65.34	0
65.36	0
65.38	0
65.4	0
65.42	2
65.44	0
65.46	2
65.48	1
65.5	0
65.52	0
65.54	0
65.56	0
65.58	3
65.6	1
65.62	2
65.64	2
65.66	1
65.68	3
65.7	1
65.72	1
65.74	3
65.76	0
65.78	4
65.8	1
65.82	3
65.84	0
65.86	4
65.88	1
65.9	1
65.92	1
65.94	1
65.96	2
65.98	2
66	2
66.02	1
66.04	3
66.06	1
66.08	1
66.1	2
66.12	2
66.14	1
66.16	0
66.18	1
66.2	2
66.22	0
66.24	1
66.26	1
66.28	3
66.3	1
66.32	0
66.34	1
66.36	3
66.38	3
66.4	2
66.42	3
66.44	2
66.46	3
66.48	1
66.5	2
66.52	1
66.54	1
66.56	2
66.58	3
66.6	1
66.62	1
66.64	1
66.66	0
66.68	3
66.7	1
66.72	3
66.74	2
66.76	3
66.78	3
66.8	4
66.82	0
66.84	1
66.86	1
66.88	3
66.9	0
66.92	4
66.94	3
66.96	4
66.98	1
67	1
67.02	3
67.04	1
67.06	2
67.08	2
67.1	1
67.12	1
67.14	2
67.16	1
67.18	0
67.2	3
67.22	8
67.24	7
67.26	7
67.28	3
67.3	2
67.32	2
67.34	2
67.36	2
67.38	0
67.4	4
67.42	3
67.44	3
67.46	2
67.48	5
67.5	1
67.52	3
67.54	7
67.56	3
67.58	1
67.6	5
67.62	4
67.64	0
67.66	3
67.68	2
67.7	3
67.72	1
67.74	6
67.76	2
67.78	6
67.8	1
67.82	4
67.84	2
67.86	3
67.88	5
67.9	7
67.92	6
67.94	6
67.96	4
67.98	6
68	3
68.02	7
68.04	5
68.06	8
68.08	4
68.1	6
68.12	5
68.14	11
68.16	7
68.18	2
68.2	4
68.22	4
68.24	13
68.26	7
68.28	7
68.3	11
68.32	5
68.34	10
68.36	5
68.38	11
68.4	8
68.42	11
68.44	13
68.46	9
68.48	18
68.5	21
68.52	31
68.54	31
68.56	45
68.58	68
68.6	196
68.62	680
68.64	1692
68.66	3803
68.68	7260
68.7	8838
68.72	7704
68.74	4438
68.76	2000
68.78	914
68.8	509
68.82	262
68.84	144
68.86	77
68.88	47
68.9	32
68.92	25
68.94	14
68.96	9
68.98	10
69	10
69.02	7
69.04	8
69.06	5
69.08	17
69.1	7
69.12	13
69.14	12
69.16	10
69.18	4
69.2	7
69.22	4
69.24	7
69.26	5
69.28	10
69.3	4
69.32	6
69.34	4
69.36	6
69.38	6
69.4	7
69.42	6
69.44	8
69.46	3
69.48	8
69.5	5
69.52	5
69.54	3
69.56	6
69.58	6
69.6	3
69.62	4
69.64	3
69.66	3
69.68	3
69.7	2
69.72	6
69.74	6
69.76	8
69.78	4
69.8	7
69.82	7
69.84	3
69.86	4
69.88	2
69.9	3
69.92	6
69.94	0
69.96	1
69.98	2
70	3
70.02	2
70.04	3
70.06	4
70.08	1
70.1	2
70.12	3
70.14	9
70.16	2
70.18	2
70.2	4
70.22	3
70.24	4
70.26	2
70.28	2
70.3	5
70.32	0
70.34	6
70.36	2
70.38	1
70.4	1
70.42	1
70.44	5
70.46	1
70.48	3
70.5	2
70.52	2
70.54	6
70.56	5
70.58	2
70.6	6
70.62	3
70.64	1
70.66	1
70.68	2
70.7	3
70.72	0
70.74	1
70.76	1
70.78	3
70.8	3
70.82	1
70.84	2
70.86	1
70.88	4
70.9	4
70.92	4
70.94	2
70.96	2
70.98	6
71	1
71.02	2
71.04	2
71.06	3
71.08	4
71.1	0
71.12	2
71.14	2
71.16	0
71.18	2
71.2	2
71.22	5
71.24	3
71.26	1
71.28	3
71.3	3
71.32	2
71.34	1
71.36	2
71.38	2
71.4	4
71.42	3
71.44	1
71.46	3
71.48	1
71.5	2
71.52	2
71.54	2
71.56	0
71.58	1
71.6	2
71.62	2
71.64	1
71.66	2
71.68	1
71.7	1
71.72	1
71.74	0
71.76	1
71.78	1
71.8	0
71.82	0
71.84	0
71.86	3
71.88	1
71.9	1
71.92	1
71.94	2
71.96	1
71.98	2
72	4
72.02	1
72.04	1
72.06	0
72.08	2
72.1	3
72.12	2
72.14	0
72.16	1
72.18	1
72.2	2
72.22	1
72.24	2
72.26	0
72.28	1
72.3	0
72.32	1
72.34	4
72.36	0
72.38	0
72.4	0
72.42	1
72.44	0
72.46	2
72.48	1
72.5	0
72.52	0
72.54	2
72.56	1
72.58	1
72.6	2
72.62	1
72.64	1
72.66	1
72.68	2
72.7	2
72.72	0
72.74	0
72.76	1
72.78	1
72.8	1
72.82	5
72.84	2
72.86	0
72.88	0
72.9	2
72.92	2
72.94	1
72.96	2
72.98	1
73	3
73.02	3
73.04	1
73.06	1
73.08	0
73.1	1
73.12	2
73.14	2
73.16	1
73.18	0
73.2	0
73.22	2
73.24	0
73.26	1
73.28	0
73.3	0
73.32	2
73.34	2
73.36	2
73.38	2
73.4	2
73.42	2
73.44	2
73.46	2
73.48	1
73.5	0
73.52	1
73.54	1
73.56	1
73.58	2
73.6	2
73.62	3
73.64	2
73.66	1
73.68	1
73.7	0
73.72	2
73.74	2
73.76	0
73.78	1
73.8	1
73.82	2
73.84	0
73.86	2
73.88	0
73.9	2
73.92	2
73.94	1
73.96	1
73.98	1
74	0
74.02	3
74.04	0
74.06	0
74.08	3
74.1	1
74.12	0
74.14	1
74.16	2
74.18	0
74.2	1
74.22	1
74.24	3
74.26	1
74.28	2
74.3	2
74.32	0
74.34	0
74.36	0
74.38	0
74.4	0
74.42	0
74.44	0
74.46	0
74.48	0
74.5	0
74.52	1
74.54	0
74.56	1
74.58	0
74.6	0
74.62	1
74.64	0
74.66	0
74.68	2
74.7	1
74.72	1
74.74	0
74.76	3
74.78	0
74.8	4
74.82	0
74.84	1
74.86	2
74.88	0
74.9	1
74.92	1
74.94	0
74.96	2
74.98	0
75	0
75.02	2
75.04	1
75.06	3
75.08	1
75.1	1
75.12	1
75.14	1
75.16	0
75.18	0
75.2	1
75.22	3
75.24	0
75.26	0
75.28	3
75.3	0
75.32	0
75.34	0
75.36	0
75.38	2
75.4	0
75.42	0
75.44	1
75.46	1
75.48	1
75.5	0
75.52	0
75.54	0
75.56	1
75.58	2
75.6	1
75.62	3
75.64	3
75.66	2
75.68	0
75.7	0
75.72	1
75.74	1
75.76	1
75.78	1
75.8	0
75.82	0
75.84	0
75.86	0
75.88	0
75.9	0
75.92	1
75.94	2
75.96	0
75.98	0
76	0
76.02	1
76.04	0
76.06	1
76.08	1
76.1	0
76.12	2
76.14	1
76.16	0
76.18	1
76.2	0
76.22	1
76.24	2
76.26	2
76.28	0
76.3	3
76.32	0
76.34	2
76.36	2
76.38	1
76.4	0
76.42	0
76.44	1
76.46	2
76.48	0
76.5	0
76.52	1
76.54	2
76.56	1
76.58	0
76.6	0
76.62	2
76.64	1
76.66	1
76.68	1
76.7	1
76.72	0
76.74	2
76.76	1
76.78	3
76.8	0
76.82	0
76.84	1
76.86	1
76.88	0
76.9	0
76.92	0
76.94	2
76.96	1
76.98	0
77	0
77.02	2
77.04	0
77.06	0
77.08	2
77.1	3
77.12	2
77.14	1
77.16	1
77.18	0
77.2	0
77.22	0
77.24	3
77.26	0
77.28	0
77.3	3
77.32	0
77.34	1
77.36	0
77.38	0
77.4	1
77.42	0
77.44	0
77.46	1
77.48	0
77.5	1
77.52	1
77.54	0
77.56	0
77.58	0
77.6	3
77.62	1
77.64	2
77.66	3
77.68	1
77.7	3
77.72	0
77.74	1
77.76	0
77.78	1
77.8	1
77.82	2
77.84	1
77.86	0
77.88	0
77.9	2
77.92	1
77.94	0
77.96	0
77.98	1
78	1
78.02	1
78.04	2
78.06	0
78.08	0
78.1	0
78.12	2
78.14	0
78.16	0
78.18	0
78.2	1
78.22	1
78.24	1
78.26	1
78.28	0
78.3	0
78.32	1
78.34	2
78.36	2
78.38	0
78.4	0
78.42	2
78.44	0
78.46	1
78.48	1
78.5	1
78.52	3
78.54	1
78.56	0
78.58	0
78.6	0
78.62	1
78.64	1
78.66	1
78.68	0
78.7	1
78.72	0
78.74	2
78.76	2
78.78	1
78.8	0
78.82	2
78.84	0
78.86	1
78.88	0
78.9	0
78.92	1
78.94	1
78.96	0
78.98	1
79	0
79.02	2
79.04	2
79.06	3
79.08	2
79.1	2
79.12	1
79.14	1
79.16	1
79.18	1
79.2	1
79.22	1
79.24	1
79.26	1
79.28	0
79.3	1
79.32	0
79.34	0
79.36	0
79.38	2
79.4	0
79.42	0
79.44	2
79.46	2
79.48	0
79.5	0
79.52	1
79.54	0
79.56	2
79.58	2
79.6	1
79.62	0
79.64	0
79.66	0
79.68	0
79.7	2
79.72	0
79.74	1
79.76	1
79.78	1
79.8	2
79.82	3
79.84	0
79.86	2
79.88	0
79.9	0
79.92	1
79.94	0
79.96	4
79.98	0
80	0
80.02	1
80.04	2
80.06	1
80.08	1
80.1	2
80.12	1
80.14	1
80.16	0
80.18	1
80.2	4
80.22	7
80.24	17
80.26	37
80.28	87
80.3	158
80.32	244
80.34	267
80.36	194
80.38	104
80.4	56
80.42	37
80.44	22
80.46	21
80.48	13
80.5	8
80.52	0
80.54	2
80.56	1
80.58	2
80.6	0
80.62	1
80.64	2
80.66	0
80.68	0
80.7	0
80.72	0
80.74	0
80.76	3
80.78	1
80.8	3
80.82	0
80.84	1
80.86	0
80.88	1
80.9	2
80.92	0
80.94	0
80.96	1
80.98	2
81	0
81.02	0
81.04	2
81.06	1
81.08	2
81.1	2
81.12	0
81.14	1
81.16	0
81.18	1
81.2	0
81.22	2
81.24	0
81.26	0
81.28	2
81.3	1
81.32	0
81.34	1
81.36	2
81.38	1
81.4	0
81.42	1
81.44	0
81.46	1
81.48	0
81.5	0
81.52	0
81.54	1
81.56	1
81.58	1
81.6	2
81.62	2
81.64	0
81.66	0
81.68	4
81.7	1
81.72	1
81.74	2
81.76	0
81.78	0
81.8	1
81.82	1
81.84	1
81.86	1
81.88	1
81.9	0
81.92	0
81.94	0
81.96	3
81.98	0
82	0
82.02	0
82.04	0
82.06	1
82.08	2
82.1	0
82.12	2
82.14	0
82.16	0
82.18	0
82.2	1
82.22	2
82.24	2
82.26	0
82.28	1
82.3	0
82.32	0
82.34	1
82.36	2
82.38	0
82.4	1
82.42	0
82.44	2
82.46	0
82.48	1
82.5	1
82.52	0
82.54	0
82.56	0
82.58	0
82.6	1
82.62	2
82.64	0
82.66	0
82.68	0
82.7	1
82.72	1
82.74	0
82.76	0
82.78	1
82.8	1
82.82	1
82.84	0
82.86	1
82.88	1
82.9	1
82.92	0
82.94	2
82.96	0
82.98	0
83	1
83.02	0
83.04	0
83.06	2
83.08	0
83.1	1
83.12	0
83.14	3
83.16	3
83.18	0
83.2	1
83.22	0
83.24	0
83.26	1
83.28	1
83.3	0
83.32	3
83.34	0
83.36	0
83.38	0
83.4	1
83.42	1
83.44	0
83.46	0
83.48	0
83.5	2
83.52	0
83.54	0
83.56	1
83.58	0
83.6	0
83.62	0
83.64	0
83.66	1
83.68	0
83.7	1
83.72	0
83.74	0
83.76	2
83.78	0
83.8	0
83.82	0
83.84	2
83.86	1
83.88	1
83.9	3
83.92	0
83.94	0
83.96	0
83.98	0
84	1
84.02	0
84.04	1
84.06	4
84.08	0
84.1	1
84.12	0
84.14	1
84.16	0
84.18	0
84.2	0
84.22	0
84.24	3
84.26	0
84.28	1
84.3	2
84.32	0
84.34	0
84.36	2
84.38	1
84.4	0
84.42	0
84.44	0
84.46	0
84.48	0
84.5	1
84.52	1
84.54	0
84.56	0
84.58	0
84.6	1
84.62	1
84.64	0
84.66	1
84.68	0
84.7	0
84.72	0
84.74	0
84.76	1
84.78	0
84.8	1
84.82	2
84.84	3
84.86	0
84.88	1
84.9	2
84.92	1
84.94	0
84.96	0
84.98	2
85	0
85.02	0
85.04	0
85.06	1
85.08	1
85.1	1
85.12	0
85.14	1
85.16	2
85.18	0
85.2	0
85.22	0
85.24	0
85.26	1
85.28	0
85.3	1
85.32	1
85.34	2
85.36	1
85.38	0
85.4	0
85.42	0
85.44	0
85.46	0
85.48	0
85.5	2
85.52	0
85.54	0
85.56	0
85.58	2
85.6	0
85.62	1
85.64	1
85.66	0
85.68	0
85.7	1
85.72	2
85.74	3
85.76	0
85.78	1
85.8	2
85.82	0
85.84	1
85.86	1
85.88	2
85.9	2
85.92	1
85.94	0
85.96	0
85.98	0
86	0
86.02	0
86.04	0
86.06	0
86.08	0
86.1	0
86.12	1
86.14	1
86.16	0
86.18	2
86.2	1
86.22	3
86.24	0
86.26	1
86.28	3
86.3	1
86.32	1
86.34	1
86.36	1
86.38	3
86.4	2
86.42	0
86.44	2
86.46	1
86.48	1
86.5	1
86.52	0
86.54	0
86.56	1
86.58	0
86.6	2
86.62	1
86.64	0
86.66	3
86.68	0
86.7	2
86.72	1
86.74	1
86.76	0
86.78	1
86.8	3
86.82	1
86.84	2
86.86	0
86.88	0
86.9	0
86.92	0
86.94	0
86.96	1
86.98	0
87	0
87.02	1
87.04	0
87.06	1
87.08	2
87.1	0
87.12	0
87.14	2
87.16	2
87.18	1
87.2	1
87.22	1
87.24	1
87.26	0
87.28	1
87.3	0
87.32	1
87.34	0
87.36	0
87.38	1
87.4	1
87.42	0
87.44	0
87.46	0
87.48	2
87.5	2
87.52	2
87.54	1
87.56	0
87.58	0
87.6	2
87.62	1
87.64	0
87.66	1
87.68	0
87.7	0
87.72	0
87.74	0
87.76	1
87.78	0
87.8	0
87.82	1
87.84	0
87.86	0
87.88	2
87.9	0
87.92	0
87.94	2
87.96	1
87.98	0
88	2
88.02	0
88.04	0
88.06	2
88.08	0
88.1	0
88.12	1
88.14	0
88.16	2
88.18	0
88.2	0
88.22	0
88.24	1
88.26	1
88.28	1
88.3	0
88.32	1
88.34	0
88.36	2
88.38	0
88.4	0
88.42	2
88.44	1
88.46	0
88.48	0
88.5	0
88.52	0
88.54	0
88.56	0
88.58	1
88.6	2
88.62	1
88.64	2
88.66	0
88.68	0
88.7	1
88.72	0
88.74	1
88.76	0
88.78	0
88.8	0
88.82	0
88.84	1
88.86	0
88.88	0
88.9	2
88.92	0
88.94	0
88.96	0
88.98	2
89	1
89.02	1
89.04	1
89.06	0
89.08	1
89.1	1
89.12	0
89.14	0
89.16	0
89.18	0
89.2	0
89.22	1
89.24	2
89.26	1
89.28	0
89.3	1
89.32	1
89.34	0
89.36	0
89.38	1
89.4	0
89.42	1
89.44	1
89.46	1
89.48	1
89.5	0
89.52	0
89.54	2
89.56	1
89.58	0
89.6	0
89.62	0
89.64	0
89.66	0
89.68	1
89.7	1
89.72	0
89.74	0
89.76	0
89.78	0
89.8	2
89.82	0
89.84	1
89.86	0
89.88	0
89.9	0
89.92	1
89.94	1
89.96	0
89.98	2
90	0
90.02	0
90.04	0
90.06	1
90.08	0
90.1	0
90.12	1
90.14	0
90.16	0
90.18	0
90.2	1
90.22	4
90.24	2
90.26	0
90.28	0
90.3	1
90.32	0
90.34	0
90.36	0
90.38	1
90.4	0
90.42	0
90.44	0
90.46	1
90.48	2
90.5	0
90.52	2
90.54	2
90.56	0
90.58	1
90.6	0
90.62	3
90.64	3
90.66	0
90.68	0
90.7	0
90.72	2
90.74	1
90.76	0
90.78	0
90.8	2
90.82	2
90.84	1
90.86	0
90.88	0
90.9	1
90.92	1
90.94	0
90.96	0
90.98	0
91	1
91.02	1
91.04	0
91.06	0
91.08	0
91.1	0
91.12	2
91.14	0
91.16	1
91.18	1
91.2	0
91.22	2
91.24	0
91.26	0
91.28	1
91.3	0
91.32	0
91.34	0
91.36	2
91.38	0
91.4	2
91.42	1
91.44	2
91.46	0
91.48	1
91.5	0
91.52	0
91.54	1
91.56	0
91.58	0
91.6	0
91.62	1
91.64	1
91.66	1
91.68	1
91.7	1
91.72	1
91.74	2
91.76	1
91.78	1
91.8	3
91.82	1
91.84	0
91.86	1
91.88	1
91.9	1
91.92	1
91.94	0
91.96	2
91.98	2
92	1
92.02	1
92.04	1
92.06	1
92.08	2
92.1	0
92.12	3
92.14	0
92.16	0
92.18	1
92.2	3
92.22	1
92.24	2
92.26	0
92.28	2
92.3	1
92.32	0
92.34	2
92.36	2
92.38	1
92.4	1
92.42	5
92.44	2
92.46	2
92.48	1
92.5	1
92.52	2
92.54	1
92.56	0
92.58	3
92.6	0
92.62	2
92.64	3
92.66	2
92.68	4
92.7	1
92.72	2
92.74	3
92.76	3
92.78	1
92.8	4
92.82	1
92.84	5
92.86	6
92.88	2
92.9	3
92.92	17
92.94	28
92.96	54
92.98	162
93	333
93.02	626
93.04	1036
93.06	1323
93.08	1344
93.1	945
93.12	532
93.14	284
93.16	184
93.18	156
93.2	106
93.22	58
93.24	33
93.26	32
93.28	28
93.3	22
93.32	14
93.34	8
93.36	10
93.38	1
93.4	0
93.42	2
93.44	1
93.46	0
93.48	2
93.5	1
93.52	4
93.54	1
93.56	2
93.58	1
93.6	0
93.62	2
93.64	2
93.66	1
93.68	1
93.7	1
93.72	2
93.74	1
93.76	4
93.78	0
93.8	0
93.82	1
93.84	1
93.86	3
93.88	2
93.9	1
93.92	2
93.94	0
93.96	1
93.98	1
94	3
94.02	0
94.04	0
94.06	1
94.08	2
94.1	2
94.12	1
94.14	4
94.16	0
94.18	3
94.2	0
94.22	1
94.24	1
94.26	3
94.28	0
94.3	1
94.32	1
94.34	2
94.36	1
94.38	2
94.4	0
94.42	0
94.44	1
94.46	1
94.48	2
94.5	1
94.52	3
94.54	0
94.56	2
94.58	1
94.6	2
94.62	1
94.64	1
94.66	3
94.68	1
94.7	1
94.72	2
94.74	1
94.76	1
94.78	1
94.8	0
94.82	1
94.84	2
94.86	1
94.88	0
94.9	2
94.92	1
94.94	2
94.96	1
94.98	0
95	1