 47.5472	84
 47.5474	82
 47.5476	70
 47.5478	66
 47.5480	82
 47.5482	76
 47.5484	92
 47.5486	101
 47.5488	86
 47.5490	82
 47.5492	69
 47.5494	94
 47.5496	86
 47.5498	87
 47.5500	95
 47.5502	109
 47.5504	104
 47.5506	101
 47.5508	103
 47.5510	98
 47.5512	94
 47.5514	104
 47.5516	105
 47.5518	102
 47.5520	94
 47.5522	109
 47.5524	112
 47.5526	104
 47.5528	92
 47.5530	108
 47.5532	122
 47.5534	105
 47.5536	118
 47.5538	117
 47.5540	92
 47.5542	120
 47.5544	114
 47.5546	113
 47.5548	119
 47.5550	106
 47.5552	110
 47.5554	132
 47.5556	114
 47.5558	126
 47.5560	124
 47.5562	122
 47.5564	129
 47.5566	137
 47.5568	131
 47.5570	134
 47.5572	126
 47.5574	134
 47.5576	138
 47.5578	140
 47.5580	134
 47.5582	144
 47.5584	156
 47.5586	141
 47.5588	160
 47.5590	143
 47.5592	149
 47.5594	147
 47.5596	146
 47.5598	152
 47.5600	153
 47.5602	145
 47.5604	151
 47.5606	156
 47.5608	170
 47.5610	165
 47.5612	168
 47.5614	156
 47.5616	165
 47.5618	177
 47.5620	184
 47.5622	182
 47.5624	176
 47.5626	171
 47.5628	169
 47.5630	180
 47.5632	173
 47.5634	174
 47.5636	184
 47.5638	169
 47.5640	232
 47.5642	191
 47.5644	195
 47.5646	233
 47.5648	215
 47.5650	222
 47.5652	207
 47.5654	195
 47.5656	200
 47.5658	224
 47.5660	230
 47.5662	222
 47.5664	208
 47.5666	233
 47.5668	219
 47.5670	247
 47.5672	255
 47.5674	231
 47.5676	245
 47.5678	242
 47.5680	231
 47.5682	261
 47.5684	258
 47.5686	289
 47.5688	283
 47.5690	268
 47.5692	251
 47.5694	275
 47.5696	298
 47.5698	269
 47.5700	267
 47.5702	296
 47.5704	287
 47.5706	292
 47.5708	324
 47.5710	288
 47.5712	326
 47.5714	322
 47.5716	354
 47.5718	323
 47.5720	365
 47.5722	305
 47.5724	346
 47.5726	384
 47.5728	377
 47.5730	370
 47.5732	385
 47.5734	368
 47.5736	357
 47.5738	410
 47.5740	388
 47.5742	443
 47.5744	393
 47.5746	427
 47.5748	444
 47.5750	459
 47.5752	463
 47.5754	450
 47.5756	499
 47.5758	511
 47.5760	487
 47.5762	540
 47.5764	474
 47.5766	501
 47.5768	487
 47.5770	499
 47.5772	576
 47.5774	561
 47.5776	551
 47.5778	544
 47.5780	582
 47.5782	623
 47.5784	638
 47.5786	628
 47.5788	651
 47.5790	687
 47.5792	692
 47.5794	735
 47.5796	703
 47.5798	721
 47.5800	809
 47.5802	817
 47.5804	750
 47.5806	780
 47.5808	810
 47.5810	941
 47.5812	929
 47.5814	967
 47.5816	998
 47.5818	1049
 47.5820	1022
 47.5822	1086
 47.5824	1106
 47.5826	1211
 47.5828	1203
 47.5830	1292
 47.5832	1309
 47.5834	1391
 47.5836	1388
 47.5838	1524
 47.5840	1497
 47.5842	1597
 47.5844	1598
 47.5846	1708
 47.5848	1817
 47.5850	1903
 47.5852	2074
 47.5854	1991
 47.5856	2259
 47.5858	2309
 47.5860	2381
 47.5862	2471
 47.5864	2702
 47.5866	2896
 47.5868	3016
 47.5870	3262
 47.5872	3418
 47.5874	3559
 47.5876	3778
 47.5878	4003
 47.5880	4352
 47.5882	4509
 47.5884	4938
 47.5886	5086
 47.5888	5666
 47.5890	5938
 47.5892	6453
 47.5894	6494
 47.5896	7175
 47.5898	7705
 47.5900	8425
 47.5902	8909
 47.5904	9583
 47.5906	10307
 47.5908	11041
 47.5910	11920
 47.5912	12454
 47.5914	13326
 47.5916	14344
 47.5918	15311
 47.5920	16237
 47.5922	17393
 47.5924	18215
 47.5926	19152
 47.5928	20506
 47.5930	21638
 47.5932	22558
 47.5934	23688
 47.5936	25252
 47.5938	25422
 47.5940	26562
 47.5942	27791
 47.5944	28548
 47.5946	29320
 47.5948	30600
 47.5950	31175
 47.5952	31361
 47.5954	32199
 47.5956	32753
 47.5958	33326
 47.5960	33505
 47.5962	33257
 47.5964	33398
 47.5966	32990
 47.5968	33012
 47.5970	32719
 47.5972	32639
 47.5974	31919
 47.5976	31560
 47.5978	30723
 47.5980	30126
 47.5982	29277
 47.5984	28392
 47.5986	27528
 47.5988	26679
 47.5990	25148
 47.5992	24526
 47.5994	23554
 47.5996	22513
 47.5998	21521
 47.6000	20423
 47.6002	19386
 47.6004	18436
 47.6006	17519
 47.6008	16430
 47.6010	15211
 47.6012	14525
 47.6014	13901
 47.6016	12980
 47.6018	12118
 47.6020	11470
 47.6022	10771
 47.6024	9974
 47.6026	9464
 47.6028	8584
 47.6030	7898
 47.6032	7714
 47.6034	7122
 47.6036	6671
 47.6038	6228
 47.6040	5814
 47.6042	5303
 47.6044	5133
 47.6046	4725
 47.6048	4603
 47.6050	4234
 47.6052	3838
 47.6054	3618
 47.6056	3438
 47.6058	3215
 47.6060	3040
 47.6062	2962
 47.6064	2645
 47.6066	2561
 47.6068	2430
 47.6070	2280
 47.6072	2255
 47.6074	2164
 47.6076	1917
 47.6078	1917
 47.6080	1783
 47.6082	1696
 47.6084	1654
 47.6086	1614
 47.6088	1578
 47.6090	1467
 47.6092	1340
 47.6094	1374
 47.6096	1299
 47.6098	1224
 47.6100	1185
 47.6102	1215
 47.6104	1114
 47.6106	1104
 47.6108	1018
 47.6110	1019
 47.6112	978
 47.6114	1003
 47.6116	840
 47.6118	903
 47.6120	815
 47.6122	820
 47.6124	851
 47.6126	755
 47.6128	747
 47.6130	736
 47.6132	739
 47.6134	704
 47.6136	697
 47.6138	662
 47.6140	668
 47.6142	608
 47.6144	595
 47.6146	579
 47.6148	552
 47.6150	564
 47.6152	574
 47.6154	541
 47.6156	556
 47.6158	516
 47.6160	516
 47.6162	501
 47.6164	508
 47.6166	466
 47.6168	449
 47.6170	450
 47.6172	458
 47.6174	470
 47.6176	404
 47.6178	450
 47.6180	438
 47.6182	390
 47.6184	393
 47.6186	365
 47.6188	331
 47.6190	360
 47.6192	354
 47.6194	364
 47.6196	360
 47.6198	322
 47.6200	352
 47.6202	384
 47.6204	312
 47.6206	344
 47.6208	336
 47.6210	340
 47.6212	321
 47.6214	341
 47.6216	323
 47.6218	304
 47.6220	269
 47.6222	269
 47.6224	285
 47.6226	287
 47.6228	271
 47.6230	261
 47.6232	274
 47.6234	257
 47.6236	272
 47.6238	258
 47.6240	271
 47.6242	237
 47.6244	264
 47.6246	260
 47.6248	241
 47.6250	225
 47.6252	228
 47.6254	204
 47.6256	225
 47.6258	218
 47.6260	243
 47.6262	226
 47.6264	216
 47.6266	226
 47.6268	202
 47.6270	214
 47.6272	231
 47.6274	183
 47.6276	204
 47.6278	196
 47.6280	183
 47.6282	207
 47.6284	172
 47.6286	202
 47.6288	213
 47.6290	179
 47.6292	197
 47.6294	172
 47.6296	160
 47.6298	179
 47.6300	166
 47.6302	168
 47.6304	164
 47.6306	151
 47.6308	140
 47.6310	174
 47.6312	153
 47.6314	142
 47.6316	151
 47.6318	123
 47.6320	142
 47.6322	140
 47.6324	150
 47.6326	165
 47.6328	161
 47.6330	161
 47.6332	157
 47.6334	149
 47.6336	112
 47.6338	129
 47.6340	131
 47.6342	114
 47.6344	122
 47.6346	135
 47.6348	121
 47.6350	138
 47.6352	148
 47.6354	145
 47.6356	114
 47.6358	127
 47.6360	107
 47.6362	116
 47.6364	102
 47.6366	115
 47.6368	101
 47.6370	123
 47.6372	124
 47.6374	116
 47.6376	99
 47.6378	105
 47.6380	110
 47.6382	90
 47.6384	95
 47.6386	93
 47.6388	104
 47.6390	97
 47.6392	79
 47.6394	100
 47.6396	90
 47.6398	108
 47.6400	103
 47.6402	106
 47.6404	99
 47.6406	120
 47.6408	105
 47.6410	78
 47.6412	78
 47.6414	89
 47.6416	92
 47.6418	86
 47.6420	89
 47.6422	83
 47.6424	78
 47.6426	80
 47.6428	81
 47.6430	75
 47.6432	81
 47.6434	80
 47.6436	73
 47.6438	77
 47.6440	80
 47.6442	79
 47.6444	77
 47.6446	64
 47.6448	72
 47.6450	70
 47.6452	72
 47.6454	66
 47.6456	78
 47.6458	82
 47.6460	73
 47.6462	65
 47.6464	78
 47.6466	64
 47.6468	68
