 53.4682	37
 53.4684	39
 53.4686	43
 53.4688	34
 53.4690	47
 53.4692	36
 53.4694	38
 53.4696	44
 53.4698	43
 53.4700	40
 53.4702	53
 53.4704	47
 53.4706	52
 53.4708	41
 53.4710	48
 53.4712	46
 53.4714	60
 53.4716	34
 53.4718	52
 53.4720	46
 53.4722	37
 53.4724	36
 53.4726	49
 53.4728	37
 53.4730	48
 53.4732	51
 53.4734	53
 53.4736	58
 53.4738	50
 53.4740	52
 53.4742	56
 53.4744	53
 53.4746	55
 53.4748	42
 53.4750	54
 53.4752	54
 53.4754	56
 53.4756	49
 53.4758	47
 53.4760	48
 53.4762	53
 53.4764	58
 53.4766	51
 53.4768	61
 53.4770	62
 53.4772	51
 53.4774	64
 53.4776	70
 53.4778	53
 53.4780	65
 53.4782	55
 53.4784	80
 53.4786	70
 53.4788	75
 53.4790	71
 53.4792	87
 53.4794	77
 53.4796	82
 53.4798	80
 53.4800	88
 53.4802	75
 53.4804	64
 53.4806	87
 53.4808	92
 53.4810	72
 53.4812	95
 53.4814	97
 53.4816	95
 53.4818	82
 53.4820	89
 53.4822	106
 53.4824	75
 53.4826	91
 53.4828	114
 53.4830	93
 53.4832	100
 53.4834	106
 53.4836	91
 53.4838	96
 53.4840	107
 53.4842	109
 53.4844	92
 53.4846	112
 53.4848	108
 53.4850	112
 53.4852	118
 53.4854	116
 53.4856	119
 53.4858	131
 53.4860	126
 53.4862	123
 53.4864	124
 53.4866	134
 53.4868	121
 53.4870	139
 53.4872	136
 53.4874	145
 53.4876	140
 53.4878	154
 53.4880	128
 53.4882	150
 53.4884	134
 53.4886	130
 53.4888	146
 53.4890	158
 53.4892	172
 53.4894	151
 53.4896	167
 53.4898	189
 53.4900	192
 53.4902	161
 53.4904	189
 53.4906	171
 53.4908	179
 53.4910	163
 53.4912	168
 53.4914	185
 53.4916	183
 53.4918	175
 53.4920	161
 53.4922	190
 53.4924	195
 53.4926	200
 53.4928	204
 53.4930	191
 53.4932	194
 53.4934	203
 53.4936	199
 53.4938	224
 53.4940	213
 53.4942	211
 53.4944	262
 53.4946	225
 53.4948	229
 53.4950	209
 53.4952	253
 53.4954	231
 53.4956	253
 53.4958	240
 53.4960	227
 53.4962	262
 53.4964	252
 53.4966	270
 53.4968	323
 53.4970	252
 53.4972	296
 53.4974	272
 53.4976	273
 53.4978	303
 53.4980	298
 53.4982	259
 53.4984	310
 53.4986	341
 53.4988	314
 53.4990	315
 53.4992	310
 53.4994	372
 53.4996	362
 53.4998	340
 53.5000	333
 53.5002	350
 53.5004	346
 53.5006	356
 53.5008	362
 53.5010	388
 53.5012	391
 53.5014	413
 53.5016	397
 53.5018	406
 53.5020	432
 53.5022	423
 53.5024	419
 53.5026	478
 53.5028	467
 53.5030	457
 53.5032	496
 53.5034	502
 53.5036	485
 53.5038	501
 53.5040	560
 53.5042	557
 53.5044	579
 53.5046	552
 53.5048	591
 53.5050	609
 53.5052	635
 53.5054	630
 53.5056	710
 53.5058	707
 53.5060	699
 53.5062	749
 53.5064	776
 53.5066	782
 53.5068	724
 53.5070	880
 53.5072	809
 53.5074	864
 53.5076	927
 53.5078	962
 53.5080	982
 53.5082	1060
 53.5084	1093
 53.5086	1097
 53.5088	1144
 53.5090	1201
 53.5092	1223
 53.5094	1329
 53.5096	1326
 53.5098	1469
 53.5100	1493
 53.5102	1507
 53.5104	1593
 53.5106	1728
 53.5108	1737
 53.5110	1824
 53.5112	1929
 53.5114	1946
 53.5116	2168
 53.5118	2254
 53.5120	2277
 53.5122	2456
 53.5124	2662
 53.5126	2635
 53.5128	2838
 53.5130	2920
 53.5132	3117
 53.5134	3336
 53.5136	3509
 53.5138	3576
 53.5140	3981
 53.5142	3993
 53.5144	4224
 53.5146	4549
 53.5148	4579
 53.5150	4922
 53.5152	5117
 53.5154	5557
 53.5156	5671
 53.5158	6036
 53.5160	6281
 53.5162	6503
 53.5164	7116
 53.5166	7277
 53.5168	7900
 53.5170	7929
 53.5172	8410
 53.5174	8781
 53.5176	9169
 53.5178	9389
 53.5180	9708
 53.5182	10206
 53.5184	10576
 53.5186	10832
 53.5188	11354
 53.5190	11908
 53.5192	11924
 53.5194	12117
 53.5196	12833
 53.5198	12932
 53.5200	13501
 53.5202	13631
 53.5204	13889
 53.5206	14402
 53.5208	14565
 53.5210	14567
 53.5212	15151
 53.5214	14825
 53.5216	15332
 53.5218	15431
 53.5220	15533
 53.5222	15475
 53.5224	15799
 53.5226	15328
 53.5228	15783
 53.5230	15565
 53.5232	15481
 53.5234	15304
 53.5236	15419
 53.5238	15097
 53.5240	15072
 53.5242	14852
 53.5244	14853
 53.5246	14588
 53.5248	14125
 53.5250	14071
 53.5252	13627
 53.5254	13497
 53.5256	12737
 53.5258	12974
 53.5260	12680
 53.5262	12137
 53.5264	11923
 53.5266	11275
 53.5268	11220
 53.5270	10750
 53.5272	10323
 53.5274	10274
 53.5276	9835
 53.5278	9433
 53.5280	9028
 53.5282	8785
 53.5284	8428
 53.5286	8059
 53.5288	7816
 53.5290	7458
 53.5292	7192
 53.5294	7089
 53.5296	6601
 53.5298	6378
 53.5300	6167
 53.5302	5834
 53.5304	5692
 53.5306	5386
 53.5308	5235
 53.5310	4805
 53.5312	4723
 53.5314	4361
 53.5316	4387
 53.5318	4148
 53.5320	3901
 53.5322	3803
 53.5324	3634
 53.5326	3403
 53.5328	3338
 53.5330	3289
 53.5332	3007
 53.5334	2899
 53.5336	2782
 53.5338	2620
 53.5340	2590
 53.5342	2502
 53.5344	2407
 53.5346	2236
 53.5348	2316
 53.5350	2171
 53.5352	2060
 53.5354	2004
 53.5356	1989
 53.5358	1841
 53.5360	1832
 53.5362	1724
 53.5364	1691
 53.5366	1621
 53.5368	1639
 53.5370	1604
 53.5372	1547
 53.5374	1485
 53.5376	1429
 53.5378	1480
 53.5380	1338
 53.5382	1318
 53.5384	1265
 53.5386	1200
 53.5388	1227
 53.5390	1176
 53.5392	1107
 53.5394	1134
 53.5396	1167
 53.5398	1076
 53.5400	1093
 53.5402	1064
 53.5404	1070
 53.5406	1107
 53.5408	1037
 53.5410	1021
 53.5412	985
 53.5414	998
 53.5416	932
 53.5418	921
 53.5420	946
 53.5422	933
 53.5424	945
 53.5426	961
 53.5428	878
 53.5430	928
 53.5432	915
 53.5434	871
 53.5436	894
 53.5438	890
 53.5440	886
 53.5442	867
 53.5444	821
 53.5446	858
 53.5448	880
 53.5450	870
 53.5452	812
 53.5454	803
 53.5456	803
 53.5458	840
 53.5460	750
 53.5462	759
 53.5464	800
 53.5466	767
 53.5468	743
 53.5470	732
 53.5472	728
 53.5474	706
 53.5476	696
 53.5478	651
 53.5480	611
 53.5482	628
 53.5484	635
 53.5486	600
 53.5488	600
 53.5490	568
 53.5492	529
 53.5494	565
 53.5496	530
 53.5498	508
 53.5500	437
 53.5502	503
 53.5504	464
 53.5506	424
 53.5508	399
 53.5510	439
 53.5512	421
 53.5514	409
 53.5516	379
 53.5518	362
 53.5520	333
 53.5522	366
 53.5524	315
 53.5526	336
 53.5528	324
 53.5530	321
 53.5532	272
 53.5534	314
 53.5536	253
 53.5538	252
 53.5540	274
 53.5542	253
 53.5544	223
 53.5546	216
 53.5548	238
 53.5550	198
 53.5552	222
 53.5554	190
 53.5556	218
 53.5558	180
 53.5560	168
 53.5562	179
 53.5564	189
 53.5566	181
 53.5568	160
 53.5570	163
 53.5572	154
 53.5574	147
 53.5576	163
 53.5578	147
 53.5580	150
 53.5582	146
 53.5584	124
 53.5586	126
 53.5588	142
 53.5590	130
 53.5592	126
 53.5594	119
 53.5596	122
 53.5598	120
 53.5600	105
 53.5602	129
 53.5604	112
 53.5606	110
 53.5608	106
 53.5610	113
 53.5612	113
 53.5614	110
 53.5616	102
 53.5618	88
 53.5620	80
 53.5622	97
 53.5624	88
 53.5626	99
 53.5628	88
 53.5630	100
 53.5632	103
 53.5634	80
 53.5636	83
 53.5638	86
 53.5640	70
 53.5642	96
 53.5644	97
 53.5646	85
 53.5648	80
 53.5650	96
 53.5652	101
 53.5654	92
 53.5656	74
 53.5658	57
 53.5660	80
 53.5662	88
 53.5664	73
 53.5666	81
 53.5668	69
 53.5670	54
 53.5672	70
 53.5674	81
 53.5676	61
 53.5678	67
 53.5680	65
 53.5682	88
 53.5684	79
 53.5686	67
 53.5688	81
 53.5690	54
 53.5692	75
 53.5694	68
 53.5696	52
 53.5698	64
 53.5700	54
 53.5702	41
 53.5704	53
 53.5706	56
 53.5708	59
 53.5710	63
 53.5712	51
 53.5714	50
 53.5716	57
 53.5718	64
 53.5720	61
 53.5722	48
 53.5724	51
 53.5726	40
 53.5728	60
 53.5730	47
 53.5732	62
 53.5734	60
 53.5736	66
 53.5738	63
 53.5740	50
 53.5742	58
 53.5744	71
 53.5746	54
 53.5748	47
 53.5750	55
 53.5752	59
 53.5754	61
 53.5756	38
 53.5758	35
 53.5760	46
 53.5762	44
 53.5764	47
 53.5766	38
 53.5768	38
 53.5770	50
 53.5772	48
 53.5774	53
 53.5776	58
 53.5778	46
