time,abs_time,angle,is_rotating,Freq_363-x,V_363-x_R,V_363-x_theta,V_363-x_X,V_363-x_Y,Harm_363-x,Freq_367-y,V_367-y_R,V_367-y_theta,V_367-y_X,V_367-y_Y,Harm_367-y,Freq_367-x,V_367-x_R,V_367-x_theta,V_367-x_X,V_367-x_Y,Vout_367-x,Harm_367-x,CFMS_1st stage A,CFMS_1st stage B,CFMS_2nd stage A,CFMS_2nd stage B,CFMS_Inner Magnet,CFMS_Outer Magnet,CFMS_Switch,CFMS_He Pot,Tvti,Tsample,sC,H1,H2,SP1,SP2,Magnet_output_field,Magnet_magnet_field,Vti-Pressure,Hanalog
250814.477436,1620399596.529271,267.0031,0,85.78,3.25592e-06,0.618,3.2557306038246545e-06,3.5118110990655926e-08,1,14.1177,5.25641e-06,-173.334,-5.220875136036119e-06,-6.101712071376682e-07,1,14.118,1.71812e-05,-0.012,1.7181199623174118e-05,-3.598422087016388e-09,5.0,1,39.095,48.573,3.436,3.576,4.023,3.72,7.134,3.475,7.21731,7.9991,-40.069,1.2,18.1,7.228,8.0,-0.1707,-0.1707,0.009207495488226414,-0.1753299738752074
250814.619388,1620399596.671223,267.0031,0,85.78,3.25592e-06,0.618,3.2557306038246545e-06,3.5118110990655926e-08,1,14.1177,5.25735e-06,-173.322,-5.221680850023854e-06,-6.113739632942851e-07,1,14.118,1.71812e-05,-0.012,1.7181199623174118e-05,-3.598422087016388e-09,5.0,1,39.099,48.577,3.386,3.662,4.018,3.72,7.067,3.476,7.21791,7.99857,-40.12,1.1,18.2,7.228,8.0,-0.1707,-0.1707,0.008813560009002686,-0.17556230433852152
250815.250187,1620399597.302022,267.0031,0,85.78,3.25964e-06,0.618,3.259450387433044e-06,3.5158234634014866e-08,1,14.1177,5.2648e-06,-173.25,-5.228306812176296e-06,-6.188108901360254e-07,1,14.118,1.7183e-05,-0.012,1.718299962313464e-05,-3.598799078132063e-09,5.0,1,39.097,48.58,3.386,3.662,4.012,3.72,7.067,3.476,7.22511,7.99799,-40.18,1.1,18.2,7.228,8.0,-0.1707,-0.1707,0.008813560009002686,-0.17583564696292542
250815.49011,1620399597.541945,267.0031,0,85.78,3.25964e-06,0.618,3.259450387433044e-06,3.5158234634014866e-08,1,14.1172,5.26619e-06,-173.244,-5.229622329822935e-06,-6.195219152841482e-07,1,14.118,1.7183e-05,-0.012,1.718299962313464e-05,-3.598799078132063e-09,5.0,1,39.097,48.58,3.39,3.662,4.012,3.72,7.067,3.476,7.22577,7.99808,-40.192,1.1,18.2,7.228,8.0,-0.1707,-0.1707,0.008813560009002686,-0.17589031387303197
250815.632065,1620399597.6839,267.0031,0,85.78,3.26151e-06,0.618,3.2613202786555405e-06,3.5178404314950675e-08,1,14.1172,5.26712e-06,-173.238,-5.230480955716106e-06,-6.201790598618483e-07,1,14.118,1.7183e-05,-0.012,1.718299962313464e-05,-3.598799078132063e-09,5.0,1,39.099,48.581,3.455,3.737,4.006,3.72,6.998,3.476,7.22685,7.99813,-40.237,1.1,18.1,7.228,8.0,-0.1707,-0.1707,0.008813560009002686,-0.17609531199431455
250816.193885,1620399598.24572,267.0031,0,85.78,3.26523e-06,0.642,3.265025023520505e-06,3.6586181611704525e-08,1,14.1177,5.27038e-06,-173.202,-5.233327334318838e-06,-6.238512292776904e-07,1,14.118,1.7183e-05,-0.018,1.7182999152052946e-05,-5.398198567866532e-09,5.0,1,39.098,48.581,3.455,3.776,3.999,3.72,6.998,3.476,7.22978,7.99859,-40.281,1.1,18.2,7.228,8.0,-0.1707,-0.1707,0.008419652469456196,-0.17629575802284309
250816.436816,1620399598.488651,267.0031,0,85.78,3.26523e-06,0.612,3.2650437324369617e-06,3.487661357005118e-08,1,14.1177,5.27131e-06,-173.196,-5.234185426308831e-06,-6.245094387727328e-07,1,14.118,1.7183e-05,-0.018,1.7182999152052946e-05,-5.398198567866532e-09,5.0,1,39.098,48.585,3.544,3.776,3.999,3.72,6.998,3.476,7.22989,7.99882,-40.303,1.1,18.1,7.228,8.0,-0.1707,-0.1707,0.008419652469456196,-0.1763959784422444
250816.58777,1620399598.639605,267.0031,0,85.78,3.26709e-06,0.612,3.2669036263318275e-06,3.489648062420673e-08,1,14.1177,5.27271e-06,-173.19,-5.235510121892449e-06,-6.252235661439151e-07,1,14.118,1.7183e-05,-0.018,1.7182999152052946e-05,-5.398198567866532e-09,5.0,1,39.094,48.575,3.572,3.772,3.993,3.72,6.963,3.476,7.23057,7.99915,-40.334,1.1,18.2,7.228,8.0,-0.1707,-0.1707,0.008813560009002686,-0.1765371990738008
250817.163586,1620399599.215421,267.0031,0,85.78,3.26896e-06,0.582,3.26879135379182e-06,3.320492396981331e-08,1,14.1177,5.27597e-06,-173.142,-5.238221173799232e-06,-6.299987105236006e-07,1,14.118,1.7183e-05,-0.024,1.718299849253858e-05,-7.197597998403135e-09,5.0,1,39.095,48.575,3.572,3.681,3.993,3.72,6.925,3.476,7.22347,8.00002,-40.374,1.2,18.1,7.228,8.0,-0.1707,-0.1707,0.009601402096450329,-0.17671940493188143
250817.343527,1620399599.395362,267.0031,0,85.78,3.26896e-06,0.552,3.2688082917697154e-06,3.1493384345827e-08,1,14.1177,5.2769e-06,-173.13,-5.239012434993457e-06,-6.312070310000785e-07,1,14.118,1.7183e-05,-0.024,1.718299849253858e-05,-7.197597998403135e-09,5.0,1,39.095,48.574,3.572,3.681,3.986,3.719,6.925,3.476,7.21995,7.99997,-40.393,1.2,18.2,7.228,8.0,-0.1707,-0.1707,0.008813560009002686,-0.17680595263235682
250817.498476,1620399599.550311,267.0031,0,85.78,3.26896e-06,0.522,3.268824333585279e-06,2.978183608775076e-08,1,14.1177,5.27737e-06,-173.112,-5.2392804846910034e-06,-6.32909250711356e-07,1,14.118,1.7183e-05,-0.03,1.718299764459155e-05,-8.996997350009237e-09,5.0,1,39.095,48.574,3.578,3.58,3.986,3.719,6.888,3.476,7.21968,7.99979,-40.402,1.1,18.2,7.228,8.0,-0.1707,-0.1707,0.00999530591070652,-0.1768469514154249
250817.637434,1620399599.689269,267.0031,0,85.78,3.26896e-06,0.498,3.2688365217978866e-06,2.8412591580067945e-08,1,14.1182,5.2783e-06,-173.094,-5.2400046444637846e-06,-6.346670119030622e-07,1,14.118,1.7183e-05,-0.03,1.718299764459155e-05,-8.996997350009237e-09,5.0,1,39.098,48.573,3.477,3.58,3.979,3.719,6.852,3.476,7.22325,8.0003,-40.44,1.1,18.2,7.228,8.0,-0.1707,-0.1707,0.008813560009002686,-0.17702006557376304
250818.138273,1620399600.190108,267.0031,0,85.78,3.26709e-06,0.408,3.26700716682106e-06,2.326456618614061e-08,1,14.1172,5.28063e-06,-173.022,-5.241515702637528e-06,-6.415343606575017e-07,1,14.118,1.7183e-05,-0.036,1.7182996608211862e-05,-1.0796396602952226e-08,5.0,1,39.098,48.573,3.477,3.578,3.971,3.719,6.852,3.476,7.22884,7.99908,-40.475,1.1,18.2,7.228,8.0,-0.1707,-0.1707,0.008419652469456196,-0.17717951651329517
250818.391196,1620399600.443031,267.0031,0,85.78,3.26709e-06,0.408,3.26700716682106e-06,2.326456618614061e-08,1,14.1177,5.28109e-06,-172.998,-5.241703086796201e-06,-6.437859411102254e-07,1,14.118,1.7183e-05,-0.036,1.7182996608211862e-05,-1.0796396602952226e-08,5.0,1,39.098,48.579,3.393,3.578,3.971,3.719,6.852,3.476,7.23076,7.99906,-40.484,1.1,18.2,7.228,8.0,-0.1707,-0.1707,0.008813560009002686,-0.17722051894119506
250818.533146,1620399600.584981,267.0031,0,85.78,3.26709e-06,0.408,3.26700716682106e-06,2.326456618614061e-08,1,14.1177,5.28156e-06,-172.986,-5.242034620303115e-06,-6.449411392860461e-07,1,14.118,1.7183e-05,-0.036,1.7182996608211862e-05,-1.0796396602952226e-08,5.0,1,39.098,48.579,3.393,3.578,3.971,3.719,6.816,3.476,7.23169,7.99899,-40.501,1.1,18.2,7.228,8.0,-0.1707,-0.1707,0.009207495488226414,-0.177297963375933
250818.687191,1620399600.739026,267.0031,0,85.78,3.26523e-06,0.408,3.2651472139791467e-06,2.325132134344995e-08,1,14.1177,5.28203e-06,-172.962,-5.242230466715669e-06,-6.471944489394383e-07,1,14.118,1.71812e-05,-0.036,1.718119660856717e-05,-1.0795265629671348e-08,5.0,1,39.097,48.576,3.376,3.704,3.965,3.719,6.782,3.476,7.23539,7.99961,-40.533,1.1,18.2,7.228,8.0,-0.1707,-0.1707,0.008813560009002686,-0.1774437442631355
250819.22002,1620399601.271855,267.0031,0,85.78,3.26151e-06,0.408,3.2614273082953195e-06,2.3224831658068632e-08,1,14.1177,5.28296e-06,-172.932,-5.242813810674644e-06,-6.50053619480132e-07,1,14.118,1.71812e-05,-0.036,1.718119660856717e-05,-1.0795265629671348e-08,5.0,1,39.095,48.576,3.376,3.704,3.965,3.719,6.782,3.476,7.23392,8.00005,-40.557,1.1,18.1,7.228,8.0,-0.1718,-0.1718,0.008813560009002686,-0.17755307290160843
250819.387965,1620399601.4398,267.0031,0,85.78,3.26151e-06,0.408,3.2614273082953195e-06,2.3224831658068632e-08,1,14.1177,5.28296e-06,-172.932,-5.242813810674644e-06,-6.50053619480132e-07,1,14.118,1.71812e-05,-0.036,1.718119660856717e-05,-1.0795265629671348e-08,5.0,1,39.095,48.578,3.429,3.704,3.958,3.718,6.782,3.476,7.23439,8.0003,-40.565,1.1,18.1,7.228,8.0,-0.1718,-0.1718,0.009207495488226414,-0.1775895173458169
250819.528921,1620399601.580756,267.0031,0,85.78,3.26151e-06,0.408,3.2614273082953195e-06,2.3224831658068632e-08,1,14.1177,5.28296e-06,-172.932,-5.242813810674644e-06,-6.50053619480132e-07,1,14.118,1.71793e-05,-0.042,1.7179295384393624e-05,-1.2593083496084783e-08,5.0,1,39.095,48.578,3.429,3.704,3.958,3.718,6.748,3.476,7.23569,8.00038,-40.581,1.1,18.2,7.228,8.0,-0.1718,-0.1718,0.008813560009002686,-0.1776624067902454
250819.687869,1620399601.739704,267.0031,0,85.78,3.25964e-06,0.408,3.259557355706944e-06,2.3211515606546305e-08,1,14.1177,5.28435e-06,-172.938,-5.244261310419801e-06,-6.496754809395175e-07,1,14.118,1.71793e-05,-0.042,1.7179295384393624e-05,-1.2593083496084783e-08,5.0,1,39.098,48.568,3.514,3.772,3.951,3.718,6.716,3.477,7.23837,8.00077,-40.609,1.1,18.1,7.228,8.0,-0.1718,-0.1718,0.009207495488226414,-0.17778996386611065
250820.232695,1620399602.28453,267.0031,0,85.78,3.25778e-06,0.408,3.2576974028650306e-06,2.3198270763855646e-08,1,14.1172,5.28761e-06,-172.95,-5.247632615631687e-06,-6.489772287673398e-07,1,14.118,1.71793e-05,-0.036,1.7179296608942214e-05,-1.0794071824541533e-08,5.0,1,39.092,48.575,3.514,3.785,3.943,3.717,6.716,3.476,7.23573,8.00102,-40.638,1.1,18.1,7.228,8.0,-0.1718,-0.1718,0.009207495488226414,-0.17792206801749494
250820.487613,1620399602.539448,267.0031,0,85.78,3.25778e-06,0.438,3.257684809721308e-06,2.490399387735769e-08,1,14.1182,5.28854e-06,-172.95,-5.248555584294757e-06,-6.490913727421703e-07,1,14.118,1.71793e-05,-0.036,1.7179296608942214e-05,-1.0794071824541533e-08,5.0,1,39.092,48.575,3.558,3.785,3.943,3.717,6.716,3.476,7.23351,8.00113,-40.645,1.1,18.1,7.228,8.0,-0.1718,-0.1718,0.009207495488226414,-0.17795395280444587
250820.625569,1620399602.677404,267.0031,0,85.78,3.25778e-06,0.438,3.257684809721308e-06,2.490399387735769e-08,1,14.1177,5.28994e-06,-172.956,-5.250012961383869e-06,-6.487134258679847e-07,1,14.118,1.71793e-05,-0.036,1.7179296608942214e-05,-1.0794071824541533e-08,5.0,1,39.094,48.576,3.558,3.717,3.937,3.717,6.682,3.476,7.22626,8.00233,-40.665,1.3,18.1,7.228,8.0,-0.1718,-0.1718,0.008813560009002686,-0.17804505096609682
250821.160417,1620399603.212252,267.0031,0,85.78,3.25964e-06,0.468,3.259531261416935e-06,2.662490273642234e-08,1,14.1177,5.29599e-06,-172.95,-5.255949257993547e-06,-6.500057518953826e-07,1,14.118,1.71793e-05,-0.036,1.7179296608942214e-05,-1.0794071824541533e-08,5.0,1,39.097,48.576,3.587,3.6,3.929,3.717,6.649,3.477,7.2099,8.00182,-40.694,1.2,18.2,7.228,8.0,-0.1718,-0.1718,0.009207495488226414,-0.17817713499712634
250821.414335,1620399603.46617,267.0031,0,85.78,3.25964e-06,0.468,3.259531261416935e-06,2.662490273642234e-08,1,14.1177,5.29739e-06,-172.95,-5.257338673185266e-06,-6.501775815349123e-07,1,14.118,1.71793e-05,-0.036,1.7179296608942214e-05,-1.0794071824541533e-08,5.0,1,39.097,48.572,3.515,3.6,3.929,3.716,6.618,3.477,7.20967,8.00153,-40.698,1.2,18.2,7.228,8.0,-0.1718,-0.1718,0.009207495488226414,-0.17819535658207084
250821.568288,1620399603.620123,267.0031,0,85.78,3.25964e-06,0.498,3.2595168738416077e-06,2.8331585586257607e-08,1,14.1172,5.29879e-06,-172.95,-5.258728088376985e-06,-6.503494111744422e-07,1,14.118,1.71793e-05,-0.036,1.7179296608942214e-05,-1.0794071824541533e-08,5.0,1,39.097,48.572,3.515,3.576,3.929,3.716,6.618,3.477,7.21283,8.00085,-40.707,1.1,18.2,7.228,8.0,-0.1718,-0.1718,0.009580167010426521,-0.17823636062459394
250821.709242,1620399603.761077,267.0031,0,85.78,3.25964e-06,0.498,3.2595168738416077e-06,2.8331585586257607e-08,1,14.1172,5.30065e-06,-172.944,-5.260505868521586e-06,-6.511285815796664e-07,1,14.118,1.71793e-05,-0.036,1.7179296608942214e-05,-1.0794071824541533e-08,5.0,1,39.097,48.585,3.401,3.607,3.922,3.715,6.587,3.477,7.22055,7.99943,-40.72,1.1,18.2,7.228,8.0,-0.1718,-0.1718,0.008792324922978878,-0.17829559325275876
250822.280061,1620399604.331896,267.0031,0,85.78,3.25964e-06,0.498,3.2595168738416077e-06,2.8331585586257607e-08,1,14.1177,5.30251e-06,-172.944,-5.2623517819313476e-06,-6.513570628341802e-07,1,14.118,1.71793e-05,-0.036,1.7179296608942214e-05,-1.0794071824541533e-08,5.0,1,39.105,48.585,3.401,3.607,3.915,3.715,6.587,3.477,7.22464,7.99932,-40.721,1.1,18.2,7.228,8.0,-0.1718,-0.1718,0.008792324922978878,-0.17830015475786692
250822.431606,1620399604.483441,267.0031,0,85.78,3.25964e-06,0.498,3.2595168738416077e-06,2.8331585586257607e-08,1,14.1182,5.30298e-06,-172.944,-5.26281822241661e-06,-6.514147973447293e-07,1,14.118,1.71793e-05,-0.03,1.7179297645098736e-05,-8.995060034628043e-09,5.0,1,39.105,48.579,3.374,3.607,3.915,3.715,6.587,3.477,7.22321,7.99897,-40.718,1.2,18.2,7.228,8.0,-0.1707,-0.1707,0.008398388512432575,-0.1782864862379303
250822.588555,1620399604.64039,267.0031,0,85.78,3.25964e-06,0.498,3.2595168738416077e-06,2.8331585586257607e-08,1,14.1177,5.30298e-06,-172.95,-5.2628864095579145e-06,-6.508636727384637e-07,1,14.118,1.71793e-05,-0.03,1.7179297645098736e-05,-8.995060034628043e-09,5.0,1,39.105,48.579,3.374,3.679,3.915,3.715,6.557,3.477,7.22353,7.99838,-40.718,1.1,18.2,7.228,8.0,-0.1707,-0.1707,0.009186231531202793,-0.1782864867107704
250823.142379,1620399605.194214,267.0031,0,85.78,3.25778e-06,0.468,3.257671323464819e-06,2.6609710163288575e-08,1,14.1177,5.30345e-06,-172.98,-5.263692956208243e-06,-6.481653841912069e-07,1,14.118,1.71793e-05,-0.024,1.7179298492863177e-05,-7.1960481460726854e-09,5.0,1,39.093,48.57,3.402,3.764,3.902,3.715,6.526,3.477,7.2295,7.99865,-40.697,1.1,18.2,7.228,8.0,-0.1707,-0.1707,0.008792324922978878,-0.17819083077545234
250823.330318,1620399605.382153,267.0031,0,85.78,3.25778e-06,0.468,3.257671323464819e-06,2.6609710163288575e-08,1,14.1172,5.30345e-06,-172.998,-5.263896323612988e-06,-6.465117143205332e-07,1,14.118,1.71793e-05,-0.024,1.7179298492863177e-05,-7.1960481460726854e-09,5.0,1,39.093,48.573,3.402,3.764,3.902,3.715,6.526,3.477,7.23062,7.99859,-40.685,1.1,18.2,7.228,8.0,-0.1707,-0.1707,0.008792324922978878,-0.17813616688835193
250823.484269,1620399605.536104,267.0031,0,85.78,3.25778e-06,0.468,3.257671323464819e-06,2.6609710163288575e-08,1,14.1177,5.30251e-06,-173.004,-5.263030995920859e-06,-6.458459847953649e-07,1,14.118,1.71793e-05,-0.018,1.7179299152235535e-05,-5.397036178603824e-09,5.0,1,39.093,48.573,3.479,3.764,3.902,3.714,6.495,3.477,7.23192,7.99885,-40.678,1.1,18.1,7.228,8.0,-0.1707,-0.1707,0.008792324922978878,-0.17810428061083447
250823.632222,1620399605.684057,267.0031,0,85.78,3.25778e-06,0.468,3.257671323464819e-06,2.6609710163288575e-08,1,14.1177,5.30205e-06,-173.022,-5.26277704197592e-06,-6.441366384170273e-07,1,14.118,1.71793e-05,-0.018,1.7179299152235535e-05,-5.397036178603824e-09,5.0,1,39.092,48.573,3.479,3.781,3.896,3.713,6.495,3.477,7.23373,7.99943,-40.653,1.1,18.2,7.228,8.0,-0.1642,-0.1642,0.008792324922978878,-0.1779903968303867
250824.214037,1620399606.265872,267.0031,0,85.78,3.25592e-06,0.408,3.255837450023117e-06,2.318502592116499e-08,1,14.1177,5.29832e-06,-173.076,-5.259678992140339e-06,-6.38726641089592e-07,1,14.118,1.71793e-05,-0.018,1.7179299152235535e-05,-5.397036178603824e-09,5.0,1,39.095,48.577,3.547,3.748,3.89,3.713,6.465,3.477,7.23102,8.00026,-40.599,1.1,18.1,7.228,8.0,-0.1642,-0.1642,0.008792324922978878,-0.17774439765265912
250824.474951,1620399606.526786,267.0031,0,85.78,3.25406e-06,0.408,3.2539774971812037e-06,2.317178107847433e-08,1,14.1177,5.29739e-06,-173.082,-5.258822621415963e-06,-6.380638279856788e-07,1,14.118,1.71793e-05,-0.012,1.717929962321579e-05,-3.5980241519498426e-09,5.0,1,39.095,48.577,3.58,3.748,3.89,3.713,6.465,3.477,7.23119,8.00041,-40.571,1.1,18.1,7.228,8.0,-0.1642,-0.1642,0.008792324922978878,-0.17761684495561844
250824.614912,1620399606.666747,267.0031,0,85.78,3.25406e-06,0.408,3.2539774971812037e-06,2.317178107847433e-08,1,14.1177,5.29646e-06,-173.088,-5.257966169561294e-06,-6.374012012452849e-07,1,14.118,1.71793e-05,-0.012,1.717929962321579e-05,-3.5980241519498426e-09,5.0,1,39.095,48.568,3.565,3.641,3.884,3.711,6.438,3.477,7.22979,8.00084,-40.509,1.1,18.1,7.228,8.0,-0.1576,-0.1576,0.008398388512432575,-0.1773344039124129
250825.170747,1620399607.222582,267.0031,0,85.78,3.25219e-06,0.354,3.2521279265631114e-06,2.0093416044060596e-08,1,14.1177,5.2932e-06,-173.112,-5.2549962313740405e-06,-6.348077254134824e-07,1,14.118,1.7183e-05,-0.018,1.7182999152052946e-05,-5.398198567866532e-09,5.0,1,39.098,48.574,3.565,3.577,3.878,3.711,6.414,3.477,7.22605,8.00069,-40.427,1.1,18.1,7.228,8.0,-0.1576,-0.1576,0.009186231531202793,-0.17696084933093995
250825.416668,1620399607.468503,267.0031,0,85.78,3.25033e-06,0.354,3.2502679620642945e-06,2.0081924171248138e-08,1,14.1182,5.2918e-06,-173.106,-5.253539847766805e-06,-6.351899778226427e-07,1,14.118,1.7183e-05,-0.018,1.7182999152052946e-05,-5.398198567866532e-09,5.0,1,39.098,48.574,3.565,3.577,3.878,3.711,6.414,3.477,7.22469,8.00099,-40.405,1.1,18.1,7.228,8.0,-0.1576,-0.1576,0.008398388512432575,-0.1768606266489295
250825.577619,1620399607.629454,267.0031,0,85.78,3.25033e-06,0.324,3.2502780313950236e-06,1.838008517091954e-08,1,14.1177,5.29041e-06,-173.106,-5.252159897581917e-06,-6.350231321237928e-07,1,14.118,1.7183e-05,-0.012,1.718299962313464e-05,-3.598799078132063e-09,5.0,1,39.098,48.574,3.458,3.584,3.878,3.711,6.4,3.477,7.22595,8.00095,-40.356,1.1,18.1,7.228,8.0,-0.1576,-0.1576,0.008792324922978878,-0.17663741094325122
250825.719575,1620399607.77141,267.0031,0,85.78,3.25033e-06,0.324,3.2502780313950236e-06,1.838008517091954e-08,1,14.1177,5.28715e-06,-173.082,-5.248657173215377e-06,-6.368304331254602e-07,1,14.118,1.7183e-05,-0.018,1.7182999152052946e-05,-5.398198567866532e-09,5.0,1,39.102,48.585,3.384,3.65,3.873,3.71,6.399,3.477,7.23212,8.00099,-40.206,1.1,18.2,7.228,8.0,-0.1576,-0.1576,0.008398388512432575,-0.1759541027313551
250826.277394,1620399608.329229,267.0031,0,85.78,3.25219e-06,0.264,3.252155477063059e-06,1.498496275425245e-08,1,14.1172,5.28109e-06,-173.046,-5.242240584167433e-06,-6.393944367977324e-07,1,14.118,1.7183e-05,-0.012,1.718299962313464e-05,-3.598799078132063e-09,5.0,1,39.098,48.585,3.384,3.65,3.867,3.71,6.399,3.477,7.23277,8.00113,-40.134,1.1,18.1,7.228,8.0,-0.1495,-0.1495,0.008792324922978878,-0.17562611075117188
250826.429349,1620399608.481184,267.0031,0,85.78,3.25219e-06,0.264,3.252155477063059e-06,1.498496275425245e-08,1,14.1177,5.27877e-06,-173.034,-5.239803680289715e-06,-6.402109846936077e-07,1,14.118,1.7183e-05,-0.012,1.718299962313464e-05,-3.598799078132063e-09,5.0,1,39.098,48.573,3.384,3.65,3.867,3.71,6.399,3.477,7.23211,8.00113,-40.054,1.1,18.1,7.228,8.0,-0.1495,-0.1495,0.008398388512432575,-0.17526167244854302
250826.585299,1620399608.637134,267.0031,0,85.78,3.25406e-06,0.264,3.2540254572124685e-06,1.4993579065215356e-08,1,14.1182,5.2769e-06,-173.016,-5.237746168634777e-06,-6.41629708595013e-07,1,14.118,1.7183e-05,-0.012,1.718299962313464e-05,-3.598799078132063e-09,5.0,1,39.098,48.573,3.373,3.713,3.867,3.71,6.416,3.477,7.22978,8.00105,-40.01,1.1,18.1,7.228,8.0,-0.1495,-0.1495,0.008813560009002686,-0.17506122718266906
250826.724255,1620399608.77609,267.0031,0,85.78,3.25406e-06,0.264,3.2540254572124685e-06,1.4993579065215356e-08,1,14.1177,5.27411e-06,-172.992,-5.234707787651314e-06,-6.434832321068612e-07,1,14.118,1.7183e-05,-0.012,1.718299962313464e-05,-3.598799078132063e-09,5.0,1,39.098,48.575,3.417,3.769,3.862,3.709,6.46,3.477,7.23223,8.00174,-39.752,1.1,18.1,7.228,8.0,-0.1495,-0.1495,0.008813560009002686,-0.1738859231277665
250827.277079,1620399609.328914,267.0031,0,85.78,3.25778e-06,0.264,3.2577454177235928e-06,1.501071953408274e-08,1,14.1182,5.27085e-06,-172.962,-5.231134706824513e-06,-6.458245903927918e-07,1,14.118,1.7183e-05,-0.006,1.7182999905783663e-05,-1.7993995489323434e-09,5.0,1,39.096,48.575,3.417,3.769,3.857,3.709,6.46,3.477,7.22916,8.00215,-39.63,1.2,18.1,7.228,8.0,-0.1495,-0.1495,0.008419652469456196,-0.1733301492050238
250827.430035,1620399609.48187,267.0031,0,85.78,3.25964e-06,0.294,3.259597087078128e-06,1.6726013027035443e-08,1,14.1177,5.26992e-06,-172.962,-5.2302117142754274e-06,-6.457106397265681e-07,1,14.118,1.7183e-05,-0.006,1.7182999905783663e-05,-1.7993995489323434e-09,5.0,1,39.096,48.573,3.499,3.769,3.857,3.708,6.46,3.477,7.22624,8.00232,-39.494,1.2,18.1,7.228,8.0,-0.1419,-0.1419,0.008813560009002686,-0.17271059844793568
250827.585985,1620399609.63782,267.0031,0,85.78,3.25964e-06,0.294,3.259597087078128e-06,1.6726013027035443e-08,1,14.1177,5.26899e-06,-172.956,-5.229221086326498e-06,-6.461442953538513e-07,1,14.118,1.7183e-05,-0.006,1.7182999905783663e-05,-1.7993995489323434e-09,5.0,1,39.096,48.573,3.499,3.78,3.857,3.708,6.55,3.477,7.2211,8.0023,-39.422,1.2,18.1,7.228,8.0,-0.1419,-0.1419,0.008813560009002686,-0.17238259119924337
250827.72694,1620399609.778775,267.0031,0,85.78,3.25964e-06,0.294,3.259597087078128e-06,1.6726013027035443e-08,1,14.1177,5.26806e-06,-172.962,-5.228365729177257e-06,-6.454827383941207e-07,1,14.118,1.71812e-05,0.0,1.71812e-05,0.0,5.0,1,39.089,48.567,3.553,3.78,3.852,3.707,6.694,3.477,7.21846,8.00238,-39.001,1.1,18.1,7.228,8.0,-0.1419,-0.1419,0.008813560009002686,-0.17046472944183746
250828.231778,1620399610.283613,267.0031,0,85.78,3.25964e-06,0.348,3.2595798754926556e-06,1.9798103022397427e-08,1,14.1172,5.26619e-06,-172.968,-5.226577361570567e-06,-6.44706289420272e-07,1,14.118,1.71793e-05,0.006,1.717929990580395e-05,1.7990120858391086e-09,5.0,1,39.092,48.567,3.553,3.703,3.848,3.707,6.694,3.477,7.22236,8.00191,-38.805,1.1,18.1,7.228,8.0,-0.1419,-0.1419,0.008813560009002686,-0.16957244722374043
250828.388729,1620399610.440564,267.0031,0,85.78,3.25964e-06,0.348,3.2595798754926556e-06,1.9798103022397427e-08,1,14.1177,5.26573e-06,-172.974,-5.226188300653706e-06,-6.441026929072167e-07,1,14.118,1.71793e-05,0.006,1.717929990580395e-05,1.7990120858391086e-09,5.0,1,39.092,48.566,3.553,3.703,3.848,3.707,6.694,3.477,7.22331,8.00136,-38.701,1.1,18.2,7.228,8.0,-0.1419,-0.1419,0.008419652469456196,-0.16909898979716093
250828.564674,1620399610.616509,267.0031,0,85.78,3.26151e-06,0.378,3.2614390217187865e-06,2.151714920716102e-08,1,14.1177,5.2648e-06,-172.98,-5.225332693971878e-06,-6.434417435235302e-07,1,14.118,1.71793e-05,0.006,1.717929990580395e-05,1.7990120858391086e-09,5.0,1,39.092,48.566,3.583,3.703,3.848,3.707,6.911,3.477,7.22822,8.00076,-38.478,1.0,18.1,7.228,8.0,-0.1337,-0.1337,0.008813560009002686,-0.168083798423045
250828.704627,1620399610.756462,267.0031,0,85.78,3.26151e-06,0.378,3.2614390217187865e-06,2.151714920716102e-08,1,14.1177,5.26433e-06,-172.98,-5.224866217303026e-06,-6.433843020975585e-07,1,14.118,1.71793e-05,0.012,1.717929962321579e-05,3.5980241519498426e-09,5.0,1,39.099,48.581,3.526,3.573,3.843,3.706,7.218,3.477,7.23211,8.00066,-37.977,1.1,18.2,7.228,8.0,-0.1337,-0.1337,0.008813560009002686,-0.1658030188209269
250829.19747,1620399611.249305,267.0031,0,85.78,3.26151e-06,0.408,3.2614273082953195e-06,2.3224831658068632e-08,1,14.1177,5.262e-06,-172.992,-5.222688259937925e-06,-6.420057161011627e-07,1,14.118,1.71793e-05,0.012,1.717929962321579e-05,3.5980241519498426e-09,5.0,1,39.096,48.581,3.526,3.573,3.838,3.706,7.218,3.477,7.23249,8.00077,-37.549,1.1,18.1,7.228,8.0,-0.1337,-0.1337,0.009207495488226414,-0.1638546942359259
250829.447018,1620399611.498853,267.0031,0,85.78,3.26337e-06,0.438,3.2632746463850306e-06,2.494672645161821e-08,1,14.1177,5.262e-06,-172.986,-5.2226210006200795e-06,-6.425526312156208e-07,1,14.118,1.71793e-05,0.006,1.717929990580395e-05,1.7990120858391086e-09,5.0,1,39.096,48.578,3.526,3.573,3.838,3.705,7.218,3.477,7.22865,8.00107,-37.238,1.2,18.1,7.228,8.0,-0.1337,-0.1337,0.008025715127587318,-0.16243895369431469
250829.588971,1620399611.640806,267.0031,0,85.78,3.26337e-06,0.438,3.2632746463850306e-06,2.494672645161821e-08,1,14.1177,5.26107e-06,-172.986,-5.221697960420426e-06,-6.424390671815975e-07,1,14.118,1.71812e-05,0.006,1.7181199905793532e-05,1.7992110533734725e-09,5.0,1,39.096,48.578,3.407,3.599,3.838,3.705,7.621,3.477,7.22646,8.00099,-37.077,1.2,18.1,7.228,8.0,-0.1337,-0.1337,0.009207495488226414,-0.16170604442082537
250829.736924,1620399611.788759,267.0031,0,85.78,3.26151e-06,0.468,3.2614011990354602e-06,2.6640176990056825e-08,1,14.1177,5.26014e-06,-172.986,-5.220774920220773e-06,-6.423255031475743e-07,1,14.118,1.71812e-05,0.006,1.7181199905793532e-05,1.7992110533734725e-09,5.0,1,39.101,48.578,3.376,3.682,3.833,3.705,8.103,3.477,7.21827,8.00056,-36.004,1.2,18.2,7.228,8.0,-0.1261,-0.1261,0.009207495488226414,-0.15682382503042114
250830.338731,1620399612.390566,267.0031,0,85.78,3.26151e-06,0.438,3.2614147007330585e-06,2.4932507741756927e-08,1,14.1177,5.26014e-06,-172.986,-5.220774920220773e-06,-6.423255031475743e-07,1,14.118,1.71812e-05,0.006,1.7181199905793532e-05,1.7992110533734725e-09,5.0,1,39.095,48.576,3.376,3.682,3.829,3.704,8.103,3.477,7.21883,7.99987,-35.61,1.2,18.2,7.228,8.0,-0.1261,-0.1261,0.008419652469456196,-0.15503156464877568
250830.488683,1620399612.540518,267.0031,0,85.78,3.26151e-06,0.468,3.2614011990354602e-06,2.6640176990056825e-08,1,14.1182,5.2606e-06,-172.986,-5.221231477738881e-06,-6.423816746052632e-07,1,14.118,1.71812e-05,0.0,1.71812e-05,0.0,5.0,1,39.095,48.576,3.398,3.682,3.829,3.704,8.103,3.477,7.21782,7.99954,-35.407,1.2,18.2,7.228,8.0,-0.1261,-0.1261,0.008419652469456196,-0.15410813527192038
250830.62464,1620399612.676475,267.0031,0,85.78,3.26151e-06,0.468,3.2614011990354602e-06,2.6640176990056825e-08,1,14.1177,5.26107e-06,-172.986,-5.221697960420426e-06,-6.424390671815975e-07,1,14.118,1.71812e-05,0.0,1.71812e-05,0.0,5.0,1,39.094,48.576,3.398,3.752,3.829,3.704,8.63,3.478,7.21802,7.99973,-35.2,1.1,18.2,7.228,8.0,-0.1261,-0.1261,0.008813560009002686,-0.1531665177206039
250831.19146,1620399613.243295,267.0031,0,85.78,3.26337e-06,0.468,3.2632611369875767e-06,2.665536956319059e-08,1,14.1177,5.2634e-06,-172.98,-5.2239431890008326e-06,-6.432706414036143e-07,1,14.118,1.71793e-05,-0.006,1.717929990580395e-05,-1.7990120858391086e-09,5.0,1,39.095,48.572,3.472,3.78,3.822,3.704,9.139,3.478,7.21866,7.99805,-33.663,1.1,18.2,7.228,8.0,-0.1185,-0.1185,0.008419652469456196,-0.14617731638538983
250831.434383,1620399613.486218,267.0031,0,85.78,3.26337e-06,0.498,3.263246732948573e-06,2.8364005367042216e-08,1,14.1172,5.2634e-06,-172.98,-5.2239431890008326e-06,-6.432706414036143e-07,1,14.118,1.71793e-05,-0.006,1.717929990580395e-05,-1.7990120858391086e-09,5.0,1,39.095,48.572,3.472,3.78,3.822,3.703,9.139,3.478,7.21832,7.99786,-33.204,1.2,18.2,7.228,8.0,-0.1185,-0.1185,0.008025715127587318,-0.14409070091049694
250831.589333,1620399613.641168,267.0031,0,85.78,3.26337e-06,0.498,3.263246732948573e-06,2.8364005367042216e-08,1,14.1177,5.26386e-06,-172.98,-5.224399740634176e-06,-6.433268606715867e-07,1,14.118,1.71793e-05,-0.006,1.717929990580395e-05,-1.7990120858391086e-09,5.0,1,39.095,48.572,3.551,3.78,3.822,3.703,9.594,3.478,7.21926,7.99811,-32.972,1.1,18.2,7.228,8.0,-0.1185,-0.1185,0.009207495488226414,-0.1430360652249141
250831.730288,1620399613.782123,267.0031,0,85.78,3.26151e-06,0.498,3.2613868032062257e-06,2.83478389348011e-08,1,14.1177,5.26433e-06,-172.98,-5.224866217303026e-06,-6.433843020975585e-07,1,14.118,1.71793e-05,-0.012,1.717929962321579e-05,-3.5980241519498426e-09,5.0,1,39.093,48.564,3.582,3.65,3.819,3.702,9.986,3.478,7.22282,7.99783,-32.034,1.1,18.2,7.228,8.0,-0.1185,-0.1185,0.007237869314849377,-0.13877288765988333
250832.245126,1620399614.296961,267.0031,0,85.78,3.26151e-06,0.558,3.2613553291688817e-06,3.176313904096413e-08,1,14.1177,5.26526e-06,-172.998,-5.225991148566785e-06,-6.418562009528384e-07,1,14.118,1.71774e-05,-0.012,1.717739962325746e-05,-3.597626216883297e-09,5.0,1,39.099,48.573,3.582,3.65,3.816,3.702,9.986,3.478,7.22545,7.99748,-31.09,1.1,18.2,7.228,8.0,-0.1185,-0.1185,0.008813560009002686,-0.13448450087985447
250832.504041,1620399614.555876,267.0031,0,85.78,3.26151e-06,0.558,3.2613553291688817e-06,3.176313904096413e-08,1,14.1177,5.26526e-06,-173.004,-5.2260583349361456e-06,-6.41308932921134e-07,1,14.118,1.71774e-05,-0.018,1.7177399152329294e-05,-5.39643927600946e-09,5.0,1,39.099,48.573,3.567,3.65,3.816,3.702,9.986,3.478,7.22556,7.99747,-30.854,1.1,18.2,7.228,8.0,-0.1098,-0.1098,0.008813560009002686,-0.1334124588764009
250832.644996,1620399614.696831,267.0031,0,85.78,3.26151e-06,0.588,3.2613382509694e-06,3.347077626605896e-08,1,14.1177,5.2648e-06,-173.01,-5.225668882988264e-06,-6.407056776462852e-07,1,14.118,1.71774e-05,-0.018,1.7177399152329294e-05,-5.39643927600946e-09,5.0,1,39.087,48.573,3.567,3.573,3.813,3.702,10.323,3.478,7.22943,7.99786,-30.383,1.1,18.2,7.228,8.0,-0.1098,-0.1098,0.009207495488226414,-0.13127300562661517
250833.193821,1620399615.245656,267.0031,0,85.78,3.25964e-06,0.558,3.2594854178500304e-06,3.174492751623889e-08,1,14.1177,5.26573e-06,-173.034,-5.2268599377150285e-06,-6.386294891481673e-07,1,14.118,1.71756e-05,-0.018,1.717559915241812e-05,-5.395873789341116e-09,5.0,1,39.089,48.565,3.455,3.578,3.811,3.701,10.594,3.478,7.23177,7.99824,-28.99,1.1,18.1,7.228,8.0,-0.1098,-0.1098,0.008813560009002686,-0.12494781358160843
250833.446746,1620399615.498581,267.0031,0,85.78,3.25964e-06,0.528,3.259501592651243e-06,3.0038260668828006e-08,1,14.1177,5.26573e-06,-173.034,-5.2268599377150285e-06,-6.386294891481673e-07,1,14.118,1.71756e-05,-0.018,1.717559915241812e-05,-5.395873789341116e-09,5.0,1,39.089,48.565,3.455,3.578,3.811,3.701,10.594,3.478,7.22702,7.9989,-28.534,1.2,18.2,7.228,8.0,-0.1098,-0.1098,0.008813560009002686,-0.12287748894282582
250833.599698,1620399615.651533,267.0031,0,85.78,3.25778e-06,0.528,3.2576416716285743e-06,3.002112038191165e-08,1,14.1177,5.26666e-06,-173.034,-5.2277830727299405e-06,-6.387422798580798e-07,1,14.118,1.71756e-05,-0.018,1.717559915241812e-05,-5.395873789341116e-09,5.0,1,39.089,48.565,3.401,3.578,3.811,3.701,10.813,3.478,7.22386,7.9991,-28.308,1.2,18.1,7.228,8.0,-0.1098,-0.1098,0.008813560009002686,-0.12185139572758191
250833.740657,1620399615.792492,267.0031,0,85.78,3.25592e-06,0.498,3.255797014356913e-06,2.8299252721775374e-08,1,14.1177,5.26712e-06,-173.034,-5.228239677145918e-06,-6.387980688113699e-07,1,14.118,1.71756e-05,-0.018,1.717559915241812e-05,-5.395873789341116e-09,5.0,1,39.091,48.573,3.386,3.718,3.809,3.701,10.982,3.478,7.21923,8.00013,-27.199,1.1,18.2,7.228,8.0,-0.1016,-0.1016,0.007631807122379541,-0.11681860479799287
250834.303477,1620399616.355312,267.0031,0,85.78,3.25406e-06,0.408,3.2539774971812037e-06,2.317178107847433e-08,1,14.1182,5.26992e-06,-173.022,-5.230885032968331e-06,-6.402332217777388e-07,1,14.118,1.71756e-05,-0.018,1.717559915241812e-05,-5.395873789341116e-09,5.0,1,39.09,48.573,3.386,3.718,3.808,3.701,10.982,3.478,7.2243,8.0,-26.767,1.1,18.2,7.228,8.0,-0.1016,-0.1016,0.008813560009002686,-0.11485862163479059
250834.477421,1620399616.529256,267.0031,0,85.78,3.25406e-06,0.408,3.2539774971812037e-06,2.317178107847433e-08,1,14.1177,5.27038e-06,-173.01,-5.231207409117855e-06,-6.413847419376669e-07,1,14.118,1.71756e-05,-0.018,1.717559915241812e-05,-5.395873789341116e-09,5.0,1,39.09,48.566,3.44,3.718,3.808,3.7,10.982,3.478,7.22919,7.99933,-26.341,1.0,18.2,7.228,8.0,-0.1016,-0.1016,0.008419652469456196,-0.11292592123583228
250834.618376,1620399616.670211,267.0031,0,85.78,3.25219e-06,0.408,3.252107544592828e-06,2.3158465026952003e-08,1,14.1177,5.27178e-06,-173.01,-5.232597003487288e-06,-6.415551164910602e-07,1,14.118,1.71756e-05,-0.018,1.717559915241812e-05,-5.395873789341116e-09,5.0,1,39.09,48.566,3.44,3.768,3.808,3.7,11.109,3.478,7.232,7.99875,-26.13,1.0,18.2,7.228,8.0,-0.1016,-0.1016,0.008025715127587318,-0.11196865149143898
250835.175198,1620399617.227033,267.0031,0,85.78,3.25033e-06,0.324,3.2502780313950236e-06,1.838008517091954e-08,1,14.1177,5.2769e-06,-172.992,-5.237476943912284e-06,-6.438236342254325e-07,1,14.118,1.71756e-05,-0.018,1.717559915241812e-05,-5.395873789341116e-09,5.0,1,39.09,48.568,3.528,3.772,3.808,3.7,11.192,3.478,7.25152,7.9988,-24.498,1.0,18.2,7.228,8.0,-0.094,-0.094,0.008419652469456196,-0.10456747043811368
250835.533083,1620399617.584918,267.0031,0,85.78,3.25219e-06,0.324,3.2521380016560108e-06,1.839060316706698e-08,1,14.1177,5.27783e-06,-172.992,-5.238399995999274e-06,-6.439371015982895e-07,1,14.118,1.71756e-05,-0.018,1.717559915241812e-05,-5.395873789341116e-09,5.0,1,39.09,48.568,3.573,3.772,3.808,3.7,11.246,3.478,7.25333,7.99933,-24.101,1.0,18.1,7.228,8.0,-0.094,-0.094,0.008419652469456196,-0.1027672771793812
250835.685035,1620399617.73687,267.0031,0,85.78,3.25219e-06,0.324,3.2521380016560108e-06,1.839060316706698e-08,1,14.1172,5.27877e-06,-172.992,-5.239332973377522e-06,-6.440517890504246e-07,1,14.118,1.71756e-05,-0.018,1.717559915241812e-05,-5.395873789341116e-09,5.0,1,39.09,48.562,3.573,3.688,3.808,3.699,11.246,3.478,7.25591,8.0003,-23.905,1.0,18.1,7.228,8.0,-0.094,-0.094,0.008813560009002686,-0.10187866732423499
250836.204869,1620399618.256704,267.0031,0,85.78,3.25592e-06,0.294,3.255877136051656e-06,1.670692479383774e-08,1,14.1177,5.28389e-06,-172.998,-5.244482204107784e-06,-6.441272722814624e-07,1,14.118,1.71737e-05,-0.024,1.7173698493354468e-05,-7.193702423626603e-09,5.0,1,39.092,48.574,3.602,3.594,3.807,3.699,11.269,3.478,7.25634,8.0032,-22.321,1.1,18.1,7.228,8.0,-0.094,-0.094,0.008813560009002686,-0.09469889324809744
250836.488777,1620399618.540612,267.0031,0,85.78,3.25592e-06,0.264,3.255885437468031e-06,1.5002149299649048e-08,1,14.1177,5.28435e-06,-173.004,-5.24500620334415e-06,-6.436340958816459e-07,1,14.118,1.71737e-05,-0.024,1.7173698493354468e-05,-7.193702423626603e-09,5.0,1,39.092,48.574,3.532,3.594,3.807,3.699,11.269,3.478,7.25401,8.00391,-22.133,1.1,18.0,7.228,8.0,-0.0842,-0.0842,0.008813560009002686,-0.09384685050670757
250836.628733,1620399618.680568,267.0031,0,85.78,3.25778e-06,0.264,3.2577454177235928e-06,1.501071953408274e-08,1,14.1182,5.28528e-06,-173.01,-5.245996663478235e-06,-6.431980139702095e-07,1,14.118,1.71737e-05,-0.024,1.7173698493354468e-05,-7.193702423626603e-09,5.0,1,39.092,48.574,3.532,3.57,3.807,3.699,11.269,3.478,7.2512,8.00411,-21.7592,1.1,18.1,7.228,8.0,-0.0842,-0.0842,0.008813560009002686,-0.09215293304987236
250837.221545,1620399619.27338,267.0031,0,85.78,3.25964e-06,0.264,3.2596053979791554e-06,1.5019289768516434e-08,1,14.1177,5.28528e-06,-173.04,-5.24633272204556e-06,-6.404511284977386e-07,1,14.118,1.71737e-05,-0.03,1.7173697645866373e-05,-8.992127881618672e-09,5.0,1,39.096,48.575,3.42,3.619,3.807,3.699,11.251,3.478,7.23145,8.00575,-20.4809,1.2,18.1,7.228,8.0,-0.0842,-0.0842,0.007237869314849377,-0.08636117806964937
250837.513449,1620399619.565284,267.0031,0,85.78,3.25964e-06,0.264,3.2596053979791554e-06,1.5019289768516434e-08,1,14.1172,5.28528e-06,-173.046,-5.246399761164542e-06,-6.399017303091443e-07,1,14.118,1.71737e-05,-0.03,1.7173697645866373e-05,-8.992127881618672e-09,5.0,1,39.096,48.575,3.393,3.619,3.807,3.698,11.251,3.478,7.22738,8.00598,-20.3021,1.2,18.0,7.228,8.0,-0.0766,-0.0766,0.008419652469456196,-0.08555122136343027
250837.6694,1620399619.721235,267.0031,0,85.78,3.25964e-06,0.264,3.2596053979791554e-06,1.5019289768516434e-08,1,14.1177,5.28435e-06,-173.052,-5.2455435723467085e-06,-6.392398244103138e-07,1,14.118,1.71737e-05,-0.03,1.7173697645866373e-05,-8.992127881618672e-09,5.0,1,39.093,48.57,3.393,3.672,3.806,3.698,11.218,3.478,7.22274,8.00557,-19.5956,1.2,18.1,7.228,8.0,-0.0766,-0.0766,0.008813560009002686,-0.08235109628707472
250838.229221,1620399620.281056,267.0031,0,85.78,3.25964e-06,0.294,3.259597087078128e-06,1.6726013027035443e-08,1,14.1172,5.28249e-06,-173.076,-5.243964441406223e-06,-6.368182922679942e-07,1,14.118,1.71737e-05,-0.03,1.7173697645866373e-05,-8.992127881618672e-09,5.0,1,39.095,48.568,3.422,3.756,3.807,3.698,11.171,3.478,7.2148,8.00422,-18.7342,1.1,18.1,7.228,8.0,-0.0766,-0.0766,0.008813560009002686,-0.07844994960702635
250838.489151,1620399620.540986,267.0031,0,85.78,3.25964e-06,0.324,3.2595878825400724e-06,1.8432731700023124e-08,1,14.1172,5.28203e-06,-173.076,-5.2435077962174865e-06,-6.367628380381815e-07,1,14.118,1.71737e-05,-0.03,1.7173697645866373e-05,-8.992127881618672e-09,5.0,1,39.095,48.568,3.422,3.756,3.807,3.698,11.171,3.478,7.21623,8.00383,-18.5648,1.1,18.1,7.228,8.0,-0.0766,-0.0766,0.009207495488226414,-0.07768307897721022
250838.665086,1620399620.716921,267.0031,0,85.78,3.26151e-06,0.324,3.2614578526411726e-06,1.844330624453695e-08,1,14.1182,5.28109e-06,-173.082,-5.242641292737297e-06,-6.361005139015418e-07,1,14.118,1.71718e-05,-0.03,1.717179764612682e-05,-8.991133043990491e-09,5.0,1,39.094,48.571,3.5,3.774,3.807,3.698,11.117,3.478,7.21716,8.00228,-18.0601,1.1,18.2,7.228,8.0,-0.0695,-0.0695,0.008813560009002686,-0.07539824569891014
250839.200915,1620399621.25275,267.0031,0,85.78,3.26337e-06,0.348,3.2633098066922935e-06,1.982075795492787e-08,1,14.1182,5.27737e-06,-173.082,-5.238948376008178e-06,-6.356524446749781e-07,1,14.118,1.71718e-05,-0.03,1.717179764612682e-05,-8.991133043990491e-09,5.0,1,39.094,48.571,3.568,3.74,3.807,3.698,11.057,3.478,7.22943,8.00102,-17.2341,1.0,18.2,7.228,8.0,-0.0695,-0.0695,0.008813560009002686,-0.07165908386538818
250839.444867,1620399621.496702,267.0031,0,85.78,3.26337e-06,0.378,3.263298981240725e-06,2.1529420179049906e-08,1,14.1177,5.27597e-06,-173.082,-5.2375585686370045e-06,-6.354838164714325e-07,1,14.118,1.71718e-05,-0.03,1.717179764612682e-05,-8.991133043990491e-09,5.0,1,39.094,48.566,3.568,3.74,3.807,3.698,11.057,3.478,7.23303,8.00049,-16.9082,1.1,18.2,7.228,8.0,-0.0695,-0.0695,0.008419652469456196,-0.07018392857281665
250839.58982,1620399621.641655,267.0031,0,85.78,3.26523e-06,0.378,3.2651589407626636e-06,2.1541691150938792e-08,1,14.1177,5.27457e-06,-173.082,-5.23616876126583e-06,-6.35315188267887e-07,1,14.118,1.71718e-05,-0.03,1.717179764612682e-05,-8.991133043990491e-09,5.0,1,39.094,48.566,3.602,3.633,3.807,3.697,10.985,3.478,7.23345,8.00026,-16.7464,1.1,18.2,7.228,8.0,-0.0695,-0.0695,0.008419652469456196,-0.06945173129546611
250839.731775,1620399621.78361,267.0031,0,85.78,3.26523e-06,0.378,3.2651589407626636e-06,2.1541691150938792e-08,1,14.1177,5.27318e-06,-173.082,-5.234788881090165e-06,-6.351477645515097e-07,1,14.118,1.71718e-05,-0.03,1.717179764612682e-05,-8.991133043990491e-09,5.0,1,39.095,48.577,3.571,3.633,3.808,3.697,10.913,3.478,7.23237,8.00094,-16.1034,1.1,18.1,7.228,8.0,-0.0695,-0.0695,0.007631807122379541,-0.06654188950729352
250840.21962,1620399622.271455,267.0031,0,85.78,3.26709e-06,0.348,3.2670297380763828e-06,1.9843352150373786e-08,1,14.1182,5.26806e-06,-173.058,-5.229439906444629e-06,-6.367216255824785e-07,1,14.118,1.71718e-05,-0.024,1.7171798493521153e-05,-7.192906553510967e-09,5.0,1,39.092,48.577,3.571,3.57,3.808,3.697,10.913,3.479,7.22944,8.00082,-15.6257,1.1,18.1,7.228,8.0,-0.0619,-0.0619,0.008813560009002686,-0.0643801474647255
250840.416559,1620399622.468394,267.0031,0,85.78,3.26709e-06,0.348,3.2670297380763828e-06,1.9843352150373786e-08,1,14.1177,5.26619e-06,-173.052,-5.2275169330677404e-06,-6.370430366859407e-07,1,14.118,1.717e-05,-0.024,1.7169998493679067e-05,-7.1921525712961534e-09,5.0,1,39.092,48.571,3.571,3.57,3.808,3.697,10.913,3.479,7.2263,8.00118,-15.4674,1.2,18.1,7.228,8.0,-0.0619,-0.0619,0.00999530591070652,-0.06366375046244914
250840.574505,1620399622.62634,267.0031,0,85.78,3.26896e-06,0.348,3.268899703583976e-06,1.9854709985181276e-08,1,14.1177,5.2648e-06,-173.034,-5.225936802700116e-06,-6.385166984382548e-07,1,14.118,1.717e-05,-0.024,1.7169998493679067e-05,-7.1921525712961534e-09,5.0,1,39.092,48.571,3.455,3.57,3.808,3.697,10.84,3.479,7.21926,8.00138,-15.1513,1.2,18.1,7.228,8.0,-0.0619,-0.0619,0.008813560009002686,-0.06223319976499042
250840.714461,1620399622.766296,267.0031,0,85.78,3.26896e-06,0.348,3.268899703583976e-06,1.9854709985181276e-08,1,14.1177,5.2634e-06,-173.022,-5.224413327436757e-06,-6.394411185568189e-07,1,14.118,1.717e-05,-0.024,1.7169998493679067e-05,-7.1921525712961534e-09,5.0,1,39.098,48.571,3.409,3.578,3.808,3.697,10.84,3.479,7.20728,8.00163,-14.6799,1.4,18.1,7.228,8.0,-0.0619,-0.0619,0.009207495488226414,-0.06010020235110315
250841.253292,1620399623.305127,267.0031,0,85.78,3.26709e-06,0.294,3.267046988999424e-06,1.6764240805885692e-08,1,14.1172,5.25781e-06,-172.956,-5.218125469947432e-06,-6.447732748694594e-07,1,14.118,1.71663e-05,-0.018,1.7166299152877056e-05,-5.392952108221338e-09,5.0,1,39.093,48.571,3.409,3.657,3.808,3.697,10.762,3.479,7.15604,8.00112,-13.9001,1.7,18.2,7.228,8.0,-0.0619,-0.0619,0.009601402096450329,-0.05657139732866111
250841.521202,1620399623.573037,267.0031,0,85.78,3.26709e-06,0.294,3.267046988999424e-06,1.6764240805885692e-08,1,14.1177,5.25688e-06,-172.95,-5.217134952173459e-06,-6.452055681796602e-07,1,14.118,1.71663e-05,-0.018,1.7166299152877056e-05,-5.392952108221338e-09,5.0,1,39.093,48.56,3.397,3.657,3.808,3.697,10.686,3.479,7.14685,8.00028,-13.59,1.7,18.3,7.228,8.0,-0.0521,-0.0521,0.009974101558327675,-0.055168540360364934
250841.681152,1620399623.732987,267.0031,0,85.78,3.26709e-06,0.294,3.267046988999424e-06,1.6764240805885692e-08,1,14.1182,5.25688e-06,-172.944,-5.2170673577983375e-06,-6.45751901735545e-07,1,14.118,1.71663e-05,-0.018,1.7166299152877056e-05,-5.392952108221338e-09,5.0,1,39.096,48.56,3.397,3.727,3.808,3.697,10.686,3.479,7.1277,7.99806,-13.435,1.8,18.3,7.228,8.0,-0.0521,-0.0521,0.008792324922978878,-0.0544669914441762
250842.24997,1620399624.301805,267.0031,0,85.78,3.26709e-06,0.324,3.267037763424135e-06,1.8474860232979274e-08,1,14.1177,5.25828e-06,-172.956,-5.218591922514352e-06,-6.448309116876763e-07,1,14.118,1.71644e-05,-0.018,1.716439915297082e-05,-5.392355205626975e-09,5.0,1,39.096,48.571,3.456,3.766,3.809,3.697,10.613,3.479,7.10518,7.98552,-12.3561,1.5,18.6,7.228,8.0,-0.0521,-0.0521,0.009580167010426521,-0.04958687756259781
250842.501911,1620399624.553746,267.0031,0,85.78,3.26709e-06,0.324,3.267037763424135e-06,1.8474860232979274e-08,1,14.1172,5.25921e-06,-172.968,-5.219649865604078e-06,-6.438517722265981e-07,1,14.118,1.71644e-05,-0.018,1.716439915297082e-05,-5.392355205626975e-09,5.0,1,39.096,48.566,3.543,3.766,3.809,3.696,10.613,3.479,7.11161,7.98333,-12.2027,1.4,18.6,7.228,8.0,-0.0521,-0.0521,0.009186231531202793,-0.04889329804629858
250842.670857,1620399624.722692,267.0031,0,85.78,3.26709e-06,0.324,3.267037763424135e-06,1.8474860232979274e-08,1,14.1177,5.26014e-06,-172.986,-5.220774920220773e-06,-6.423255031475743e-07,1,14.118,1.71625e-05,-0.018,1.716249915306458e-05,-5.3917583030326115e-09,5.0,1,39.096,48.566,3.543,3.764,3.809,3.696,10.534,3.479,7.12902,7.97931,-11.8958,1.3,18.6,7.228,8.0,-0.0521,-0.0521,0.009186231531202793,-0.04750590526798933
250842.810812,1620399624.862647,267.0031,0,85.78,3.26709e-06,0.324,3.267037763424135e-06,1.8474860232979274e-08,1,14.1172,5.262e-06,-173.004,-5.222822606753322e-06,-6.409118647571074e-07,1,14.118,1.71625e-05,-0.012,1.7162499623584254e-05,-3.594505568203546e-09,5.0,1,39.096,48.566,3.582,3.696,3.81,3.696,10.46,3.479,7.16902,7.97297,-11.2828,1.0,18.6,7.228,8.0,-0.0451,-0.0451,0.009186231531202793,-0.04473528484431985
250843.344642,1620399625.396477,267.0031,0,85.78,3.26523e-06,0.378,3.2651589407626636e-06,2.1541691150938792e-08,1,14.1177,5.26526e-06,-173.076,-5.226860100967257e-06,-6.347411697034882e-07,1,14.118,1.71625e-05,-0.012,1.7162499623584254e-05,-3.594505568203546e-09,5.0,1,39.095,48.565,3.582,3.696,3.81,3.695,10.46,3.479,7.21155,7.96963,-10.672,1.0,18.6,7.228,8.0,-0.0451,-0.0451,0.009186231531202793,-0.0419748609044225
250843.591666,1620399625.643501,267.0031,0,85.78,3.26523e-06,0.378,3.2651589407626636e-06,2.1541691150938792e-08,1,14.1182,5.26619e-06,-173.088,-5.22791616711577e-06,-6.33758365396115e-07,1,14.118,1.71625e-05,-0.012,1.7162499623584254e-05,-3.594505568203546e-09,5.0,1,39.095,48.565,3.604,3.696,3.81,3.695,10.46,3.479,7.22139,7.96975,-10.5196,0.9,18.6,7.228,8.0,-0.0451,-0.0451,0.008398388512432575,-0.041286128967737236
250843.73162,1620399625.783455,267.0031,0,85.78,3.26523e-06,0.378,3.2651589407626636e-06,2.1541691150938792e-08,1,14.1177,5.26666e-06,-173.106,-5.22858161204874e-06,-6.321723512981214e-07,1,14.118,1.71625e-05,-0.012,1.7162499623584254e-05,-3.594505568203546e-09,5.0,1,39.096,48.572,3.604,3.583,3.81,3.695,10.388,3.479,7.23134,7.96966,-10.2147,0.9,18.5,7.228,8.0,-0.0451,-0.0451,0.008792324922978878,-0.03990796714014876
250844.283443,1620399626.335278,267.0031,0,85.78,3.26151e-06,0.408,3.2614273082953195e-06,2.3224831658068632e-08,1,14.1182,5.27131e-06,-173.148,-5.2336604017896365e-06,-6.288942000361755e-07,1,14.118,1.71644e-05,-0.006,1.716439990588565e-05,-1.7974517614906777e-09,5.0,1,39.096,48.572,3.525,3.567,3.811,3.695,10.318,3.479,7.27709,7.97515,-9.3019,0.9,18.4,7.228,8.0,-0.0369,-0.0369,0.009186231531202793,-0.035783513055553835
250844.533362,1620399626.585197,267.0031,0,85.78,3.26151e-06,0.408,3.2614273082953195e-06,2.3224831658068632e-08,1,14.1182,5.27271e-06,-173.154,-5.235116248917606e-06,-6.285130105406363e-07,1,14.118,1.71644e-05,-0.006,1.716439990588565e-05,-1.7974517614906777e-09,5.0,1,39.096,48.573,3.419,3.567,3.811,3.695,10.252,3.479,7.28121,7.9782,-8.9987,0.8,18.3,7.228,8.0,-0.0369,-0.0369,0.008398388512432575,-0.03441333318711086
250844.686314,1620399626.738149,267.0031,0,85.78,3.26151e-06,0.408,3.2614273082953195e-06,2.3224831658068632e-08,1,14.1177,5.27364e-06,-173.166,-5.236171161970788e-06,-6.275272202426683e-07,1,14.118,1.71644e-05,-0.006,1.716439990588565e-05,-1.7974517614906777e-09,5.0,1,39.096,48.573,3.419,3.611,3.811,3.695,10.252,3.479,7.28805,7.97997,-8.847,0.8,18.3,7.228,8.0,-0.0369,-0.0369,0.008398388512432575,-0.03372792787185081
250844.82527,1620399626.877105,267.0031,0,85.78,3.25964e-06,0.408,3.259557355706944e-06,2.3211515606546305e-08,1,14.1177,5.27504e-06,-173.172,-5.237626918294003e-06,-6.271453311331156e-07,1,14.118,1.71644e-05,-0.006,1.716439990588565e-05,-1.7974517614906777e-09,5.0,1,39.094,48.569,3.394,3.676,3.811,3.695,10.186,3.48,7.29133,7.98527,-8.3929,0.9,18.2,7.228,8.0,-0.0369,-0.0369,0.008398388512432575,-0.031675772966958504
250845.321112,1620399627.372947,267.0031,0,85.78,3.25778e-06,0.408,3.2576974028650306e-06,2.3198270763855646e-08,1,14.1177,5.2797e-06,-173.22,-5.2427778878797665e-06,-6.233073947571697e-07,1,14.118,1.71663e-05,-0.006,1.7166299905875228e-05,-1.7976507290250411e-09,5.0,1,39.096,48.564,3.394,3.676,3.812,3.695,10.186,3.48,7.29019,7.99297,-7.9403,0.9,18.1,7.228,8.0,-0.0369,-0.0369,0.008792324922978878,-0.029630363792048836
250845.589589,1620399627.641424,267.0031,0,85.78,3.25778e-06,0.408,3.2576974028650306e-06,2.3198270763855646e-08,1,14.1177,5.28016e-06,-173.232,-5.243365112569257e-06,-6.222635469731282e-07,1,14.118,1.71663e-05,0.0,1.71663e-05,0.0,5.0,1,39.096,48.564,3.432,3.676,3.812,3.695,10.121,3.48,7.28911,7.99442,-7.2944,0.9,18.1,7.228,8.0,-0.0271,-0.0271,0.008792324922978878,-0.02671220304840796
250845.725544,1620399627.777379,267.0031,0,85.78,3.25592e-06,0.408,3.255837450023117e-06,2.318502592116499e-08,1,14.1177,5.28109e-06,-173.25,-5.244483897340092e-06,-6.207255743406136e-07,1,14.118,1.71681e-05,0.0,1.71681e-05,0.0,5.0,1,39.096,48.564,3.432,3.756,3.812,3.695,10.121,3.48,7.28767,7.99619,-7.1441,0.9,18.1,7.228,8.0,-0.0271,-0.0271,0.008792324922978878,-0.026033118059397384
250845.874497,1620399627.926332,267.0031,0,85.78,3.25592e-06,0.408,3.255837450023117e-06,2.318502592116499e-08,1,14.1177,5.28203e-06,-173.268,-5.24561216423581e-06,-6.191881324131663e-07,1,14.118,1.717e-05,0.0,1.717e-05,0.0,5.0,1,39.102,48.565,3.51,3.774,3.813,3.695,10.06,3.48,7.27642,8.00194,-6.3952,1.0,18.0,7.228,8.0,-0.0271,-0.0271,0.008792324922978878,-0.022649323496402984
250846.396331,1620399628.448166,267.0031,0,85.78,3.25592e-06,0.438,3.2558248640693362e-06,2.4889775167496412e-08,1,14.1182,5.28435e-06,-173.31,-5.248368846564075e-06,-6.156130058045198e-07,1,14.118,1.717e-05,0.0,1.717e-05,0.0,5.0,1,39.099,48.571,3.51,3.774,3.814,3.695,10.06,3.48,7.26537,8.00656,-5.948,1.0,18.0,7.228,8.0,-0.0271,-0.0271,0.008813560009002686,-0.020628648576692936
250846.666196,1620399628.718031,267.0031,0,85.78,3.25592e-06,0.468,3.2558113855127035e-06,2.6594517590154813e-08,1,14.1177,5.28435e-06,-173.316,-5.248433284629771e-06,-6.150633945296575e-07,1,14.118,1.71718e-05,0.0,1.71718e-05,0.0,5.0,1,39.099,48.571,3.572,3.774,3.814,3.695,9.999,3.48,7.26046,8.00771,-5.651,1.1,18.0,7.228,8.0,-0.0271,-0.0271,0.008813560009002686,-0.01928702628584096
250846.806152,1620399628.857987,267.0031,0,85.78,3.25592e-06,0.468,3.2558113855127035e-06,2.6594517590154813e-08,1,14.1177,5.28482e-06,-173.322,-5.2489644763660524e-06,-6.14568432517695e-07,1,14.118,1.71718e-05,0.0,1.71718e-05,0.0,5.0,1,39.097,48.57,3.604,3.729,3.815,3.694,9.938,3.48,7.25401,8.00874,-5.2076,1.1,18.0,7.228,8.0,-0.0195,-0.0195,0.009207495488226414,-0.01728410140031238
250847.381968,1620399629.433803,267.0031,0,85.78,3.25778e-06,0.468,3.257671323464819e-06,2.6609710163288575e-08,1,14.1177,5.28063e-06,-173.328,-5.2448671816190115e-06,-6.135319421805641e-07,1,14.118,1.71737e-05,-0.012,1.7173699623338612e-05,-3.596851290701077e-09,5.0,1,39.094,48.566,3.604,3.618,3.816,3.694,9.938,3.48,7.24192,8.00968,-4.4763,1.1,18.1,7.228,8.0,-0.0195,-0.0195,0.008813560009002686,-0.013980758133215938
250847.633886,1620399629.685721,267.0031,0,85.78,3.25778e-06,0.438,3.257684809721308e-06,2.490399387735769e-08,1,14.1177,5.27877e-06,-173.322,-5.242955523349295e-06,-6.138648817786476e-07,1,14.118,1.71737e-05,-0.012,1.7173699623338612e-05,-3.596851290701077e-09,5.0,1,39.094,48.566,3.563,3.567,3.816,3.694,9.88,3.48,7.24062,8.00904,-4.1875,1.1,18.1,7.228,8.0,-0.0195,-0.0195,0.009207495488226414,-0.012676345027386501
250847.790835,1620399629.84267,267.0031,0,85.78,3.25964e-06,0.438,3.2595447553732803e-06,2.4918212587218974e-08,1,14.1177,5.27644e-06,-173.322,-5.240641331526314e-06,-6.135939275270807e-07,1,14.118,1.71737e-05,-0.012,1.7173699623338612e-05,-3.596851290701077e-09,5.0,1,39.098,48.57,3.441,3.567,3.817,3.694,9.828,3.48,7.2401,8.00908,-3.762,1.0,18.1,7.228,8.0,-0.0195,-0.0195,0.008813560009002686,-0.01075472733202357
250848.353655,1620399630.40549,267.0031,0,85.78,3.25964e-06,0.408,3.259557355706944e-06,2.3211515606546305e-08,1,14.1177,5.26712e-06,-173.292,-5.231063137598254e-06,-6.152491729866127e-07,1,14.118,1.71737e-05,-0.018,1.7173699152511882e-05,-5.395276886746754e-09,5.0,1,39.094,48.568,3.441,3.6,3.817,3.694,9.828,3.48,7.23666,8.0071,-3.1028,1.1,18.1,7.228,8.0,-0.0114,-0.0114,0.008813560009002686,-0.0077778307781877585
250848.602576,1620399630.654411,267.0031,0,85.78,3.25964e-06,0.378,3.2595690624144726e-06,2.150481226230499e-08,1,14.1177,5.26526e-06,-173.286,-5.229151435845083e-06,-6.155795063184832e-07,1,14.118,1.71737e-05,-0.018,1.7173699152511882e-05,-5.395276886746754e-09,5.0,1,39.094,48.568,3.399,3.6,3.817,3.694,9.773,3.48,7.23504,8.0068,-2.982,1.1,18.1,7.228,8.0,-0.0114,-0.0114,0.008419652469456196,-0.007232285859360444
250848.743531,1620399630.795366,267.0031,0,85.78,3.25964e-06,0.378,3.2595690624144726e-06,2.150481226230499e-08,1,14.1177,5.26386e-06,-173.274,-5.22763202984229e-06,-6.165107137487373e-07,1,14.118,1.71737e-05,-0.018,1.7173699152511882e-05,-5.395276886746754e-09,5.0,1,39.094,48.568,3.399,3.658,3.817,3.694,9.773,3.48,7.23108,8.00621,-2.7536,1.2,18.1,7.228,8.0,-0.0114,-0.0114,0.008813560009002686,-0.006200875884165976
250849.32584,1620399631.377675,267.0031,0,85.78,3.25964e-06,0.324,3.2595878825400724e-06,1.8432731700023124e-08,1,14.1182,5.25735e-06,-173.232,-5.220714064453726e-06,-6.195754027679419e-07,1,14.118,1.71737e-05,-0.018,1.7173699152511882e-05,-5.395276886746754e-09,5.0,1,39.096,48.568,3.41,3.735,3.818,3.694,9.711,3.48,7.22655,8.00444,-2.0984,1.1,18.1,7.228,8.0,-0.0114,-0.0114,0.008419652469456196,-0.0032423245379627225
250849.589759,1620399631.641594,267.0031,0,85.78,3.25964e-06,0.324,3.2595878825400724e-06,1.8432731700023124e-08,1,14.1177,5.25641e-06,-173.22,-5.2196507600110016e-06,-6.205578390581917e-07,1,14.118,1.71737e-05,-0.018,1.7173699152511882e-05,-5.395276886746754e-09,5.0,1,39.096,48.568,3.463,3.735,3.818,3.694,9.711,3.48,7.22756,8.00422,-2.0229,1.1,18.1,7.228,8.0,-0.0114,-0.0114,0.008813560009002686,-0.002901451722154944
250849.728715,1620399631.78055,267.0031,0,85.78,3.25964e-06,0.324,3.2595878825400724e-06,1.8432731700023124e-08,1,14.1182,5.25595e-06,-173.214,-5.219128969297633e-06,-6.210500819887416e-07,1,14.118,1.71737e-05,-0.018,1.7173699152511882e-05,-5.395276886746754e-09,5.0,1,39.096,48.568,3.463,3.768,3.818,3.694,9.643,3.48,7.22841,8.00378,-1.8841,1.1,18.1,7.228,8.0,-0.0114,-0.0114,0.008813560009002686,-0.0022748078961693646
250850.343519,1620399632.395354,267.0031,0,85.78,3.25778e-06,0.324,3.2577279122790853e-06,1.8422213703875683e-08,1,14.1177,5.25641e-06,-173.166,-5.2190635798982995e-06,-6.254769676647939e-07,1,14.118,1.71737e-05,-0.018,1.7173699152511882e-05,-5.395276886746754e-09,5.0,1,39.094,48.557,3.564,3.755,3.816,3.693,9.559,3.48,7.22926,8.00256,-1.5126,1.1,18.1,7.228,8.0,-0.0059,-0.0059,0.008419652469456196,-0.0005975710274065704
250850.593439,1620399632.645274,267.0031,0,85.78,3.25778e-06,0.348,3.2577199098006107e-06,1.9786805924674467e-08,1,14.1177,5.25641e-06,-173.16,-5.218998051486814e-06,-6.260235032942755e-07,1,14.118,1.71737e-05,-0.018,1.7173699152511882e-05,-5.395276886746754e-09,5.0,1,39.094,48.557,3.584,3.755,3.816,3.693,9.559,3.48,7.23085,8.00274,-1.4719,1.1,18.1,7.228,8.0,-0.0059,-0.0059,0.008813560009002686,-0.0004138664473367809
250850.738393,1620399632.790228,267.0031,0,85.78,3.25778e-06,0.348,3.2577199098006107e-06,1.9786805924674467e-08,1,14.1177,5.25735e-06,-173.142,-5.21973439729062e-06,-6.277753135008825e-07,1,14.118,1.71737e-05,-0.018,1.7173699152511882e-05,-5.395276886746754e-09,5.0,1,39.094,48.557,3.584,3.659,3.816,3.693,9.471,3.48,7.23304,8.00265,-1.398,1.1,18.1,7.228,8.0,-0.0059,-0.0059,0.008813560009002686,-8.028797273080614e-05
250850.890344,1620399632.942179,267.0031,0,85.78,3.25778e-06,0.348,3.2577199098006107e-06,1.9786805924674467e-08,1,14.1177,5.25828e-06,-173.124,-5.2204602293262e-06,-6.295264509323269e-07,1,14.118,1.71737e-05,-0.018,1.7173699152511882e-05,-5.395276886746754e-09,5.0,1,39.092,48.562,3.599,3.569,3.814,3.693,9.374,3.48,7.23277,8.00288,-1.277,1.1,18.1,7.228,8.0,-0.0059,-0.0059,0.009207495488226414,0.00046601585104523777
250851.43817,1620399633.490005,267.0031,0,85.78,3.25778e-06,0.378,3.257709102892534e-06,2.1492541290416104e-08,1,14.1177,5.26154e-06,-173.082,-5.223233625518405e-06,-6.337457414877456e-07,1,14.118,1.71737e-05,-0.018,1.7173699152511882e-05,-5.395276886746754e-09,5.0,1,39.092,48.562,3.507,3.569,3.811,3.693,9.374,3.48,7.22793,8.0023,-1.1828,1.1,18.1,7.228,8.0,-0.0059,-0.0059,0.008813560009002686,0.0008914647747785684
250851.691088,1620399633.742923,267.0031,0,85.78,3.25778e-06,0.408,3.2576974028650306e-06,2.3198270763855646e-08,1,14.1177,5.26293e-06,-173.07,-5.22448062464359e-06,-6.350073917866781e-07,1,14.118,1.71737e-05,-0.018,1.7173699152511882e-05,-5.395276886746754e-09,5.0,1,39.092,48.562,3.507,3.57,3.811,3.693,9.27,3.48,7.22674,8.00245,-1.1622,1.1,18.1,7.228,8.0,-0.0059,-0.0059,0.008813560009002686,0.0009845076753549667
250851.831043,1620399633.882878,267.0031,0,85.78,3.25778e-06,0.408,3.2576974028650306e-06,2.3198270763855646e-08,1,14.1172,5.26433e-06,-173.058,-5.225737251036179e-06,-6.362708008645705e-07,1,14.118,1.71737e-05,-0.018,1.7173699152511882e-05,-5.395276886746754e-09,5.0,1,39.092,48.566,3.413,3.636,3.808,3.692,9.169,3.48,7.23234,8.00187,-1.0898,1.1,18.1,7.228,8.0,-0.0027,-0.0027,0.008813560009002686,0.0013112070138328108
250852.366871,1620399634.418706,267.0031,0,85.78,3.25592e-06,0.408,3.255837450023117e-06,2.318502592116499e-08,1,14.1177,5.26992e-06,-172.992,-5.230549090614229e-06,-6.429720188893652e-07,1,14.118,1.71737e-05,-0.024,1.7173698493354468e-05,-7.193702423626603e-09,5.0,1,39.091,48.554,3.413,3.636,3.805,3.692,9.169,3.48,7.23515,8.00205,-1.0433,1.0,18.2,7.228,8.0,-0.0027,-0.0027,0.008419652469456196,0.0015210590263240547
250852.546817,1620399634.598652,267.0031,0,85.78,3.25592e-06,0.408,3.255837450023117e-06,2.318502592116499e-08,1,14.1172,5.27131e-06,-172.98,-5.231793892087239e-06,-6.442373683811388e-07,1,14.118,1.71737e-05,-0.024,1.7173698493354468e-05,-7.193702423626603e-09,5.0,1,39.091,48.554,3.391,3.636,3.805,3.692,9.169,3.48,7.23878,8.00182,-1.0142,1.0,18.1,7.228,8.0,-0.0027,-0.0027,0.008813560009002686,0.0016523270767040304
250852.690771,1620399634.742606,267.0031,0,85.78,3.25592e-06,0.438,3.2558248640693362e-06,2.4889775167496412e-08,1,14.1177,5.27271e-06,-172.968,-5.233048317688261e-06,-6.455044917272568e-07,1,14.118,1.71737e-05,-0.024,1.7173698493354468e-05,-7.193702423626603e-09,5.0,1,39.091,48.554,3.391,3.701,3.805,3.692,9.063,3.48,7.23941,8.00202,-0.9845,1.1,18.1,7.228,8.0,-0.0027,-0.0027,0.008813560009002686,0.0017863876562156534
250852.831725,1620399634.88356,267.0031,0,85.78,3.25406e-06,0.438,3.253964918417364e-06,2.487555645763513e-08,1,14.1177,5.27364e-06,-172.956,-5.233835989382191e-06,-6.467145319596137e-07,1,14.118,1.71737e-05,-0.024,1.7173698493354468e-05,-7.193702423626603e-09,5.0,1,39.091,48.557,3.451,3.701,3.802,3.692,8.968,3.481,7.23761,8.00168,-0.8203,1.1,18.1,7.228,8.0,-0.0027,-0.0027,0.009207495488226414,0.002527671215790269
250853.392551,1620399635.444386,267.0031,0,85.78,3.24847e-06,0.438,3.2483750817536414e-06,2.4832823883374613e-08,1,14.1182,5.27737e-06,-172.92,-5.237130172400493e-06,-6.504626616742736e-07,1,14.118,1.71737e-05,-0.024,1.7173698493354468e-05,-7.193702423626603e-09,5.0,1,39.09,48.561,3.451,3.761,3.801,3.692,8.968,3.481,7.22933,8.00266,-0.575,1.2,18.1,7.228,8.0,-0.0027,-0.0027,0.007631807122379541,0.0036352590100039964
250853.640473,1620399635.692308,267.0031,0,85.78,3.24847e-06,0.438,3.2483750817536414e-06,2.4832823883374613e-08,1,14.1177,5.27783e-06,-172.92,-5.237586664910836e-06,-6.505193590110853e-07,1,14.118,1.71737e-05,-0.024,1.7173698493354468e-05,-7.193702423626603e-09,5.0,1,39.09,48.561,3.519,3.761,3.801,3.691,8.887,3.481,7.23037,8.00297,-0.4951,1.1,18.1,7.228,8.0,-0.0027,-0.0027,0.008813560009002686,0.003995908891152482
250853.792424,1620399635.844259,267.0031,0,85.78,3.24847e-06,0.468,3.24836163403783e-06,2.6533665617119033e-08,1,14.1182,5.2783e-06,-172.92,-5.2380530811714024e-06,-6.505772888986974e-07,1,14.118,1.71737e-05,-0.024,1.7173698493354468e-05,-7.193702423626603e-09,5.0,1,39.094,48.561,3.519,3.771,3.801,3.691,8.887,3.481,7.22964,8.00273,-0.4587,1.1,18.1,7.228,8.0,-0.0027,-0.0027,0.008813560009002686,0.004160247988325658
250854.36724,1620399636.419075,267.0031,0,85.78,3.24661e-06,0.498,3.246487366022905e-06,2.8218333644267406e-08,1,14.1177,5.27737e-06,-172.938,-5.237334262827055e-06,-6.488173366347388e-07,1,14.118,1.71718e-05,-0.018,1.7171799152605645e-05,-5.39467998415239e-09,5.0,1,39.092,48.57,3.571,3.696,3.797,3.69,8.805,3.481,7.22633,8.00307,-0.2541,1.1,18.1,7.228,8.0,0.0027,0.0027,0.008419652469456196,0.005083953540914613
250854.616161,1620399636.667996,267.0031,0,85.78,3.24474e-06,0.498,3.244617436658287e-06,2.8202080295723917e-08,1,14.1177,5.27737e-06,-172.95,-5.237470035943687e-06,-6.47720417689636e-07,1,14.118,1.71718e-05,-0.018,1.7171799152605645e-05,-5.39467998415239e-09,5.0,1,39.092,48.57,3.603,3.581,3.797,3.69,8.722,3.481,7.22655,8.00296,-0.2309,1.1,18.1,7.228,8.0,0.0027,0.0027,0.008419652469456196,0.005188675501464675
250854.773109,1620399636.824944,267.0031,0,85.78,3.24474e-06,0.528,3.244602225319113e-06,2.9900954069336796e-08,1,14.1177,5.27737e-06,-172.962,-5.237605579319176e-06,-6.466234703323388e-07,1,14.118,1.717e-05,-0.018,1.716999915269447e-05,-5.394114497484045e-09,5.0,1,39.092,48.57,3.603,3.581,3.797,3.69,8.722,3.481,7.2269,8.0024,-0.1889,1.1,18.2,7.228,8.0,0.0027,0.0027,0.008813560009002686,0.005378259880443089
250854.915063,1620399636.966898,267.0031,0,85.78,3.24474e-06,0.528,3.244602225319113e-06,2.9900954069336796e-08,1,14.1177,5.27783e-06,-172.974,-5.23819743869115e-06,-6.45582761688597e-07,1,14.118,1.717e-05,-0.018,1.716999915269447e-05,-5.394114497484045e-09,5.0,1,39.089,48.551,3.544,3.566,3.794,3.69,8.636,3.481,7.22399,8.00299,-0.1173,1.2,18.1,7.228,8.0,0.0027,0.0027,0.008813560009002686,0.005701567542479369
250855.432899,1620399637.484734,267.0031,0,85.78,3.24847e-06,0.588,3.24829893764746e-06,3.333695514562413e-08,1,14.1177,5.27737e-06,-173.022,-5.2382798498717404e-06,-6.411383090470417e-07,1,14.118,1.71681e-05,-0.018,1.716809915278823e-05,-5.393517594889682e-09,5.0,1,39.088,48.56,3.424,3.566,3.792,3.689,8.636,3.481,7.22335,8.00205,-0.059,1.1,18.2,7.228,8.0,0.0027,0.0027,0.009207495488226414,0.005964764582785236
250855.690817,1620399637.742652,267.0031,0,85.78,3.24847e-06,0.618,3.2482810371895728e-06,3.50377558446817e-08,1,14.1177,5.27737e-06,-173.04,-5.238481010909843e-06,-6.394926232858261e-07,1,14.118,1.71681e-05,-0.012,1.7168099623461433e-05,-3.5956784294523113e-09,5.0,1,39.088,48.56,3.424,3.605,3.792,3.689,8.554,3.481,7.22494,8.00182,-0.0463,1.1,18.2,7.228,8.0,0.0027,0.0027,0.008813560009002686,0.006022044067758324
250855.847765,1620399637.8996,267.0031,0,85.78,3.24847e-06,0.618,3.2482810371895728e-06,3.50377558446817e-08,1,14.1182,5.27737e-06,-173.052,-5.238614831037942e-06,-6.383954643708797e-07,1,14.118,1.71681e-05,-0.012,1.7168099623461433e-05,-3.5956784294523113e-09,5.0,1,39.092,48.557,3.391,3.605,3.789,3.689,8.554,3.481,7.22634,8.00156,-0.0226,1.2,18.2,7.228,8.0,0.0027,0.0027,0.008813560009002686,0.006128985543126076
250856.417586,1620399638.469421,267.0031,0,85.78,3.25033e-06,0.678,3.2501024344506513e-06,3.846133744358307e-08,1,14.1177,5.27737e-06,-173.106,-5.239214177861807e-06,-6.334579034094032e-07,1,14.118,1.71663e-05,-0.018,1.7166299152877056e-05,-5.392952108221338e-09,5.0,1,39.087,48.556,3.391,3.664,3.786,3.689,8.47,3.481,7.21904,8.00108,0.0427,1.2,18.1,7.228,8.0,0.0027,0.0027,0.007216604892164469,0.006423986619019872
250856.683498,1620399638.735333,267.0031,0,85.78,3.25033e-06,0.678,3.2501024344506513e-06,3.846133744358307e-08,1,14.1177,5.27737e-06,-173.13,-5.2394790604448476e-06,-6.312632509975335e-07,1,14.118,1.71663e-05,-0.018,1.7166299152877056e-05,-5.392952108221338e-09,5.0,1,39.087,48.556,3.411,3.664,3.786,3.689,8.387,3.481,7.21649,8.00097,0.0503,1.2,18.2,7.228,8.0,0.0027,0.0027,0.008398388512432575,0.00645837436089792
250856.827452,1620399638.879287,267.0031,0,85.78,3.25033e-06,0.678,3.2501024344506513e-06,3.846133744358307e-08,1,14.1177,5.27737e-06,-173.148,-5.239677119082842e-06,-6.296171889805213e-07,1,14.118,1.71663e-05,-0.018,1.7166299152877056e-05,-5.392952108221338e-09,5.0,1,39.085,48.549,3.411,3.745,3.784,3.689,8.387,3.482,7.21573,8.00082,0.0644,1.2,18.2,7.228,8.0,0.0027,0.0027,0.008792324922978878,0.006522046123844308
250857.39827,1620399639.450105,267.0031,0,85.78,3.25033e-06,0.678,3.2501024344506513e-06,3.846133744358307e-08,1,14.1182,5.2783e-06,-173.268,-5.241907881342188e-06,-6.187508816338445e-07,1,14.118,1.71663e-05,-0.024,1.7166298494003665e-05,-7.190602718965705e-09,5.0,1,39.087,48.553,3.56,3.771,3.781,3.687,8.228,3.482,7.21767,8.0,0.1039,1.1,18.2,7.228,8.0,0.0021,0.0021,0.008398388512432575,0.006700287620892672
250857.767153,1620399639.818988,267.0031,0,85.78,3.25033e-06,0.648,3.2501221272419168e-06,3.675958259389614e-08,1,14.1182,5.27783e-06,-173.292,-5.241699820681927e-06,-6.165002017542669e-07,1,14.118,1.71663e-05,-0.024,1.7166298494003665e-05,-7.190602718965705e-09,5.0,1,39.089,48.553,3.56,3.727,3.781,3.687,8.228,3.482,7.22074,7.99973,0.1133,1.1,18.2,7.228,8.0,0.0021,0.0021,0.01076193992048502,0.006742621349213596
250857.905107,1620399639.956942,267.0031,0,85.78,3.25033e-06,0.648,3.2501221272419168e-06,3.675958259389614e-08,1,14.1177,5.2783e-06,-173.31,-5.2423600410304315e-06,-6.149081965687353e-07,1,14.118,1.71681e-05,-0.03,1.7168097646634006e-05,-8.989195728609299e-09,5.0,1,39.089,48.561,3.592,3.727,3.778,3.687,8.15,3.482,7.22098,7.99865,0.126,1.1,18.2,7.228,8.0,0.0021,0.0021,0.008792324922978878,0.0067999415817872584
250858.441937,1620399640.493772,267.0031,0,85.78,3.25406e-06,0.588,3.2538886432816354e-06,3.339432171489029e-08,1,14.1177,5.27783e-06,-173.364,-5.242470398800193e-06,-6.099128024592965e-07,1,14.118,1.71681e-05,-0.03,1.7168097646634006e-05,-8.989195728609299e-09,5.0,1,39.092,48.56,3.592,3.616,3.776,3.686,8.15,3.482,7.22579,7.9987,0.1409,1.1,18.2,7.228,8.0,0.0021,0.0021,0.008792324922978878,0.006867046746839434
250858.670863,1620399640.722698,267.0031,0,85.78,3.25406e-06,0.588,3.2538886432816354e-06,3.339432171489029e-08,1,14.1177,5.27783e-06,-173.376,-5.242598023657652e-06,-6.088148086576729e-07,1,14.118,1.71681e-05,-0.024,1.7168098493845752e-05,-7.1913567011805175e-09,5.0,1,39.092,48.56,3.572,3.567,3.776,3.686,8.074,3.482,7.22221,7.99858,0.1475,1.2,18.2,7.228,8.0,0.0021,0.0021,0.008792324922978878,0.006896953467364246
250858.812818,1620399640.864653,267.0031,0,85.78,3.25406e-06,0.558,3.2539056824707855e-06,3.1690585105561454e-08,1,14.1182,5.27737e-06,-173.382,-5.242204815009767e-06,-6.082127870970924e-07,1,14.118,1.71681e-05,-0.024,1.7168098493845752e-05,-7.1913567011805175e-09,5.0,1,39.09,48.56,3.572,3.567,3.776,3.686,8.074,3.482,7.2225,7.99829,0.1506,1.1,18.2,7.228,8.0,0.0021,0.0021,0.008792324922978878,0.006910937628850398
250858.971767,1620399641.023602,267.0031,0,85.78,3.25406e-06,0.528,3.2539218295832374e-06,2.998683980807895e-08,1,14.1177,5.27737e-06,-173.394,-5.242332083822671e-06,-6.071148489564885e-07,1,14.118,1.717e-05,-0.024,1.7169998493679067e-05,-7.1921525712961534e-09,5.0,1,39.086,48.567,3.459,3.569,3.773,3.685,8.0,3.482,7.22855,7.99836,0.165,1.1,18.2,7.228,8.0,0.0021,0.0021,0.008398388512432575,0.006975746121944339
250859.495598,1620399641.547433,267.0031,0,85.78,3.25592e-06,0.438,3.2558248640693362e-06,2.4889775167496412e-08,1,14.1177,5.27737e-06,-173.388,-5.242268478160172e-06,-6.076638213586825e-07,1,14.118,1.71718e-05,-0.024,1.7171798493521153e-05,-7.192906553510967e-09,5.0,1,39.086,48.557,3.402,3.569,3.77,3.685,7.931,3.482,7.23857,7.99822,0.1725,1.0,18.2,7.228,8.0,0.0021,0.0021,0.01036800630390644,0.007009281133268041
250859.781509,1620399641.833344,267.0031,0,85.78,3.25592e-06,0.408,3.255837450023117e-06,2.318502592116499e-08,1,14.1177,5.27783e-06,-173.382,-5.242661749849452e-06,-6.082658017392465e-07,1,14.118,1.71718e-05,-0.024,1.7171798493521153e-05,-7.192906553510967e-09,5.0,1,39.087,48.557,3.402,3.645,3.77,3.685,7.931,3.482,7.24225,7.99876,0.177,1.0,18.1,7.228,8.0,0.0021,0.0021,0.008792324922978878,0.007029476586419775
250859.968466,1620399642.020301,267.0031,0,85.78,3.25406e-06,0.408,3.2539774971812037e-06,2.317178107847433e-08,1,14.1172,5.27737e-06,-173.364,-5.242013480638098e-06,-6.098596442694473e-07,1,14.118,1.71737e-05,-0.024,1.7173698493354468e-05,-7.193702423626603e-09,5.0,1,39.087,48.56,3.391,3.712,3.767,3.685,7.862,3.482,7.24668,7.99967,0.1854,1.0,18.2,7.228,8.0,0.0021,0.0021,0.008792324922978878,0.00706725264225551
250860.460309,1620399642.512144,267.0031,0,85.78,3.25406e-06,0.354,3.253997890871062e-06,2.010496970113549e-08,1,14.1177,5.27737e-06,-173.322,-5.241565021824757e-06,-6.137020766489508e-07,1,14.118,1.71737e-05,-0.018,1.7173699152511882e-05,-5.395276886746754e-09,5.0,1,39.086,48.563,3.391,3.712,3.765,3.685,7.862,3.482,7.24937,7.9999,0.1909,1.0,18.1,7.228,8.0,0.0021,0.0021,0.008792324922978878,0.00709199367167164
250860.641249,1620399642.693084,267.0031,0,85.78,3.25406e-06,0.354,3.253997890871062e-06,2.010496970113549e-08,1,14.1177,5.2783e-06,-173.31,-5.2423600410304315e-06,-6.149081965687353e-07,1,14.118,1.71737e-05,-0.018,1.7173699152511882e-05,-5.395276886746754e-09,5.0,1,39.086,48.563,3.438,3.712,3.765,3.684,7.794,3.482,7.25017,8.00059,0.1943,1.0,18.1,7.228,8.0,0.0021,0.0021,0.008398388512432575,0.007107315687358542
250860.801201,1620399642.853036,267.0031,0,85.78,3.25406e-06,0.324,3.254007971757111e-06,1.8401177711580806e-08,1,14.1182,5.2783e-06,-173.292,-5.242166603226215e-06,-6.165551021763767e-07,1,14.118,1.71737e-05,-0.018,1.7173699152511882e-05,-5.395276886746754e-09,5.0,1,39.086,48.563,3.438,3.759,3.765,3.684,7.794,3.482,7.24988,8.00115,0.1959,1.0,18.1,7.228,8.0,0.0021,0.0021,0.007610543165355921,0.007114547340068544
250860.942154,1620399642.993989,267.0031,0,85.78,3.25406e-06,0.294,3.2540171605384195e-06,1.6697380677238886e-08,1,14.1177,5.27923e-06,-173.28,-5.242960968027779e-06,-6.177618316448637e-07,1,14.118,1.71756e-05,-0.018,1.717559915241812e-05,-5.395873789341116e-09,5.0,1,39.09,48.561,3.523,3.763,3.762,3.684,7.724,3.482,7.24824,8.00243,0.2018,1.1,18.1,7.228,8.0,0.0021,0.0021,0.008398388512432575,0.007141232296428913
250861.450991,1620399643.502826,267.0031,0,85.78,3.25592e-06,0.264,3.255885437468031e-06,1.5002149299649048e-08,1,14.1182,5.28296e-06,-173.22,-5.246015089977327e-06,-6.236922617206162e-07,1,14.118,1.71774e-05,-0.018,1.7177399152329294e-05,-5.39643927600946e-09,5.0,1,39.09,48.567,3.523,3.763,3.76,3.683,7.724,3.482,7.24432,8.00442,0.2071,1.1,18.1,7.228,8.0,0.0021,0.0021,0.008813560009002686,0.007165281724179116
250861.701911,1620399643.753746,267.0031,0,85.78,3.25592e-06,0.264,3.255885437468031e-06,1.5002149299649048e-08,1,14.1177,5.28435e-06,-173.202,-5.247199120197737e-06,-6.255048484992663e-07,1,14.118,1.71774e-05,-0.018,1.7177399152329294e-05,-5.39643927600946e-09,5.0,1,39.09,48.567,3.568,3.763,3.76,3.683,7.658,3.482,7.24237,8.00476,0.2082,1.1,18.1,7.228,8.0,0.0021,0.0021,0.008419652469456196,0.007170309432512319
250861.839866,1620399643.891701,267.0031,0,85.78,3.25592e-06,0.264,3.255885437468031e-06,1.5002149299649048e-08,1,14.1182,5.28528e-06,-173.19,-5.2479914383752805e-06,-6.267140824488948e-07,1,14.118,1.71774e-05,-0.018,1.7177399152329294e-05,-5.39643927600946e-09,5.0,1,39.089,48.567,3.568,3.701,3.76,3.683,7.658,3.482,7.23607,8.005,0.2104,1.2,18.1,7.228,8.0,0.0021,0.0021,0.008813560009002686,0.007180441552295585
250862.444673,1620399644.496508,267.0031,0,85.78,3.25964e-06,0.264,3.2596053979791554e-06,1.5019289768516434e-08,1,14.1177,5.28808e-06,-173.106,-5.249846743674872e-06,-6.347434555206848e-07,1,14.118,1.71793e-05,-0.018,1.7179299152235535e-05,-5.397036178603824e-09,5.0,1,39.09,48.557,3.594,3.587,3.756,3.682,7.598,3.482,7.22057,8.00536,0.2172,1.1,18.1,7.228,8.0,0.0021,0.0021,0.008813560009002686,0.007211632133645602
250862.692594,1620399644.744429,267.0031,0,85.78,3.25964e-06,0.264,3.2596053979791554e-06,1.5019289768516434e-08,1,14.1177,5.28854e-06,-173.082,-5.250037053391042e-06,-6.369978568418375e-07,1,14.118,1.71793e-05,-0.012,1.717929962321579e-05,-3.5980241519498426e-09,5.0,1,39.09,48.557,3.524,3.561,3.756,3.681,7.537,3.482,7.2206,8.00527,0.2179,1.1,18.1,7.228,8.0,0.0021,0.0021,0.008813560009002686,0.007214790979945648
250862.832548,1620399644.884383,267.0031,0,85.78,3.25964e-06,0.264,3.2596053979791554e-06,1.5019289768516434e-08,1,14.1172,5.28854e-06,-173.064,-5.2498366755366516e-06,-6.386471731639263e-07,1,14.118,1.71793e-05,-0.012,1.717929962321579e-05,-3.5980241519498426e-09,5.0,1,39.086,48.557,3.524,3.561,3.753,3.681,7.537,3.483,7.21927,8.00486,0.2195,1.2,18.1,7.228,8.0,0.0021,0.0021,0.009207495488226414,0.0072220559004926915
250862.995496,1620399645.047331,267.0031,0,85.78,3.25964e-06,0.264,3.2596053979791554e-06,1.5019289768516434e-08,1,14.1177,5.28901e-06,-173.022,-5.2498336309127715e-06,-6.425524319751873e-07,1,14.118,1.71793e-05,-0.012,1.717929962321579e-05,-3.5980241519498426e-09,5.0,1,39.089,48.558,3.41,3.597,3.753,3.681,7.479,3.483,7.20851,8.00389,0.2223,1.2,18.1,7.228,8.0,0.0021,0.0021,0.008025715127587318,0.007235039044630297
250863.523329,1620399645.575164,267.0031,0,85.78,3.26151e-06,0.294,3.261467062459715e-06,1.6735608456089128e-08,1,14.1177,5.28808e-06,-172.974,-5.248370468846836e-06,-6.468365389620802e-07,1,14.118,1.71793e-05,-0.012,1.717929962321579e-05,-3.5980241519498426e-09,5.0,1,39.089,48.557,3.382,3.597,3.751,3.68,7.479,3.483,7.21084,8.00241,0.2241,1.2,18.2,7.228,8.0,0.0021,0.0021,0.008813560009002686,0.0072430897930305885
250863.724265,1620399645.7761,267.0031,0,85.78,3.26151e-06,0.294,3.261467062459715e-06,1.6735608456089128e-08,1,14.1177,5.28668e-06,-172.968,-5.246913234400559e-06,-6.472147503512717e-07,1,14.118,1.71793e-05,-0.012,1.717929962321579e-05,-3.5980241519498426e-09,5.0,1,39.089,48.557,3.382,3.663,3.751,3.68,7.421,3.483,7.21215,8.00174,0.2248,1.1,18.2,7.228,8.0,0.0021,0.0021,0.008813560009002686,0.0072462077284513714
250863.883212,1620399645.935047,267.0031,0,85.78,3.26151e-06,0.324,3.2614578526411726e-06,1.844330624453695e-08,1,14.1177,5.28528e-06,-172.956,-5.245388133805476e-06,-6.481419629469412e-07,1,14.118,1.71793e-05,-0.012,1.717929962321579e-05,-3.5980241519498426e-09,5.0,1,39.076,48.552,3.399,3.663,3.749,3.68,7.421,3.483,7.21803,8.00018,0.2264,1.1,18.2,7.228,8.0,0.0016,0.0016,0.008419652469456196,0.00725324219230919
