  5.0000	621
  5.0200	657
  5.0400	650
  5.0600	609
  5.0800	595
  5.1000	619
  5.1200	620
  5.1400	625
  5.1600	574
  5.1800	588
  5.2000	609
  5.2200	614
  5.2400	600
  5.2600	600
  5.2800	639
  5.3000	617
  5.3200	594
  5.3400	580
  5.3600	582
  5.3800	562
  5.4000	583
  5.4200	609
  5.4400	664
  5.4600	599
  5.4800	571
  5.5000	560
  5.5200	615
  5.5400	604
  5.5600	570
  5.5800	607
  5.6000	580
  5.6200	608
  5.6400	609
  5.6600	633
  5.6800	584
  5.7000	586
  5.7200	594
  5.7400	599
  5.7600	616
  5.7800	575
  5.8000	618
  5.8200	581
  5.8400	542
  5.8600	564
  5.8800	597
  5.9000	596
  5.9200	576
  5.9400	546
  5.9600	613
  5.9800	603
  6.0000	594
  6.0200	627
  6.0400	590
  6.0600	596
  6.0800	609
  6.1000	547
  6.1200	604
  6.1400	556
  6.1600	533
  6.1800	574
  6.2000	567
  6.2200	555
  6.2400	554
  6.2600	549
  6.2800	541
  6.3000	563
  6.3200	609
  6.3400	582
  6.3600	579
  6.3800	595
  6.4000	571
  6.4200	586
  6.4400	584
  6.4600	577
  6.4800	546
  6.5000	553
  6.5200	567
  6.5400	560
  6.5600	543
  6.5800	623
  6.6000	563
  6.6200	601
  6.6400	572
  6.6600	534
  6.6800	584
  6.7000	608
  6.7200	534
  6.7400	526
  6.7600	577
  6.7800	568
  6.8000	569
  6.8200	561
  6.8400	565
  6.8600	559
  6.8800	552
  6.9000	566
  6.9200	594
  6.9400	592
  6.9600	567
  6.9800	630
  7.0000	535
  7.0200	493
  7.0400	578
  7.0600	537
  7.0800	565
  7.1000	543
  7.1200	584
  7.1400	583
  7.1600	572
  7.1800	576
  7.2000	552
  7.2200	535
  7.2400	565
  7.2600	527
  7.2800	541
  7.3000	527
  7.3200	596
  7.3400	567
  7.3600	558
  7.3800	590
  7.4000	561
  7.4200	564
  7.4400	575
  7.4600	542
  7.4800	571
  7.5000	568
  7.5200	600
  7.5400	567
  7.5600	540
  7.5800	581
  7.6000	583
  7.6200	581
  7.6400	533
  7.6600	576
  7.6800	571
  7.7000	582
  7.7200	574
  7.7400	576
  7.7600	566
  7.7800	562
  7.8000	541
  7.8200	538
  7.8400	585
  7.8600	549
  7.8800	575
  7.9000	549
  7.9200	551
  7.9400	563
  7.9600	561
  7.9800	544
  8.0000	548
  8.0200	541
  8.0400	551
  8.0600	546
  8.0800	554
  8.1000	544
  8.1200	569
  8.1400	555
  8.1600	555
  8.1800	538
  8.2000	543
  8.2200	587
  8.2400	581
  8.2600	544
  8.2800	548
  8.3000	552
  8.3200	597
  8.3400	519
  8.3600	600
  8.3800	572
  8.4000	589
  8.4200	559
  8.4400	548
  8.4600	539
  8.4800	603
  8.5000	565
  8.5200	586
  8.5400	584
  8.5600	514
  8.5800	542
  8.6000	563
  8.6200	547
  8.6400	587
  8.6600	599
  8.6800	563
  8.7000	572
  8.7200	507
  8.7400	605
  8.7600	582
  8.7800	542
  8.8000	553
  8.8200	533
  8.8400	613
  8.8600	565
  8.8800	600
  8.9000	642
  8.9200	616
  8.9400	611
  8.9600	589
  8.9800	637
  9.0000	641
  9.0200	602
  9.0400	713
  9.0600	698
  9.0800	731
  9.1000	804
  9.1200	828
  9.1400	853
  9.1600	915
  9.1800	1019
  9.2000	943
  9.2200	835
  9.2400	837
  9.2600	717
  9.2800	694
  9.3000	622
  9.3200	588
  9.3400	578
  9.3600	566
  9.3800	598
  9.4000	552
  9.4200	576
  9.4400	575
  9.4600	579
  9.4800	547
  9.5000	566
  9.5200	545
  9.5400	536
  9.5600	552
  9.5800	531
  9.6000	556
  9.6200	580
  9.6400	555
  9.6600	522
  9.6800	568
  9.7000	551
  9.7200	548
  9.7400	567
  9.7600	505
  9.7800	513
  9.8000	551
  9.8200	585
  9.8400	520
  9.8600	519
  9.8800	565
  9.9000	525
  9.9200	478
  9.9400	513
  9.9600	532
  9.9800	540
 10.0000	526
 10.0200	547
 10.0400	545
 10.0600	544
 10.0800	514
 10.1000	495
 10.1200	524
 10.1400	503
 10.1600	513
 10.1800	553
 10.2000	528
 10.2200	540
 10.2400	518
 10.2600	524
 10.2800	575
 10.3000	571
 10.3200	519
 10.3400	553
 10.3600	530
 10.3800	500
 10.4000	493
 10.4200	525
 10.4400	550
 10.4600	519
 10.4800	535
 10.5000	513
 10.5200	504
 10.5400	502
 10.5600	516
 10.5800	501
 10.6000	531
 10.6200	519
 10.6400	521
 10.6600	501
 10.6800	541
 10.7000	526
 10.7200	516
 10.7400	578
 10.7600	534
 10.7800	525
 10.8000	507
 10.8200	546
 10.8400	536
 10.8600	559
 10.8800	567
 10.9000	550
 10.9200	555
 10.9400	554
 10.9600	531
 10.9800	511
 11.0000	492
 11.0200	548
 11.0400	504
 11.0600	542
 11.0800	552
 11.1000	515
 11.1200	516
 11.1400	478
 11.1600	519
 11.1800	537
 11.2000	500
 11.2200	512
 11.2400	535
 11.2600	525
 11.2800	481
 11.3000	511
 11.3200	557
 11.3400	514
 11.3600	534
 11.3800	508
 11.4000	540
 11.4200	484
 11.4400	506
 11.4600	546
 11.4800	525
 11.5000	525
 11.5200	529
 11.5400	508
 11.5600	514
 11.5800	533
 11.6000	516
 11.6200	544
 11.6400	515
 11.6600	480
 11.6800	498
 11.7000	530
 11.7200	483
 11.7400	521
 11.7600	522
 11.7800	485
 11.8000	550
 11.8200	536
 11.8400	527
 11.8600	550
 11.8800	494
 11.9000	560
 11.9200	472
 11.9400	509
 11.9600	523
 11.9800	480
 12.0000	536
 12.0200	538
 12.0400	491
 12.0600	456
 12.0800	526
 12.1000	499
 12.1200	495
 12.1400	530
 12.1600	486
 12.1800	513
 12.2000	508
 12.2200	494
 12.2400	504
 12.2600	528
 12.2800	517
 12.3000	522
 12.3200	485
 12.3400	519
 12.3600	559
 12.3800	500
 12.4000	496
 12.4200	545
 12.4400	533
 12.4600	511
 12.4800	522
 12.5000	484
 12.5200	477
 12.5400	477
 12.5600	524
 12.5800	499
 12.6000	490
 12.6200	508
 12.6400	469
 12.6600	518
 12.6800	529
 12.7000	493
 12.7200	528
 12.7400	500
 12.7600	477
 12.7800	488
 12.8000	515
 12.8200	505
 12.8400	490
 12.8600	502
 12.8800	533
 12.9000	489
 12.9200	513
 12.9400	503
 12.9600	540
 12.9800	511
 13.0000	507
 13.0200	518
 13.0400	479
 13.0600	497
 13.0800	515
 13.1000	501
 13.1200	478
 13.1400	514
 13.1600	530
 13.1800	535
 13.2000	487
 13.2200	512
 13.2400	472
 13.2600	504
 13.2800	521
 13.3000	509
 13.3200	532
 13.3400	487
 13.3600	503
 13.3800	486
 13.4000	454
 13.4200	474
 13.4400	480
 13.4600	491
 13.4800	511
 13.5000	499
 13.5200	482
 13.5400	489
 13.5600	466
 13.5800	487
 13.6000	487
 13.6200	515
 13.6400	483
 13.6600	483
 13.6800	518
 13.7000	466
 13.7200	457
 13.7400	475
 13.7600	489
 13.7800	498
 13.8000	494
 13.8200	472
 13.8400	467
 13.8600	480
 13.8800	479
 13.9000	502
 13.9200	438
 13.9400	469
 13.9600	519
 13.9800	483
 14.0000	526
 14.0200	542
 14.0400	465
 14.0600	483
 14.0800	490
 14.1000	464
 14.1200	484
 14.1400	513
 14.1600	461
 14.1800	494
 14.2000	495
 14.2200	485
 14.2400	476
 14.2600	458
 14.2800	470
 14.3000	491
 14.3200	534
 14.3400	440
 14.3600	454
 14.3800	458
 14.4000	502
 14.4200	486
 14.4400	470
 14.4600	460
 14.4800	492
 14.5000	483
 14.5200	484
 14.5400	511
 14.5600	467
 14.5800	495
 14.6000	490
 14.6200	507
 14.6400	464
 14.6600	459
 14.6800	489
 14.7000	460
 14.7200	546
 14.7400	474
 14.7600	491
 14.7800	486
 14.8000	494
 14.8200	516
 14.8400	456
 14.8600	425
 14.8800	484
 14.9000	436
 14.9200	478
 14.9400	496
 14.9600	495
 14.9800	507
 15.0000	462
 15.0200	500
 15.0400	482
 15.0600	478
 15.0800	462
 15.1000	481
 15.1200	461
 15.1400	488
 15.1600	535
 15.1800	465
 15.2000	523
 15.2200	449
 15.2400	462
 15.2600	449
 15.2800	477
 15.3000	445
 15.3200	443
 15.3400	474
 15.3600	482
 15.3800	489
 15.4000	477
 15.4200	450
 15.4400	475
 15.4600	482
 15.4800	456
 15.5000	477
 15.5200	462
 15.5400	478
 15.5600	421
 15.5800	487
 15.6000	474
 15.6200	452
 15.6400	484
 15.6600	490
 15.6800	458
 15.7000	472
 15.7200	458
 15.7400	459
 15.7600	472
 15.7800	541
 15.8000	448
 15.8200	486
 15.8400	478
 15.8600	464
 15.8800	454
 15.9000	487
 15.9200	465
 15.9400	508
 15.9600	467
 15.9800	457
 16.0000	500
 16.0200	471
 16.0400	492
 16.0600	433
 16.0800	422
 16.1000	446
 16.1200	508
 16.1400	448
 16.1600	452
 16.1800	480
 16.2000	432
 16.2200	476
 16.2400	465
 16.2600	453
 16.2800	451
 16.3000	465
 16.3200	503
 16.3400	468
 16.3600	480
 16.3800	415
 16.4000	457
 16.4200	483
 16.4400	456
 16.4600	478
 16.4800	451
 16.5000	439
 16.5200	430
 16.5400	495
 16.5600	468
 16.5800	456
 16.6000	450
 16.6200	460
 16.6400	479
 16.6600	416
 16.6800	471
 16.7000	476
 16.7200	459
 16.7400	456
 16.7600	475
 16.7800	481
 16.8000	483
 16.8200	472
 16.8400	479
 16.8600	426
 16.8800	467
 16.9000	436
 16.9200	472
 16.9400	480
 16.9600	450
 16.9800	431
 17.0000	487
 17.0200	458
 17.0400	456
 17.0600	482
 17.0800	433
 17.1000	459
 17.1200	445
 17.1400	455
 17.1600	463
 17.1800	448
 17.2000	445
 17.2200	454
 17.2400	467
 17.2600	461
 17.2800	481
 17.3000	449
 17.3200	456
 17.3400	433
 17.3600	443
 17.3800	421
 17.4000	448
 17.4200	471
 17.4400	460
 17.4600	436
 17.4800	448
 17.5000	446
 17.5200	470
 17.5400	462
 17.5600	409
 17.5800	458
 17.6000	490
 17.6200	465
 17.6400	460
 17.6600	472
 17.6800	444
 17.7000	477
 17.7200	514
 17.7400	473
 17.7600	495
 17.7800	422
 17.8000	476
 17.8200	450
 17.8400	461
 17.8600	514
 17.8800	479
 17.9000	504
 17.9200	521
 17.9400	469
 17.9600	497
 17.9800	474
 18.0000	510
 18.0200	499
 18.0400	524
 18.0600	549
 18.0800	543
 18.1000	577
 18.1200	576
 18.1400	577
 18.1600	640
 18.1800	648
 18.2000	698
 18.2200	650
 18.2400	753
 18.2600	792
 18.2800	797
 18.3000	913
 18.3200	996
 18.3400	1068
 18.3600	1121
 18.3800	1369
 18.4000	1501
 18.4200	1711
 18.4400	2082
 18.4600	2245
 18.4800	2358
 18.5000	2794
 18.5200	2851
 18.5400	2851
 18.5600	2724
 18.5800	2466
 18.6000	2226
 18.6200	1773
 18.6400	1397
 18.6600	1126
 18.6800	917
 18.7000	733
 18.7200	690
 18.7400	644
 18.7600	602
 18.7800	529
 18.8000	564
 18.8200	507
 18.8400	564
 18.8600	493
 18.8800	514
 18.9000	503
 18.9200	500
 18.9400	497
 18.9600	496
 18.9800	483
 19.0000	448
 19.0200	487
 19.0400	499
 19.0600	491
 19.0800	450
 19.1000	494
 19.1200	425
 19.1400	474
 19.1600	408
 19.1800	473
 19.2000	457
 19.2200	427
 19.2400	425
 19.2600	479
 19.2800	443
 19.3000	446
 19.3200	469
 19.3400	501
 19.3600	446
 19.3800	481
 19.4000	457
 19.4200	423
 19.4400	404
 19.4600	414
 19.4800	387
 19.5000	429
 19.5200	427
 19.5400	445
 19.5600	460
 19.5800	406
 19.6000	403
 19.6200	417
 19.6400	476
 19.6600	383
 19.6800	387
 19.7000	452
 19.7200	413
 19.7400	429
 19.7600	446
 19.7800	433
 19.8000	434
 19.8200	393
 19.8400	418
 19.8600	429
 19.8800	446
 19.9000	445
 19.9200	372
 19.9400	397
 19.9600	392
 19.9800	413
 20.0000	424
 20.0200	408
 20.0400	430
 20.0600	411
 20.0800	444
 20.1000	439
 20.1200	407
 20.1400	437
 20.1600	430
 20.1800	402
 20.2000	436
 20.2200	424
 20.2400	419
 20.2600	410
 20.2800	398
 20.3000	453
 20.3200	419
 20.3400	387
 20.3600	426
 20.3800	415
 20.4000	395
 20.4200	440
 20.4400	384
 20.4600	432
 20.4800	410
 20.5000	444
 20.5200	419
 20.5400	433
 20.5600	417
 20.5800	417
 20.6000	427
 20.6200	432
 20.6400	405
 20.6600	411
 20.6800	418
 20.7000	398
 20.7200	413
 20.7400	400
 20.7600	406
 20.7800	404
 20.8000	409
 20.8200	427
 20.8400	371
 20.8600	380
 20.8800	394
 20.9000	410
 20.9200	423
 20.9400	415
 20.9600	408
 20.9800	417
 21.0000	442
 21.0200	380
 21.0400	391
 21.0600	445
 21.0800	410
 21.1000	397
 21.1200	405
 21.1400	419
 21.1600	443
 21.1800	406
 21.2000	393
 21.2200	362
 21.2400	422
 21.2600	408
 21.2800	369
 21.3000	428
 21.3200	431
 21.3400	417
 21.3600	378
 21.3800	395
 21.4000	393
 21.4200	386
 21.4400	434
 21.4600	410
 21.4800	385
 21.5000	382
 21.5200	380
 21.5400	410
 21.5600	390
 21.5800	341
 21.6000	437
 21.6200	434
 21.6400	376
 21.6600	396
 21.6800	410
 21.7000	388
 21.7200	404
 21.7400	426
 21.7600	385
 21.7800	396
 21.8000	366
 21.8200	403
 21.8400	385
 21.8600	371
 21.8800	376
 21.9000	430
 21.9200	397
 21.9400	394
 21.9600	360
 21.9800	396
 22.0000	402
 22.0200	408
 22.0400	391
 22.0600	377
 22.0800	374
 22.1000	377
 22.1200	387
 22.1400	389
 22.1600	364
 22.1800	377
 22.2000	407
 22.2200	404
 22.2400	351
 22.2600	398
 22.2800	398
 22.3000	380
 22.3200	385
 22.3400	380
 22.3600	374
 22.3800	369
 22.4000	351
 22.4200	371
 22.4400	421
 22.4600	383
 22.4800	350
 22.5000	398
 22.5200	390
 22.5400	384
 22.5600	400
 22.5800	354
 22.6000	343
 22.6200	368
 22.6400	403
 22.6600	361
 22.6800	401
 22.7000	379
 22.7200	385
 22.7400	382
 22.7600	362
 22.7800	383
 22.8000	401
 22.8200	363
 22.8400	365
 22.8600	369
 22.8800	380
 22.9000	390
 22.9200	390
 22.9400	366
 22.9600	353
 22.9800	362
 23.0000	424
 23.0200	417
 23.0400	341
 23.0600	377
 23.0800	383
 23.1000	357
 23.1200	403
 23.1400	381
 23.1600	363
 23.1800	349
 23.2000	358
 23.2200	382
 23.2400	358
 23.2600	381
 23.2800	397
 23.3000	412
 23.3200	385
 23.3400	372
 23.3600	386
 23.3800	378
 23.4000	361
 23.4200	345
 23.4400	368
 23.4600	344
 23.4800	377
 23.5000	387
 23.5200	362
 23.5400	364
 23.5600	360
 23.5800	381
 23.6000	361
 23.6200	388
 23.6400	343
 23.6600	376
 23.6800	371
 23.7000	355
 23.7200	306
 23.7400	368
 23.7600	373
 23.7800	369
 23.8000	367
 23.8200	359
 23.8400	379
 23.8600	330
 23.8800	355
 23.9000	320
 23.9200	351
 23.9400	347
 23.9600	330
 23.9800	351
 24.0000	392
 24.0200	347
 24.0400	363
 24.0600	358
 24.0800	395
 24.1000	361
 24.1200	402
 24.1400	359
 24.1600	325
 24.1800	383
 24.2000	358
 24.2200	368
 24.2400	345
 24.2600	383
 24.2800	358
 24.3000	347
 24.3200	380
 24.3400	387
 24.3600	380
 24.3800	364
 24.4000	347
 24.4200	354
 24.4400	335
 24.4600	347
 24.4800	375
 24.5000	379
 24.5200	411
 24.5400	386
 24.5600	402
 24.5800	386
 24.6000	446
 24.6200	399
 24.6400	415
 24.6600	401
 24.6800	397
 24.7000	410
 24.7200	386
 24.7400	405
 24.7600	409
 24.7800	428
 24.8000	423
 24.8200	434
 24.8400	444
 24.8600	453
 24.8800	501
 24.9000	446
 24.9200	487
 24.9400	480
 24.9600	475
 24.9800	474
 25.0000	515
 25.0200	431
 25.0400	491
 25.0600	461
 25.0800	426
 25.1000	457
 25.1200	458
 25.1400	426
 25.1600	398
 25.1800	401
 25.2000	357
 25.2200	397
 25.2400	390
 25.2600	348
 25.2800	379
 25.3000	393
 25.3200	390
 25.3400	386
 25.3600	381
 25.3800	357
 25.4000	360
 25.4200	378
 25.4400	387
 25.4600	414
 25.4800	407
 25.5000	365
 25.5200	401
 25.5400	366
 25.5600	368
 25.5800	372
 25.6000	408
 25.6200	372
 25.6400	372
 25.6600	392
 25.6800	351
 25.7000	331
 25.7200	369
 25.7400	351
 25.7600	332
 25.7800	355
 25.8000	367
 25.8200	342
 25.8400	330
 25.8600	344
 25.8800	336
 25.9000	368
 25.9200	365
 25.9400	352
 25.9600	339
 25.9800	330
 26.0000	369
 26.0200	316
 26.0400	352
 26.0600	336
 26.0800	361
 26.1000	338
 26.1200	332
 26.1400	357
 26.1600	305
 26.1800	378
 26.2000	337
 26.2200	329
 26.2400	317
 26.2600	318
 26.2800	376
 26.3000	366
 26.3200	338
 26.3400	361
 26.3600	345
 26.3800	335
 26.4000	345
 26.4200	318
 26.4400	358
 26.4600	337
 26.4800	311
 26.5000	363
 26.5200	315
 26.5400	349
 26.5600	335
 26.5800	352
 26.6000	313
 26.6200	306
 26.6400	359
 26.6600	310
 26.6800	350
 26.7000	316
 26.7200	326
 26.7400	315
 26.7600	317
 26.7800	338
 26.8000	330
 26.8200	319
 26.8400	354
 26.8600	317
 26.8800	329
 26.9000	335
 26.9200	303
 26.9400	356
 26.9600	373
 26.9800	286
 27.0000	351
 27.0200	319
 27.0400	354
 27.0600	351
 27.0800	311
 27.1000	319
 27.1200	344
 27.1400	311
 27.1600	326
 27.1800	340
 27.2000	332
 27.2200	333
 27.2400	330
 27.2600	342
 27.2800	346
 27.3000	381
 27.3200	356
 27.3400	334
 27.3600	348
 27.3800	321
 27.4000	352
 27.4200	385
 27.4400	369
 27.4600	322
 27.4800	383
 27.5000	315
 27.5200	375
 27.5400	321
 27.5600	384
 27.5800	357
 27.6000	370
 27.6200	374
 27.6400	410
 27.6600	383
 27.6800	389
 27.7000	443
 27.7200	400
 27.7400	398
 27.7600	421
 27.7800	419
 27.8000	436
 27.8200	448
 27.8400	433
 27.8600	460
 27.8800	485
 27.9000	513
 27.9200	493
 27.9400	514
 27.9600	507
 27.9800	560
 28.0000	511
 28.0200	562
 28.0400	515
 28.0600	471
 28.0800	481
 28.1000	406
 28.1200	397
 28.1400	376
 28.1600	378
 28.1800	380
 28.2000	341
 28.2200	332
 28.2400	369
 28.2600	363
 28.2800	317
 28.3000	351
 28.3200	326
 28.3400	348
 28.3600	309
 28.3800	358
 28.4000	347
 28.4200	284
 28.4400	315
 28.4600	338
 28.4800	316
 28.5000	350
 28.5200	307
 28.5400	338
 28.5600	342
 28.5800	301
 28.6000	329
 28.6200	355
 28.6400	348
 28.6600	366
 28.6800	347
 28.7000	354
 28.7200	336
 28.7400	349
 28.7600	344
 28.7800	369
 28.8000	382
 28.8200	399
 28.8400	376
 28.8600	395
 28.8800	415
 28.9000	430
 28.9200	408
 28.9400	447
 28.9600	466
 28.9800	496
 29.0000	515
 29.0200	552
 29.0400	563
 29.0600	590
 29.0800	733
 29.1000	761
 29.1200	824
 29.1400	832
 29.1600	883
 29.1800	1020
 29.2000	1126
 29.2200	1159
 29.2400	1278
 29.2600	1455
 29.2800	1565
 29.3000	1630
 29.3200	1651
 29.3400	1742
 29.3600	1834
 29.3800	1791
 29.4000	1662
 29.4200	1579
 29.4400	1499
 29.4600	1384
 29.4800	1208
 29.5000	1022
 29.5200	933
 29.5400	808
 29.5600	752
 29.5800	691
 29.6000	631
 29.6200	536
 29.6400	536
 29.6600	522
 29.6800	443
 29.7000	453
 29.7200	442
 29.7400	469
 29.7600	405
 29.7800	393
 29.8000	365
 29.8200	357
 29.8400	388
 29.8600	367
 29.8800	326
 29.9000	350
 29.9200	368
 29.9400	369
 29.9600	344
 29.9800	313
 30.0000	357
 30.0200	343
 30.0400	296
 30.0600	342
 30.0800	330
 30.1000	311
 30.1200	314
 30.1400	327
 30.1600	300
 30.1800	313
 30.2000	305
 30.2200	319
 30.2400	308
 30.2600	317
 30.2800	328
 30.3000	293
 30.3200	301
 30.3400	249
 30.3600	276
 30.3800	286
 30.4000	306
 30.4200	309
 30.4400	297
 30.4600	266
 30.4800	292
 30.5000	267
 30.5200	292
 30.5400	280
 30.5600	309
 30.5800	271
 30.6000	261
 30.6200	292
 30.6400	253
 30.6600	284
 30.6800	241
 30.7000	271
 30.7200	274
 30.7400	273
 30.7600	284
 30.7800	280
 30.8000	288
 30.8200	283
 30.8400	234
 30.8600	263
 30.8800	261
 30.9000	238
 30.9200	248
 30.9400	275
 30.9600	261
 30.9800	267
 31.0000	261
 31.0200	251
 31.0400	271
 31.0600	243
 31.0800	250
 31.1000	255
 31.1200	250
 31.1400	272
 31.1600	231
 31.1800	269
 31.2000	254
 31.2200	237
 31.2400	228
 31.2600	230
 31.2800	231
 31.3000	259
 31.3200	244
 31.3400	251
 31.3600	244
 31.3800	243
 31.4000	247
 31.4200	237
 31.4400	225
 31.4600	248
 31.4800	258
 31.5000	244
 31.5200	248
 31.5400	257
 31.5600	239
 31.5800	255
 31.6000	262
 31.6200	219
 31.6400	247
 31.6600	255
 31.6800	209
 31.7000	247
 31.7200	236
 31.7400	272
 31.7600	222
 31.7800	226
 31.8000	240
 31.8200	232
 31.8400	244
 31.8600	240
 31.8800	204
 31.9000	238
 31.9200	277
 31.9400	232
 31.9600	242
 31.9800	246
 32.0000	227
 32.0200	216
 32.0400	244
 32.0600	239
 32.0800	218
 32.1000	212
 32.1200	214
 32.1400	234
 32.1600	226
 32.1800	217
 32.2000	231
 32.2200	250
 32.2400	204
 32.2600	232
 32.2800	202
 32.3000	242
 32.3200	237
 32.3400	209
 32.3600	231
 32.3800	240
 32.4000	211
 32.4200	238
 32.4400	226
 32.4600	233
 32.4800	216
 32.5000	191
 32.5200	230
 32.5400	247
 32.5600	199
 32.5800	224
 32.6000	226
 32.6200	213
 32.6400	224
 32.6600	222
 32.6800	213
 32.7000	228
 32.7200	225
 32.7400	210
 32.7600	217
 32.7800	232
 32.8000	223
 32.8200	217
 32.8400	225
 32.8600	206
 32.8800	204
 32.9000	228
 32.9200	218
 32.9400	239
 32.9600	261
 32.9800	210
 33.0000	212
 33.0200	217
 33.0400	210
 33.0600	206
 33.0800	210
 33.1000	232
 33.1200	248
 33.1400	208
 33.1600	222
 33.1800	229
 33.2000	223
 33.2200	273
 33.2400	229
 33.2600	209
 33.2800	217
 33.3000	225
 33.3200	213
 33.3400	240
 33.3600	228
 33.3800	198
 33.4000	226
 33.4200	235
 33.4400	214
 33.4600	192
 33.4800	223
 33.5000	223
 33.5200	203
 33.5400	208
 33.5600	209
 33.5800	225
 33.6000	213
 33.6200	214
 33.6400	205
 33.6600	208
 33.6800	204
 33.7000	215
 33.7200	214
 33.7400	208
 33.7600	201
 33.7800	194
 33.8000	190
 33.8200	239
 33.8400	215
 33.8600	204
 33.8800	225
 33.9000	186
 33.9200	202
 33.9400	204
 33.9600	191
 33.9800	232
 34.0000	217
 34.0200	232
 34.0400	189
 34.0600	196
 34.0800	178
 34.1000	205
 34.1200	197
 34.1400	181
 34.1600	182
 34.1800	173
 34.2000	184
 34.2200	212
 34.2400	208
 34.2600	208
 34.2800	186
 34.3000	206
 34.3200	199
 34.3400	184
 34.3600	181
 34.3800	198
 34.4000	200
 34.4200	205
 34.4400	174
 34.4600	228
 34.4800	203
 34.5000	197
 34.5200	183
 34.5400	180
 34.5600	211
 34.5800	208
 34.6000	200
 34.6200	171
 34.6400	187
 34.6600	190
 34.6800	188
 34.7000	208
 34.7200	186
 34.7400	206
 34.7600	192
 34.7800	213
 34.8000	208
 34.8200	175
 34.8400	188
 34.8600	199
 34.8800	204
 34.9000	204
 34.9200	184
 34.9400	197
 34.9600	195
 34.9800	198
 35.0000	173
 35.0200	177
 35.0400	186
 35.0600	207
 35.0800	193
 35.1000	183
 35.1200	195
 35.1400	185
 35.1600	192
 35.1800	206
 35.2000	214
 35.2200	220
 35.2400	207
 35.2600	249
 35.2800	213
 35.3000	251
 35.3200	247
 35.3400	224
 35.3600	242
 35.3800	240
 35.4000	245
 35.4200	220
 35.4400	247
 35.4600	233
 35.4800	224
 35.5000	210
 35.5200	211
 35.5400	212
 35.5600	193
 35.5800	201
 35.6000	187
 35.6200	180
 35.6400	208
 35.6600	175
 35.6800	177
 35.7000	179
 35.7200	199
 35.7400	182
 35.7600	167
 35.7800	168
 35.8000	169
 35.8200	171
 35.8400	171
 35.8600	185
 35.8800	185
 35.9000	157
 35.9200	163
 35.9400	169
 35.9600	167
 35.9800	162
 36.0000	184
 36.0200	181
 36.0400	180
 36.0600	162
 36.0800	138
 36.1000	187
 36.1200	178
 36.1400	164
 36.1600	175
 36.1800	184
 36.2000	162
 36.2200	163
 36.2400	172
 36.2600	161
 36.2800	168
 36.3000	175
 36.3200	164
 36.3400	147
 36.3600	184
 36.3800	151
 36.4000	186
 36.4200	172
 36.4400	170
 36.4600	171
 36.4800	178
 36.5000	150
 36.5200	185
 36.5400	182
 36.5600	159
 36.5800	166
 36.6000	149
 36.6200	168
 36.6400	161
 36.6600	170
 36.6800	169
 36.7000	142
 36.7200	160
 36.7400	157
 36.7600	177
 36.7800	189
 36.8000	162
 36.8200	130
 36.8400	157
 36.8600	151
 36.8800	163
 36.9000	162
 36.9200	152
 36.9400	147
 36.9600	176
 36.9800	146
 37.0000	167
 37.0200	146
 37.0400	173
 37.0600	146
 37.0800	146
 37.1000	163
 37.1200	141
 37.1400	155
 37.1600	154
 37.1800	158
 37.2000	169
 37.2200	171
 37.2400	144
 37.2600	153
 37.2800	162
 37.3000	173
 37.3200	147
 37.3400	162
 37.3600	153
 37.3800	172
 37.4000	158
 37.4200	163
 37.4400	176
 37.4600	166
 37.4800	163
 37.5000	170
 37.5200	174
 37.5400	164
 37.5600	171
 37.5800	177
 37.6000	212
 37.6200	188
 37.6400	201
 37.6600	205
 37.6800	199
 37.7000	181
 37.7200	191
 37.7400	195
 37.7600	184
 37.7800	193
 37.8000	194
 37.8200	176
 37.8400	183
 37.8600	161
 37.8800	156
 37.9000	167
 37.9200	149
 37.9400	176
 37.9600	174
 37.9800	148
 38.0000	173
 38.0200	151
 38.0400	141
 38.0600	153
 38.0800	158
 38.1000	163
 38.1200	139
 38.1400	153
 38.1600	161
 38.1800	129
 38.2000	133
 38.2200	145
 38.2400	141
 38.2600	127
 38.2800	136
 38.3000	142
 38.3200	155
 38.3400	137
 38.3600	145
 38.3800	155
 38.4000	176
 38.4200	143
 38.4400	134
 38.4600	149
 38.4800	159
 38.5000	165
 38.5200	150
 38.5400	157
 38.5600	155
 38.5800	180
 38.6000	167
 38.6200	120
 38.6400	145
 38.6600	140
 38.6800	142
 38.7000	157
 38.7200	153
 38.7400	152
 38.7600	136
 38.7800	153
 38.8000	144
 38.8200	173
 38.8400	141
 38.8600	150
 38.8800	140
 38.9000	170
 38.9200	179
 38.9400	148
 38.9600	146
 38.9800	182
 39.0000	175
 39.0200	169
 39.0400	172
 39.0600	136
 39.0800	161
 39.1000	158
 39.1200	160
 39.1400	178
 39.1600	158
 39.1800	149
 39.2000	173
 39.2200	149
 39.2400	150
 39.2600	161
 39.2800	145
 39.3000	150
 39.3200	155
 39.3400	183
 39.3600	179
 39.3800	186
 39.4000	168
 39.4200	167
 39.4400	166
 39.4600	185
 39.4800	179
 39.5000	175
 39.5200	184
 39.5400	188
 39.5600	199
 39.5800	185
 39.6000	179
 39.6200	212
 39.6400	212
 39.6600	201
 39.6800	207
 39.7000	199
 39.7200	210
 39.7400	240
 39.7600	248
 39.7800	251
 39.8000	253
 39.8200	236
 39.8400	269
 39.8600	304
 39.8800	305
 39.9000	333
 39.9200	306
 39.9400	367
 39.9600	412
 39.9800	444
 40.0000	435
 40.0200	438
 40.0400	499
 40.0600	598
 40.0800	640
 40.1000	635
 40.1200	745
 40.1400	798
 40.1600	750
 40.1800	849
 40.2000	876
 40.2200	940
 40.2400	980
 40.2600	951
 40.2800	995
 40.3000	970
 40.3200	1000
 40.3400	928
 40.3600	848
 40.3800	742
 40.4000	755
 40.4200	672
 40.4400	630
 40.4600	587
 40.4800	510
 40.5000	462
 40.5200	464
 40.5400	416
 40.5600	375
 40.5800	354
 40.6000	320
 40.6200	265
 40.6400	286
 40.6600	258
 40.6800	269
 40.7000	247
 40.7200	245
 40.7400	208
 40.7600	202
 40.7800	212
 40.8000	199
 40.8200	226
 40.8400	223
 40.8600	189
 40.8800	191
 40.9000	196
 40.9200	174
 40.9400	184
 40.9600	178
 40.9800	181
 41.0000	171
 41.0200	172
 41.0400	159
 41.0600	177
 41.0800	165
 41.1000	163
 41.1200	168
 41.1400	164
 41.1600	152
 41.1800	175
 41.2000	157
 41.2200	186
 41.2400	156
 41.2600	141
 41.2800	163
 41.3000	150
 41.3200	145
 41.3400	152
 41.3600	163
 41.3800	163
 41.4000	142
 41.4200	144
 41.4400	132
 41.4600	156
 41.4800	137
 41.5000	147
 41.5200	148
 41.5400	110
 41.5600	141
 41.5800	124
 41.6000	150
 41.6200	145
 41.6400	129
 41.6600	147
 41.6800	128
 41.7000	123
 41.7200	136
 41.7400	129
 41.7600	120
 41.7800	136
 41.8000	125
 41.8200	129
 41.8400	124
 41.8600	154
 41.8800	118
 41.9000	158
 41.9200	128
 41.9400	153
 41.9600	144
 41.9800	144
 42.0000	133
 42.0200	134
 42.0400	144
 42.0600	135
 42.0800	144
 42.1000	141
 42.1200	134
 42.1400	113
 42.1600	137
 42.1800	123
 42.2000	129
 42.2200	119
 42.2400	126
 42.2600	137
 42.2800	126
 42.3000	126
 42.3200	152
 42.3400	158
 42.3600	152
 42.3800	145
 42.4000	151
 42.4200	171
 42.4400	160
 42.4600	146
 42.4800	154
 42.5000	161
 42.5200	157
 42.5400	131
 42.5600	155
 42.5800	169
 42.6000	180
 42.6200	208
 42.6400	233
 42.6600	188
 42.6800	236
 42.7000	272
 42.7200	246
 42.7400	293
 42.7600	313
 42.7800	296
 42.8000	329
 42.8200	383
 42.8400	381
 42.8600	391
 42.8800	401
 42.9000	405
 42.9200	394
 42.9400	424
 42.9600	413
 42.9800	398
 43.0000	349
 43.0200	347
 43.0400	334
 43.0600	300
 43.0800	274
 43.1000	248
 43.1200	262
 43.1400	235
 43.1600	247
 43.1800	229
 43.2000	201
 43.2200	209
 43.2400	210
 43.2600	204
 43.2800	219
 43.3000	211
 43.3200	204
 43.3400	224
 43.3600	209
 43.3800	237
 43.4000	237
 43.4200	260
 43.4400	283
 43.4600	281
 43.4800	271
 43.5000	318
 43.5200	318
 43.5400	292
 43.5600	337
 43.5800	342
 43.6000	339
 43.6200	367
 43.6400	380
 43.6600	380
 43.6800	339
 43.7000	374
 43.7200	350
 43.7400	353
 43.7600	366
 43.7800	309
 43.8000	335
 43.8200	315
 43.8400	330
 43.8600	297
 43.8800	263
 43.9000	257
 43.9200	235
 43.9400	234
 43.9600	227
 43.9800	212
 44.0000	217
 44.0200	193
 44.0400	192
 44.0600	149
 44.0800	162
 44.1000	161
 44.1200	157
 44.1400	162
 44.1600	144
 44.1800	145
 44.2000	132
 44.2200	153
 44.2400	150
 44.2600	151
 44.2800	140
 44.3000	139
 44.3200	128
 44.3400	151
 44.3600	134
 44.3800	138
 44.4000	124
 44.4200	131
 44.4400	119
 44.4600	119
 44.4800	148
 44.5000	127
 44.5200	121
 44.5400	152
 44.5600	115
 44.5800	118
 44.6000	124
 44.6200	134
 44.6400	113
 44.6600	128
 44.6800	104
 44.7000	131
 44.7200	109
 44.7400	133
 44.7600	107
 44.7800	121
 44.8000	116
 44.8200	105
 44.8400	107
 44.8600	125
 44.8800	98
 44.9000	117
 44.9200	94
 44.9400	90
 44.9600	124
 44.9800	120
 45.0000	94
 45.0200	115
 45.0400	126
 45.0600	112
 45.0800	120
 45.1000	90
 45.1200	120
 45.1400	121
 45.1600	96
 45.1800	104
 45.2000	110
 45.2200	89
 45.2400	99
 45.2600	104
 45.2800	113
 45.3000	108
 45.3200	121
 45.3400	107
 45.3600	117
 45.3800	102
 45.4000	110
 45.4200	93
 45.4400	100
 45.4600	115
 45.4800	97
 45.5000	101
 45.5200	79
 45.5400	96
 45.5600	114
 45.5800	78
 45.6000	103
 45.6200	94
 45.6400	104
 45.6600	100
 45.6800	99
 45.7000	110
 45.7200	106
 45.7400	79
 45.7600	115
 45.7800	97
 45.8000	116
 45.8200	104
 45.8400	87
 45.8600	109
 45.8800	97
 45.9000	109
 45.9200	101
 45.9400	94
 45.9600	97
 45.9800	100
 46.0000	105
 46.0200	102
 46.0400	104
 46.0600	89
 46.0800	106
 46.1000	96
 46.1200	119
 46.1400	104
 46.1600	99
 46.1800	86
 46.2000	125
 46.2200	115
 46.2400	92
 46.2600	103
 46.2800	118
 46.3000	100
 46.3200	106
 46.3400	124
 46.3600	84
 46.3800	100
 46.4000	116
 46.4200	107
 46.4400	88
 46.4600	98
 46.4800	101
 46.5000	102
 46.5200	101
 46.5400	114
 46.5600	103
 46.5800	111
 46.6000	106
 46.6200	108
 46.6400	119
 46.6600	109
 46.6800	98
 46.7000	121
 46.7200	121
 46.7400	125
 46.7600	96
 46.7800	139
 46.8000	127
 46.8200	130
 46.8400	132
 46.8600	136
 46.8800	109
 46.9000	135
 46.9200	138
 46.9400	155
 46.9600	143
 46.9800	142
 47.0000	131
 47.0200	158
 47.0400	158
 47.0600	166
 47.0800	189
 47.1000	198
 47.1200	152
 47.1400	194
 47.1600	221
 47.1800	187
 47.2000	217
 47.2200	256
 47.2400	263
 47.2600	284
 47.2800	327
 47.3000	346
 47.3200	390
 47.3400	435
 47.3600	493
 47.3800	542
 47.4000	604
 47.4200	713
 47.4400	729
 47.4600	782
 47.4800	970
 47.5000	1028
 47.5200	1154
 47.5400	1244
 47.5600	1261
 47.5800	1234
 47.6000	1237
 47.6200	1301
 47.6400	1239
 47.6600	1224
 47.6800	1183
 47.7000	1104
 47.7200	981
 47.7400	921
 47.7600	838
 47.7800	775
 47.8000	661
 47.8200	580
 47.8400	520
 47.8600	505
 47.8800	444
 47.9000	386
 47.9200	370
 47.9400	298
 47.9600	285
 47.9800	241
 48.0000	237
 48.0200	293
 48.0400	234
 48.0600	259
 48.0800	230
 48.1000	194
 48.1200	207
 48.1400	205
 48.1600	169
 48.1800	160
 48.2000	185
 48.2200	170
 48.2400	176
 48.2600	170
 48.2800	175
 48.3000	172
 48.3200	188
 48.3400	171
 48.3600	164
 48.3800	174
 48.4000	159
 48.4200	188
 48.4400	183
 48.4600	151
 48.4800	153
 48.5000	190
 48.5200	162
 48.5400	167
 48.5600	135
 48.5800	138
 48.6000	162
 48.6200	157
 48.6400	139
 48.6600	127
 48.6800	142
 48.7000	109
 48.7200	126
 48.7400	109
 48.7600	107
 48.7800	118
 48.8000	117
 48.8200	111
 48.8400	104
 48.8600	101
 48.8800	111
 48.9000	93
 48.9200	77
 48.9400	101
 48.9600	104
 48.9800	83
 49.0000	97
 49.0200	103
 49.0400	84
 49.0600	91
 49.0800	101
 49.1000	85
 49.1200	89
 49.1400	88
 49.1600	101
 49.1800	90
 49.2000	75
 49.2200	80
 49.2400	103
 49.2600	86
 49.2800	80
 49.3000	82
 49.3200	91
 49.3400	85
 49.3600	83
 49.3800	98
 49.4000	83
 49.4200	75
 49.4400	78
 49.4600	82
 49.4800	85
 49.5000	82
 49.5200	86
 49.5400	78
 49.5600	88
 49.5800	85
 49.6000	67
 49.6200	83
 49.6400	97
 49.6600	104
 49.6800	72
 49.7000	82
 49.7200	77
 49.7400	91
 49.7600	83
 49.7800	71
 49.8000	87
 49.8200	80
 49.8400	71
 49.8600	84
 49.8800	61
 49.9000	96
 49.9200	81
 49.9400	79
 49.9600	65
 49.9800	75
 50.0000	82
 50.0200	63
 50.0400	73
 50.0600	74
 50.0800	71
 50.1000	72
 50.1200	83
 50.1400	72
 50.1600	66
 50.1800	72
 50.2000	70
 50.2200	80
 50.2400	74
 50.2600	98
 50.2800	64
 50.3000	76
 50.3200	67
 50.3400	70
 50.3600	58
 50.3800	66
 50.4000	63
 50.4200	68
 50.4400	76
 50.4600	78
 50.4800	83
 50.5000	70
 50.5200	62
 50.5400	72
 50.5600	76
 50.5800	73
 50.6000	90
 50.6200	70
 50.6400	87
 50.6600	85
 50.6800	87
 50.7000	85
 50.7200	72
 50.7400	80
 50.7600	81
 50.7800	80
 50.8000	94
 50.8200	85
 50.8400	92
 50.8600	77
 50.8800	68
 50.9000	85
 50.9200	97
 50.9400	94
 50.9600	81
 50.9800	95
 51.0000	103
 51.0200	80
 51.0400	107
 51.0600	85
 51.0800	94
 51.1000	91
 51.1200	110
 51.1400	81
 51.1600	99
 51.1800	84
 51.2000	91
 51.2200	72
 51.2400	83
 51.2600	95
 51.2800	75
 51.3000	75
 51.3200	81
 51.3400	95
 51.3600	87
 51.3800	86
 51.4000	104
 51.4200	95
 51.4400	102
 51.4600	74
 51.4800	89
 51.5000	84
 51.5200	77
 51.5400	77
 51.5600	74
 51.5800	82
 51.6000	78
 51.6200	93
 51.6400	71
 51.6600	76
 51.6800	70
 51.7000	70
 51.7200	74
 51.7400	65
 51.7600	91
 51.7800	75
 51.8000	66
 51.8200	73
 51.8400	89
 51.8600	70
 51.8800	77
 51.9000	61
 51.9200	62
 51.9400	88
 51.9600	78
 51.9800	62
 52.0000	69
 52.0200	71
 52.0400	76
 52.0600	68
 52.0800	71
 52.1000	78
 52.1200	78
 52.1400	78
 52.1600	64
 52.1800	70
 52.2000	91
 52.2200	85
 52.2400	75
 52.2600	55
 52.2800	71
 52.3000	86
 52.3200	86
 52.3400	83
 52.3600	67
 52.3800	71
 52.4000	73
 52.4200	80
 52.4400	85
 52.4600	86
 52.4800	85
 52.5000	74
 52.5200	83
 52.5400	72
 52.5600	91
 52.5800	105
 52.6000	111
 52.6200	100
 52.6400	96
 52.6600	120
 52.6800	79
 52.7000	80
 52.7200	100
 52.7400	89
 52.7600	85
 52.7800	97
 52.8000	108
 52.8200	100
 52.8400	105
 52.8600	96
 52.8800	102
 52.9000	87
 52.9200	83
 52.9400	88
 52.9600	96
 52.9800	97
 53.0000	83
 53.0200	85
 53.0400	81
 53.0600	113
 53.0800	105
 53.1000	120
 53.1200	120
 53.1400	111
 53.1600	111
 53.1800	113
 53.2000	103
 53.2200	129
 53.2400	122
 53.2600	132
 53.2800	134
 53.3000	138
 53.3200	108
 53.3400	139
 53.3600	140
 53.3800	163
 53.4000	172
 53.4200	201
 53.4400	159
 53.4600	176
 53.4800	182
 53.5000	172
 53.5200	170
 53.5400	185
 53.5600	177
 53.5800	186
 53.6000	175
 53.6200	159
 53.6400	186
 53.6600	158
 53.6800	154
 53.7000	146
 53.7200	149
 53.7400	144
 53.7600	151
 53.7800	145
 53.8000	120
 53.8200	127
 53.8400	101
 53.8600	97
 53.8800	111
 53.9000	92
 53.9200	96
 53.9400	112
 53.9600	70
 53.9800	79
 54.0000	84
 54.0200	78
 54.0400	83
 54.0600	84
 54.0800	88
 54.1000	82
 54.1200	73
 54.1400	77
 54.1600	74
 54.1800	82
 54.2000	86
 54.2200	60
 54.2400	85
 54.2600	81
 54.2800	68
 54.3000	84
 54.3200	56
 54.3400	67
 54.3600	89
 54.3800	63
 54.4000	70
 54.4200	77
 54.4400	51
 54.4600	68
 54.4800	70
 54.5000	82
 54.5200	66
 54.5400	66
 54.5600	72
 54.5800	58
 54.6000	72
 54.6200	77
 54.6400	63
 54.6600	74
 54.6800	60
 54.7000	65
 54.7200	68
 54.7400	64
 54.7600	73
 54.7800	60
 54.8000	56
 54.8200	59
 54.8400	63
 54.8600	56
 54.8800	61
 54.9000	78
 54.9200	76
 54.9400	69
 54.9600	55
 54.9800	60
 55.0000	47
 55.0200	70
 55.0400	67
 55.0600	55
 55.0800	57
 55.1000	73
 55.1200	76
 55.1400	59
 55.1600	48
 55.1800	50
 55.2000	58
 55.2200	57
 55.2400	51
 55.2600	66
 55.2800	61
 55.3000	61
 55.3200	68
 55.3400	58
 55.3600	47
 55.3800	61
 55.4000	56
 55.4200	63
 55.4400	58
 55.4600	75
 55.4800	57
 55.5000	51
 55.5200	73
 55.5400	53
 55.5600	59
 55.5800	65
 55.6000	56
 55.6200	57
 55.6400	58
 55.6600	57
 55.6800	58
 55.7000	57
 55.7200	62
 55.7400	65
 55.7600	72
 55.7800	56
 55.8000	71
 55.8200	60
 55.8400	60
 55.8600	55
 55.8800	64
 55.9000	76
 55.9200	64
 55.9400	58
 55.9600	66
 55.9800	59
 56.0000	67
 56.0200	56
 56.0400	59
 56.0600	72
 56.0800	48
 56.1000	60
 56.1200	55
 56.1400	61
 56.1600	55
 56.1800	53
 56.2000	62
 56.2200	62
 56.2400	63
 56.2600	64
 56.2800	52
 56.3000	72
 56.3200	56
 56.3400	78
 56.3600	61
 56.3800	64
 56.4000	56
 56.4200	70
 56.4400	65
 56.4600	59
 56.4800	74
 56.5000	77
 56.5200	57
 56.5400	69
 56.5600	75
 56.5800	73
 56.6000	58
 56.6200	78
 56.6400	63
 56.6600	66
 56.6800	67
 56.7000	62
 56.7200	68
 56.7400	82
 56.7600	88
 56.7800	61
 56.8000	72
 56.8200	63
 56.8400	70
 56.8600	60
 56.8800	62
 56.9000	86
 56.9200	72
 56.9400	83
 56.9600	83
 56.9800	88
 57.0000	93
 57.0200	89
 57.0400	82
 57.0600	90
 57.0800	98
 57.1000	94
 57.1200	89
 57.1400	114
 57.1600	118
 57.1800	136
 57.2000	108
 57.2200	127
 57.2400	150
 57.2600	157
 57.2800	134
 57.3000	167
 57.3200	169
 57.3400	205
 57.3600	204
 57.3800	205
 57.4000	223
 57.4200	230
 57.4400	230
 57.4600	252
 57.4800	227
 57.5000	228
 57.5200	244
 57.5400	267
 57.5600	254
 57.5800	244
 57.6000	221
 57.6200	252
 57.6400	229
 57.6600	246
 57.6800	211
 57.7000	222
 57.7200	209
 57.7400	227
 57.7600	213
 57.7800	228
 57.8000	205
 57.8200	184
 57.8400	210
 57.8600	199
 57.8800	180
 57.9000	187
 57.9200	172
 57.9400	166
 57.9600	192
 57.9800	170
 58.0000	138
 58.0200	142
 58.0400	161
 58.0600	135
 58.0800	140
 58.1000	137
 58.1200	127
 58.1400	114
 58.1600	96
 58.1800	98
 58.2000	96
 58.2200	96
 58.2400	89
 58.2600	105
 58.2800	96
 58.3000	92
 58.3200	72
 58.3400	59
 58.3600	63
 58.3800	65
 58.4000	67
 58.4200	82
 58.4400	72
 58.4600	73
 58.4800	73
 58.5000	67
 58.5200	58
 58.5400	75
 58.5600	77
 58.5800	66
 58.6000	67
 58.6200	55
 58.6400	49
 58.6600	69
 58.6800	50
 58.7000	69
 58.7200	69
 58.7400	61
 58.7600	49
 58.7800	54
 58.8000	58
 58.8200	52
 58.8400	44
 58.8600	61
 58.8800	54
 58.9000	57
 58.9200	68
 58.9400	64
 58.9600	54
 58.9800	54
 59.0000	69
 59.0200	56
 59.0400	45
 59.0600	64
 59.0800	69
 59.1000	67
 59.1200	59
 59.1400	42
 59.1600	55
 59.1800	60
 59.2000	51
 59.2200	59
 59.2400	61
 59.2600	44
 59.2800	45
 59.3000	60
 59.3200	70
 59.3400	72
 59.3600	49
 59.3800	70
 59.4000	56
 59.4200	52
 59.4400	56
 59.4600	66
 59.4800	55
 59.5000	49
 59.5200	64
 59.5400	55
 59.5600	51
 59.5800	60
 59.6000	52
 59.6200	58
 59.6400	49
 59.6600	73
 59.6800	46
 59.7000	59
 59.7200	39
 59.7400	49
 59.7600	70
 59.7800	54
 59.8000	51
 59.8200	46
 59.8400	62
 59.8600	50
 59.8800	53
 59.9000	53
 59.9200	60
 59.9400	67
 59.9600	63
 59.9800	51
 60.0000	59
 60.0200	62
 60.0400	41
 60.0600	56
 60.0800	58
 60.1000	68
 60.1200	66
 60.1400	49
 60.1600	60
 60.1800	60
 60.2000	59
 60.2200	54
 60.2400	67
 60.2600	67
 60.2800	58
 60.3000	60
 60.3200	48
 60.3400	66
 60.3600	72
 60.3800	60
 60.4000	75
 60.4200	59
 60.4400	78
 60.4600	63
 60.4800	80
 60.5000	94
 60.5200	71
 60.5400	85
 60.5600	79
 60.5800	109
 60.6000	76
 60.6200	102
 60.6400	107
 60.6600	120
 60.6800	127
 60.7000	123
 60.7200	138
 60.7400	138
 60.7600	146
 60.7800	154
 60.8000	131
 60.8200	148
 60.8400	147
 60.8600	189
 60.8800	175
 60.9000	189
 60.9200	166
 60.9400	167
 60.9600	163
 60.9800	153
 61.0000	168
 61.0200	164
 61.0400	152
 61.0600	123
 61.0800	143
 61.1000	124
 61.1200	142
 61.1400	118
 61.1600	116
 61.1800	110
 61.2000	102
 61.2200	116
 61.2400	82
 61.2600	100
 61.2800	83
 61.3000	83
 61.3200	70
 61.3400	91
 61.3600	87
 61.3800	79
 61.4000	70
 61.4200	83
 61.4400	63
 61.4600	85
 61.4800	76
 61.5000	73
 61.5200	68
 61.5400	68
 61.5600	74
 61.5800	64
 61.6000	70
 61.6200	65
 61.6400	65
 61.6600	62
 61.6800	59
 61.7000	66
 61.7200	40
 61.7400	60
 61.7600	56
 61.7800	48
 61.8000	55
 61.8200	56
 61.8400	59
 61.8600	63
 61.8800	48
 61.9000	66
 61.9200	57
 61.9400	61
 61.9600	47
 61.9800	56
 62.0000	65
 62.0200	49
 62.0400	46
 62.0600	51
 62.0800	46
 62.1000	59
 62.1200	58
 62.1400	40
 62.1600	51
 62.1800	59
 62.2000	58
 62.2200	51
 62.2400	51
 62.2600	57
 62.2800	55
 62.3000	66
 62.3200	54
 62.3400	62
 62.3600	61
 62.3800	68
 62.4000	66
 62.4200	56
 62.4400	62
 62.4600	71
 62.4800	53
 62.5000	40
 62.5200	56
 62.5400	59
 62.5600	65
 62.5800	62
 62.6000	64
 62.6200	62
 62.6400	61
 62.6600	62
 62.6800	63
 62.7000	58
 62.7200	72
 62.7400	79
 62.7600	71
 62.7800	64
 62.8000	68
 62.8200	86
 62.8400	63
 62.8600	69
 62.8800	76
 62.9000	63
 62.9200	55
 62.9400	79
 62.9600	72
 62.9800	73
 63.0000	62
 63.0200	65
 63.0400	81
 63.0600	56
 63.0800	75
 63.1000	66
 63.1200	56
 63.1400	66
 63.1600	63
 63.1800	55
 63.2000	54
 63.2200	61
 63.2400	55
 63.2600	63
 63.2800	60
 63.3000	68
 63.3200	55
 63.3400	41
 63.3600	58
 63.3800	68
 63.4000	51
 63.4200	42
 63.4400	63
 63.4600	54
 63.4800	52
 63.5000	52
 63.5200	48
 63.5400	54
 63.5600	45
 63.5800	58
 63.6000	48
 63.6200	50
 63.6400	53
 63.6600	66
 63.6800	54
 63.7000	47
 63.7200	63
 63.7400	34
 63.7600	39
 63.7800	58
 63.8000	55
 63.8200	55
 63.8400	57
 63.8600	46
 63.8800	55
 63.9000	53
 63.9200	49
 63.9400	44
 63.9600	54
 63.9800	37
 64.0000	42
 64.0200	60
 64.0400	48
 64.0600	44
 64.0800	54
 64.1000	58
 64.1200	62
 64.1400	44
 64.1600	53
 64.1800	53
 64.2000	57
 64.2200	49
 64.2400	42
 64.2600	52
 64.2800	42
 64.3000	44
 64.3200	49
 64.3400	55
 64.3600	56
 64.3800	52
 64.4000	40
 64.4200	60
 64.4400	45
 64.4600	54
 64.4800	59
 64.5000	44
 64.5200	46
 64.5400	52
 64.5600	55
 64.5800	45
 64.6000	51
 64.6200	69
 64.6400	53
 64.6600	46
 64.6800	56
 64.7000	55
 64.7200	44
 64.7400	48
 64.7600	46
 64.7800	47
 64.8000	59
 64.8200	71
 64.8400	58
 64.8600	50
 64.8800	56
 64.9000	54
 64.9200	53
 64.9400	77
 64.9600	55
 64.9800	38
 65.0000	65
 65.0200	69
 65.0400	52
 65.0600	56
 65.0800	62
 65.1000	59
 65.1200	49
 65.1400	43
 65.1600	46
 65.1800	58
 65.2000	48
 65.2200	46
 65.2400	55
 65.2600	61
 65.2800	55
 65.3000	64
 65.3200	48
 65.3400	51
 65.3600	67
 65.3800	47
 65.4000	40
 65.4200	65
 65.4400	57
 65.4600	65
 65.4800	54
 65.5000	65
 65.5200	48
 65.5400	56
 65.5600	57
 65.5800	50
 65.6000	69
 65.6200	59
 65.6400	62
 65.6600	64
 65.6800	56
 65.7000	63
 65.7200	58
 65.7400	59
 65.7600	64
 65.7800	71
 65.8000	64
 65.8200	58
 65.8400	80
 65.8600	72
 65.8800	84
 65.9000	73
 65.9200	64
 65.9400	72
 65.9600	79
 65.9800	91
 66.0000	73
 66.0200	80
 66.0400	74
 66.0600	77
 66.0800	83
 66.1000	89
 66.1200	85
 66.1400	86
 66.1600	103
 66.1800	102
 66.2000	113
 66.2200	110
 66.2400	110
 66.2600	132
 66.2800	131
 66.3000	127
 66.3200	156
 66.3400	152
 66.3600	175
 66.3800	155
 66.4000	182
 66.4200	190
 66.4400	197
 66.4600	211
 66.4800	225
 66.5000	205
 66.5200	215
 66.5400	244
 66.5600	250
 66.5800	249
 66.6000	268
 66.6200	268
 66.6400	243
 66.6600	256
 66.6800	242
 66.7000	233
 66.7200	201
 66.7400	204
 66.7600	224
 66.7800	181
 66.8000	186
 66.8200	160
 66.8400	206
 66.8600	182
 66.8800	178
 66.9000	163
 66.9200	136
 66.9400	132
 66.9600	141
 66.9800	138
 67.0000	115
 67.0200	114
 67.0400	137
 67.0600	133
 67.0800	104
 67.1000	114
 67.1200	106
 67.1400	118
 67.1600	103
 67.1800	82
 67.2000	95
 67.2200	92
 67.2400	97
 67.2600	95
 67.2800	87
 67.3000	82
 67.3200	82
 67.3400	89
 67.3600	90
 67.3800	72
 67.4000	79
 67.4200	74
 67.4400	77
 67.4600	86
 67.4800	71
 67.5000	66
 67.5200	78
 67.5400	94
 67.5600	75
 67.5800	78
 67.6000	62
 67.6200	72
 67.6400	74
 67.6600	74
 67.6800	76
 67.7000	68
 67.7200	65
 67.7400	61
 67.7600	49
 67.7800	63
 67.8000	73
 67.8200	62
 67.8400	66
 67.8600	63
 67.8800	71
 67.9000	92
 67.9200	53
 67.9400	65
 67.9600	58
 67.9800	55
 68.0000	67
 68.0200	60
 68.0400	65
 68.0600	73
 68.0800	68
 68.1000	59
 68.1200	70
 68.1400	63
 68.1600	83
 68.1800	69
 68.2000	60
 68.2200	64
 68.2400	74
 68.2600	62
 68.2800	84
 68.3000	75
 68.3200	80
 68.3400	51
 68.3600	63
 68.3800	80
 68.4000	90
 68.4200	84
 68.4400	78
 68.4600	98
 68.4800	91
 68.5000	102
 68.5200	107
 68.5400	112
 68.5600	133
 68.5800	135
 68.6000	140
 68.6200	160
 68.6400	152
 68.6600	169
 68.6800	145
 68.7000	200
 68.7200	176
 68.7400	183
 68.7600	185
 68.7800	178
 68.8000	222
 68.8200	196
 68.8400	208
 68.8600	185
 68.8800	193
 68.9000	184
 68.9200	192
 68.9400	155
 68.9600	157
 68.9800	145
 69.0000	152
 69.0200	144
 69.0400	110
 69.0600	140
 69.0800	136
 69.1000	126
 69.1200	126
 69.1400	111
 69.1600	100
 69.1800	115
 69.2000	80
 69.2200	91
 69.2400	90
 69.2600	97
 69.2800	88
 69.3000	82
 69.3200	87
 69.3400	63
 69.3600	70
 69.3800	87
 69.4000	74
 69.4200	81
 69.4400	89
 69.4600	69
 69.4800	76
 69.5000	76
 69.5200	72
 69.5400	74
 69.5600	79
 69.5800	84
 69.6000	67
 69.6200	77
 69.6400	68
 69.6600	85
 69.6800	75
 69.7000	66
 69.7200	75
 69.7400	64
 69.7600	61
 69.7800	61
 69.8000	57
 69.8200	86
 69.8400	76
 69.8600	63
 69.8800	73
 69.9000	66
 69.9200	77
 69.9400	66
 69.9600	63
 69.9800	67
 70.0000	69
 70.0200	51
 70.0400	74
 70.0600	69
 70.0800	67
 70.1000	82
 70.1200	74
 70.1400	68
 70.1600	94
 70.1800	73
 70.2000	85
 70.2200	89
 70.2400	77
 70.2600	86
 70.2800	78
 70.3000	81
 70.3200	89
 70.3400	101
 70.3600	100
 70.3800	88
 70.4000	92
 70.4200	81
 70.4400	111
 70.4600	105
 70.4800	121
 70.5000	104
 70.5200	153
 70.5400	136
 70.5600	161
 70.5800	158
 70.6000	161
 70.6200	185
 70.6400	203
 70.6600	194
 70.6800	211
 70.7000	251
 70.7200	240
 70.7400	256
 70.7600	297
 70.7800	258
 70.8000	286
 70.8200	299
 70.8400	274
 70.8600	297
 70.8800	289
 70.9000	240
 70.9200	257
 70.9400	261
 70.9600	253
 70.9800	258
 71.0000	241
 71.0200	228
 71.0400	254
 71.0600	212
 71.0800	187
 71.1000	187
 71.1200	210
 71.1400	166
 71.1600	182
 71.1800	176
 71.2000	170
 71.2200	162
 71.2400	172
 71.2600	157
 71.2800	156
 71.3000	154
 71.3200	141
 71.3400	145
 71.3600	136
 71.3800	173
 71.4000	137
 71.4200	160
 71.4400	153
 71.4600	147
 71.4800	156
 71.5000	130
 71.5200	145
 71.5400	127
 71.5600	141
 71.5800	153
 71.6000	121
 71.6200	130
 71.6400	133
 71.6600	108
 71.6800	131
 71.7000	117
 71.7200	108
 71.7400	104
 71.7600	113
 71.7800	114
 71.8000	112
 71.8200	89
 71.8400	71
 71.8600	100
 71.8800	88
 71.9000	101
 71.9200	93
 71.9400	86
 71.9600	81
 71.9800	85
 72.0000	81
 72.0200	75
 72.0400	81
 72.0600	82
 72.0800	74
 72.1000	66
 72.1200	61
 72.1400	74
 72.1600	72
 72.1800	69
 72.2000	69
 72.2200	69
 72.2400	48
 72.2600	59
 72.2800	77
 72.3000	66
 72.3200	58
 72.3400	54
 72.3600	57
 72.3800	65
 72.4000	73
 72.4200	51
 72.4400	44
 72.4600	55
 72.4800	55
 72.5000	67
 72.5200	63
 72.5400	59
 72.5600	57
 72.5800	47
 72.6000	56
 72.6200	49
 72.6400	42
 72.6600	43
 72.6800	47
 72.7000	55
 72.7200	61
 72.7400	47
 72.7600	40
 72.7800	43
 72.8000	52
 72.8200	44
 72.8400	48
 72.8600	44
 72.8800	69
 72.9000	47
 72.9200	41
 72.9400	49
 72.9600	45
 72.9800	52
 73.0000	44
 73.0200	61
 73.0400	43
 73.0600	45
 73.0800	39
 73.1000	49
 73.1200	44
 73.1400	53
 73.1600	45
 73.1800	55
 73.2000	52
 73.2200	55
 73.2400	47
 73.2600	32
 73.2800	55
 73.3000	45
 73.3200	48
 73.3400	53
 73.3600	46
 73.3800	43
 73.4000	47
 73.4200	41
 73.4400	41
 73.4600	40
 73.4800	51
 73.5000	51
 73.5200	54
 73.5400	34
 73.5600	53
 73.5800	50
 73.6000	44
 73.6200	53
 73.6400	49
 73.6600	49
 73.6800	57
 73.7000	45
 73.7200	52
 73.7400	46
 73.7600	55
 73.7800	46
 73.8000	44
 73.8200	47
 73.8400	61
 73.8600	48
 73.8800	55
 73.9000	46
 73.9200	52
 73.9400	43
 73.9600	44
 73.9800	59
 74.0000	54
 74.0200	50
 74.0400	51
 74.0600	42
 74.0800	54
 74.1000	58
 74.1200	57
 74.1400	42
 74.1600	59
 74.1800	59
 74.2000	52
 74.2200	43
 74.2400	56
 74.2600	42
 74.2800	57
 74.3000	52
 74.3200	57
 74.3400	46
 74.3600	57
 74.3800	50
 74.4000	51
 74.4200	52
 74.4400	36
 74.4600	60
 74.4800	60
 74.5000	51
 74.5200	58
 74.5400	44
 74.5600	57
 74.5800	67
 74.6000	58
 74.6200	57
 74.6400	63
 74.6600	70
 74.6800	79
 74.7000	69
 74.7200	75
 74.7400	71
 74.7600	64
 74.7800	67
 74.8000	69
 74.8200	78
 74.8400	62
 74.8600	84
 74.8800	71
 74.9000	72
 74.9200	85
 74.9400	85
 74.9600	93
 74.9800	95
 75.0000	91
