Time	V_Shunt	TSample	366x_Ch1	366x_Ch2	366y_Ch1	366y_Ch2	363x_Ch1	363x_Ch2	363y_Ch1	363y_Ch2	366freq	363freq	TSorb	T1Kpot
66.51580429077148	2.90511661	4.4172	5.43616e-06	30.3439	1.03722e-05	4.54691	3.78417e-05	7.52347	-1.88408e-05	178.751	14.499	13.309	34.003	1.8707
67.72687339782715	2.90512188	4.4608	5.42126e-06	30.3986	1.0361e-05	4.52347	3.78529e-05	7.52347	-1.88519e-05	178.759	14.499	13.309	34.003	1.8712
68.91794157028198	2.90511753	4.5023	5.42312e-06	30.4454	1.03638e-05	4.65628	3.78268e-05	7.53128	-1.88445e-05	178.743	14.499	13.309	34.003	1.8709
70.08500862121582	2.90512188	4.5395	5.43243e-06	30.4532	1.0375e-05	4.67972	3.78417e-05	7.49222	-1.8837e-05	178.751	14.499	13.309	34.004	1.8709
71.66209864616394	2.90511873	4.5937	5.4315e-06	30.3829	1.03703e-05	4.58597	3.78417e-05	7.49222	-1.88389e-05	178.767	14.499	13.309	34.005	1.8706
72.99417495727539	2.90511417	4.6384	5.42685e-06	30.3986	1.03517e-05	4.57034	3.78455e-05	7.49222	-1.88445e-05	178.759	14.499	13.309	34.005	1.8707
74.02623391151428	2.90511651	4.6702	5.43243e-06	30.3829	1.03592e-05	4.60159	3.78566e-05	7.52347	-1.8837e-05	178.735	14.499	13.309	34.006	1.8708
74.9752881526947	2.90512108	4.7065	5.43616e-06	30.3751	1.03405e-05	4.62503	3.78455e-05	7.52347	-1.88315e-05	178.688	14.499	13.309	34.006	1.8707
76.2073585987091	2.90511554	4.7552	5.43243e-06	30.4376	1.03359e-05	4.67191	3.78455e-05	7.50784	-1.88426e-05	178.735	14.499	13.309	34.007	1.8707
77.5924379825592	2.90511638	4.8022	5.43057e-06	30.3829	1.03638e-05	4.60159	3.78566e-05	7.50784	-1.88389e-05	178.743	14.499	13.309	34.008	1.8707
78.77750563621521	2.9051173	4.839	5.4343e-06	30.3751	1.03713e-05	4.52347	3.78455e-05	7.53128	-1.88408e-05	178.704	14.499	13.309	34.008	1.8712
79.95657300949097	2.90511678	4.8829	5.43243e-06	30.4142	1.03545e-05	4.55472	3.78715e-05	7.53128	-1.88277e-05	178.704	14.499	13.309	34.009	1.8711
81.29964995384216	2.90511472	4.933	5.44175e-06	30.3282	1.03471e-05	4.60159	3.78529e-05	7.51566	-1.8837e-05	178.735	14.499	13.309	34.009	1.8712
82.35671019554138	2.9051201	4.9666	5.4343e-06	30.3907	1.0362e-05	4.60941	3.78492e-05	7.50784	-1.88315e-05	178.735	14.499	13.309	34.01	1.8712
83.70278739929199	2.90511518	5.0091	5.43057e-06	30.4298	1.03592e-05	4.52347	3.78492e-05	7.50784	-1.88389e-05	178.782	14.499	13.309	34.01	1.8711
84.86785387992859	2.90511244	5.044	5.42871e-06	30.4064	1.03685e-05	4.57816	3.78678e-05	7.52347	-1.8837e-05	178.735	14.499	13.309	34.011	1.8713
85.91991424560547	2.90511472	5.08	5.4315e-06	30.422	1.03824e-05	4.54691	3.78492e-05	7.52347	-1.8837e-05	178.704	14.499	13.309	34.011	1.8712
87.00797629356384	2.90511113	5.1192	5.43243e-06	30.4064	1.0361e-05	4.53909	3.78566e-05	7.52347	-1.88426e-05	178.735	14.499	13.309	34.011	1.8712
88.03303527832031	2.90511204	5.1537	5.43988e-06	30.3829	1.03359e-05	4.53909	3.78566e-05	7.51566	-1.88352e-05	178.712	14.499	13.309	34.012	1.8713
89.10009622573853	2.90512582	5.1924	5.43709e-06	30.3595	1.03657e-05	4.53909	3.78604e-05	7.52347	-1.88277e-05	178.759	14.499	13.309	34.012	1.8712
90.17315745353699	2.90511765	5.2311	5.43802e-06	30.3673	1.03629e-05	4.60159	3.78566e-05	7.50784	-1.8837e-05	178.728	14.499	13.309	34.013	1.8712
91.23221802711487	2.9051141	5.2714	5.43243e-06	30.3986	1.03564e-05	4.61722	3.78529e-05	7.50784	-1.88315e-05	178.728	14.499	13.309	34.013	1.8715
92.25027632713318	2.90511358	5.3087	5.43057e-06	30.4376	1.03359e-05	4.53909	3.78753e-05	7.47659	-1.88296e-05	178.735	14.499	13.309	34.013	1.8718
93.30233645439148	2.9051185	5.3439	5.42778e-06	30.4064	1.03638e-05	4.57034	3.78715e-05	7.50784	-1.8824e-05	178.751	14.499	13.309	34.013	1.8717
94.40639972686768	2.90511204	5.3777	5.43988e-06	30.3048	1.0361e-05	4.63284	3.78678e-05	7.49222	-1.8811e-05	178.72	14.499	13.309	34.014	1.8715
95.51446318626404	2.90511678	5.4182	5.4343e-06	30.3751	1.03452e-05	4.61722	3.78678e-05	7.50003	-1.88277e-05	178.735	14.499	13.309	34.014	1.8714
96.58352398872375	2.90511174	5.4513	5.43709e-06	30.3751	1.03284e-05	4.69534	3.78715e-05	7.49222	-1.88277e-05	178.728	14.499	13.309	34.014	1.8712
97.62858390808105	2.90510992	5.4812	5.4315e-06	30.3907	1.03545e-05	4.65628	3.78753e-05	7.49222	-1.88277e-05	178.728	14.499	13.309	34.015	1.8714
98.69564485549927	2.90511089	5.5169	5.43523e-06	30.4298	1.03657e-05	4.56253	3.78678e-05	7.46878	-1.88333e-05	178.735	14.499	13.309	34.015	1.8717
99.7317042350769	2.9051126	5.5452	5.44175e-06	30.3517	1.03517e-05	4.58597	3.78715e-05	7.48441	-1.88296e-05	178.728	14.499	13.309	34.016	1.872
100.82076668739319	2.90510969	5.5781	5.43523e-06	30.3907	1.03498e-05	4.57034	3.78827e-05	7.49222	-1.88259e-05	178.728	14.499	13.309	34.016	1.8724
101.8828272819519	2.90511454	5.6189	5.43523e-06	30.4142	1.03452e-05	4.51566	3.78641e-05	7.52347	-1.88166e-05	178.743	14.499	13.309	34.016	1.8723
102.8928849697113	2.90510699	5.6569	5.43709e-06	30.3282	1.03517e-05	4.53909	3.78678e-05	7.51566	-1.88259e-05	178.774	14.499	13.309	34.017	1.872
103.96094608306885	2.90511574	5.6881	5.44454e-06	30.3751	1.03461e-05	4.54691	3.78753e-05	7.50003	-1.88184e-05	178.759	14.499	13.309	34.017	1.8719
105.03800773620605	2.90511608	5.7331	5.44082e-06	30.4142	1.03433e-05	4.64066	3.7879e-05	7.50003	-1.88277e-05	178.767	14.499	13.309	34.018	1.8719
106.09106779098511	2.90511513	5.7619	5.44827e-06	30.3517	1.03545e-05	4.63284	3.78753e-05	7.50784	-1.88296e-05	178.798	14.499	13.309	34.019	1.8724
107.10912609100342	2.90511579	5.7958	5.44454e-06	30.3282	1.03666e-05	4.60941	3.78715e-05	7.52347	-1.88184e-05	178.751	14.499	13.309	34.019	1.8723
108.18218731880188	2.90510836	5.836	5.43709e-06	30.3907	1.03433e-05	4.58597	3.78827e-05	7.52347	-1.88166e-05	178.728	14.499	13.309	34.02	1.8728
109.28825068473816	2.9051139	5.8676	5.4315e-06	30.3673	1.03498e-05	4.60159	3.78902e-05	7.50003	-1.88277e-05	178.712	14.499	13.309	34.02	1.8733
110.41631531715393	2.90511081	5.9081	5.42778e-06	30.3986	1.03638e-05	4.67191	3.78715e-05	7.52347	-1.8811e-05	178.743	14.499	13.309	34.02	1.8726
111.48737645149231	2.90511287	5.9437	5.43243e-06	30.3439	1.0361e-05	4.56253	3.78902e-05	7.52347	-1.87998e-05	178.712	14.499	13.309	34.021	1.8722
112.53743648529053	2.90511242	5.9841	5.44175e-06	30.3048	1.03554e-05	4.60159	3.78939e-05	7.51566	-1.88091e-05	178.728	14.499	13.309	34.021	1.8721
113.67150139808655	2.90511117	6.0226	5.43988e-06	30.3282	1.03517e-05	4.57034	3.7879e-05	7.53128	-1.8811e-05	178.782	14.499	13.309	34.022	1.8721
114.75156354904175	2.90511168	6.0585	5.44454e-06	30.3439	1.03592e-05	4.57034	3.78827e-05	7.48441	-1.88203e-05	178.728	14.499	13.309	34.022	1.8724
115.86262679100037	2.90511219	6.0911	5.4343e-06	30.4064	1.03471e-05	4.62503	3.78492e-05	7.46878	-1.88166e-05	178.728	14.499	13.309	34.022	1.8731
116.92468762397766	2.90511077	6.1297	5.43895e-06	30.3361	1.03461e-05	4.58597	3.78678e-05	7.48441	-1.88091e-05	178.728	14.499	13.309	34.022	1.8731
117.99174857139587	2.90511797	6.1677	5.43988e-06	30.2189	1.03545e-05	4.46878	3.7879e-05	7.48441	-1.88184e-05	178.782	14.499	13.309	34.022	1.8728
119.06881022453308	2.90511934	6.2045	5.44175e-06	30.2814	1.03545e-05	4.55472	3.78864e-05	7.48441	-1.88184e-05	178.759	14.499	13.309	34.023	1.8728
120.08286809921265	2.90511608	6.2351	5.4464e-06	30.3048	1.03508e-05	4.64847	3.78827e-05	7.52347	-1.88184e-05	178.696	14.499	13.309	34.022	1.8729
121.18193125724792	2.90510871	6.2742	5.43057e-06	30.3986	1.03592e-05	4.64066	3.78902e-05	7.50784	-1.88091e-05	178.696	14.499	13.309	34.023	1.873
122.25699257850647	2.90511477	6.3107	5.42685e-06	30.4064	1.03685e-05	4.64066	3.79013e-05	7.48441	-1.87998e-05	178.696	14.499	13.309	34.023	1.8731
124.3791139125824	2.90511432	6.3825	5.43057e-06	30.422	1.03452e-05	4.67972	3.78827e-05	7.49222	-1.88072e-05	178.728	14.499	13.309	34.024	1.8734
125.44317483901978	2.90511946	6.419	5.43057e-06	30.3517	1.03443e-05	4.57034	3.78902e-05	7.52347	-1.87886e-05	178.751	14.499	13.309	34.024	1.8734
126.52923679351807	2.90511334	6.4578	5.42964e-06	30.4298	1.03303e-05	4.52347	3.79013e-05	7.50784	-1.87905e-05	178.735	14.499	13.309	34.024	1.8732
127.51929354667664	2.90511392	6.4896	5.44361e-06	30.3673	1.03471e-05	4.67191	3.78939e-05	7.46878	-1.87961e-05	178.743	14.499	13.309	34.025	1.873
128.58435440063477	2.90511277	6.518	5.4343e-06	30.3439	1.0361e-05	4.69534	3.78902e-05	7.47659	-1.87998e-05	178.72	14.499	13.309	34.024	1.8733
129.66641640663147	2.90511472	6.5532	5.43616e-06	30.3126	1.03685e-05	4.60159	3.78939e-05	7.48441	-1.88017e-05	178.704	14.499	13.309	34.025	1.8735
130.74147772789001	2.9051146	6.5896	5.4464e-06	30.3282	1.03592e-05	4.50784	3.79013e-05	7.49222	-1.87979e-05	178.696	14.499	13.309	34.026	1.8738
131.84954118728638	2.90511489	6.6302	5.45385e-06	30.297	1.03405e-05	4.54691	3.78976e-05	7.53909	-1.87905e-05	178.759	14.499	13.309	34.026	1.8737
132.99260663986206	2.90511192	6.6687	5.44082e-06	30.3595	1.03536e-05	4.57034	3.78864e-05	7.48441	-1.87849e-05	178.759	14.499	13.309	34.027	1.8738
134.17767429351807	2.90511672	6.7041	5.44082e-06	30.4376	1.03517e-05	4.60941	3.79088e-05	7.46878	-1.87979e-05	178.79	14.499	13.309	34.027	1.8737
135.36074209213257	2.90511346	6.7447	5.43895e-06	30.3595	1.0361e-05	4.57816	3.78939e-05	7.50784	-1.87905e-05	178.712	14.499	13.309	34.028	1.8736
136.47880601882935	2.90511803	6.7788	5.44175e-06	30.3126	1.03592e-05	4.57034	3.78715e-05	7.50003	-1.87886e-05	178.735	14.499	13.309	34.028	1.8736
137.66187381744385	2.90512358	6.8212	5.43802e-06	30.3282	1.03536e-05	4.70316	3.78678e-05	7.48441	-1.87868e-05	178.767	14.499	13.309	34.029	1.8737
138.84194111824036	2.90512055	6.8614	5.43523e-06	30.3907	1.03657e-05	4.68753	3.78827e-05	7.50003	-1.87979e-05	178.728	14.499	13.309	34.029	1.8743
139.92100286483765	2.90512106	6.8972	5.4464e-06	30.3595	1.03564e-05	4.57034	3.79088e-05	7.46878	-1.87961e-05	178.696	14.499	13.309	34.029	1.8744
141.03906679153442	2.90511517	6.929	5.4464e-06	30.3517	1.03461e-05	4.64066	3.79125e-05	7.48441	-1.87923e-05	178.688	14.499	13.309	34.03	1.8748
142.17313170433044	2.90511277	6.9614	5.44175e-06	30.4064	1.03461e-05	4.59378	3.7879e-05	7.48441	-1.87961e-05	178.696	14.499	13.309	34.031	1.8746
143.28719520568848	2.90512186	6.9999	5.43523e-06	30.4142	1.03545e-05	4.56253	3.78902e-05	7.49222	-1.8783e-05	178.798	14.499	13.309	34.032	1.8753
144.358256816864	2.90511294	7.0361	5.42964e-06	30.3595	1.03592e-05	4.62503	3.78939e-05	7.50784	-1.8783e-05	178.759	14.499	13.309	34.032	1.8751
145.51032257080078	2.90511237	7.0738	5.43243e-06	30.3829	1.03573e-05	4.67191	3.78715e-05	7.51566	-1.87793e-05	178.751	14.499	13.309	34.033	1.875
146.65038776397705	2.90512198	7.1203	5.43895e-06	30.3673	1.03582e-05	4.62503	3.78976e-05	7.49222	-1.87886e-05	178.728	14.499	13.309	34.034	1.875
147.78545260429382	2.90511683	7.158	5.44175e-06	30.4142	1.03517e-05	4.57034	3.79125e-05	7.50784	-1.87923e-05	178.759	14.499	13.309	34.035	1.8753
148.8465132713318	2.90512032	7.1946	5.4464e-06	30.3282	1.03433e-05	4.72659	3.79088e-05	7.51566	-1.87886e-05	178.759	14.499	13.309	34.035	1.8753
150.0105800628662	2.90511728	7.2336	5.43988e-06	30.3829	1.03554e-05	4.54691	3.79051e-05	7.49222	-1.87812e-05	178.728	14.499	13.309	34.035	1.8757
151.15964555740356	2.90511465	7.2766	5.43057e-06	30.4142	1.03424e-05	4.63284	3.79051e-05	7.52347	-1.87905e-05	178.759	14.499	13.309	34.036	1.8761
152.20970582962036	2.90511585	7.3107	5.43709e-06	30.3282	1.03471e-05	4.57816	3.78902e-05	7.50003	-1.87793e-05	178.728	14.499	13.309	34.036	1.8759
153.36177158355713	2.90512198	7.3443	5.43709e-06	30.3595	1.03359e-05	4.53909	3.79051e-05	7.50003	-1.87793e-05	178.728	14.499	13.309	34.036	1.8758
154.5048370361328	2.90512323	7.3811	5.44082e-06	30.3048	1.03396e-05	4.57034	3.792e-05	7.50003	-1.8783e-05	178.712	14.499	13.309	34.037	1.8758
155.66090297698975	2.90511946	7.4152	5.43988e-06	30.422	1.03545e-05	4.60159	3.79088e-05	7.50003	-1.87793e-05	178.728	14.499	13.309	34.037	1.8761
156.7519655227661	2.90511689	7.456	5.43709e-06	30.4142	1.03508e-05	4.54691	3.79162e-05	7.49222	-1.87793e-05	178.743	14.499	13.309	34.037	1.8759
157.89403104782104	2.90511391	7.4957	5.43802e-06	30.3829	1.03415e-05	4.59378	3.79125e-05	7.49222	-1.8783e-05	178.759	14.499	13.309	34.038	1.8763
159.00809454917908	2.90511654	7.5396	5.44268e-06	30.3439	1.03545e-05	4.57816	3.79013e-05	7.51566	-1.87793e-05	178.735	14.499	13.309	34.038	1.877
160.13915920257568	2.90511305	7.578	5.44268e-06	30.3204	1.03508e-05	4.55472	3.79088e-05	7.50003	-1.87868e-05	178.728	14.499	13.309	34.038	1.8777
161.16121768951416	2.90511757	7.6165	5.44454e-06	30.3361	1.0361e-05	4.60159	3.79125e-05	7.50003	-1.87756e-05	178.728	14.499	13.309	34.038	1.877
162.2982828617096	2.90511722	7.6574	5.43523e-06	30.422	1.03694e-05	4.57034	3.792e-05	7.50003	-1.87681e-05	178.728	14.499	13.309	34.038	1.877
163.43834805488586	2.90512128	7.6979	5.44082e-06	30.4064	1.03275e-05	4.58597	3.79051e-05	7.49222	-1.87625e-05	178.735	14.499	13.309	34.038	1.877
164.49940872192383	2.90511877	7.735	5.43243e-06	30.4611	1.03396e-05	4.64847	3.792e-05	7.49222	-1.87607e-05	178.728	14.499	13.309	34.037	1.8766
165.6494743824005	2.90511705	7.7763	5.43988e-06	30.3517	1.03526e-05	4.64847	3.79051e-05	7.51566	-1.87812e-05	178.72	14.499	13.309	34.037	1.877
166.77353882789612	2.90511911	7.8149	5.4343e-06	30.3439	1.03405e-05	4.54691	3.79088e-05	7.50784	-1.87663e-05	178.704	14.499	13.309	34.037	1.8774
167.88360238075256	2.90511328	7.8481	5.44268e-06	30.3048	1.03545e-05	4.42972	3.79125e-05	7.52347	-1.87644e-05	178.704	14.499	13.309	34.037	1.8774
168.90766072273254	2.90511934	7.8813	5.44175e-06	30.3673	1.03573e-05	4.52347	3.79051e-05	7.52347	-1.87756e-05	178.728	14.499	13.309	34.037	1.8773
169.99572324752808	2.90511905	7.9167	5.44082e-06	30.3829	1.03647e-05	4.62503	3.78939e-05	7.51566	-1.877e-05	178.735	14.499	13.309	34.037	1.8775
171.08178520202637	2.9051186	7.9503	5.43988e-06	30.3673	1.03424e-05	4.56253	3.792e-05	7.49222	-1.877e-05	178.743	14.499	13.309	34.037	1.8776
172.09284281730652	2.90511796	7.9803	5.43523e-06	30.4454	1.03629e-05	4.66409	3.79349e-05	7.50784	-1.87719e-05	178.728	14.499	13.309	34.036	1.8778
173.15290355682373	2.90511066	7.997	5.44082e-06	30.3517	1.03629e-05	4.64847	3.792e-05	7.49222	-1.87607e-05	178.743	14.499	13.309	34.037	1.8783
174.2189645767212	2.9051138	8.0061	5.44361e-06	30.3986	1.03489e-05	4.54691	3.79237e-05	7.48441	-1.87607e-05	178.751	14.499	13.309	34.037	1.8783
175.26502442359924	2.90511261	8.0147	5.44268e-06	30.3517	1.03573e-05	4.53128	3.79386e-05	7.48441	-1.87644e-05	178.712	14.499	13.309	34.037	1.8787
176.25608110427856	2.90511221	8.0244	5.44175e-06	30.3361	1.03415e-05	4.61722	3.79311e-05	7.49222	-1.877e-05	178.728	14.499	13.309	34.037	1.8787
177.3341429233551	2.90511627	8.0317	5.44454e-06	30.3595	1.03424e-05	4.62503	3.792e-05	7.48441	-1.87644e-05	178.759	14.499	13.309	34.037	1.8791
178.38720297813416	2.90511787	8.0387	5.44175e-06	30.3595	1.03536e-05	4.67972	3.79051e-05	7.48441	-1.87625e-05	178.728	14.499	13.309	34.037	1.8796
179.46426463127136	2.90511505	8.0454	5.43243e-06	30.3907	1.03601e-05	4.58597	3.792e-05	7.50003	-1.87625e-05	178.735	14.499	13.309	34.037	1.8794
181.55138397216797	2.90511483	8.0501	5.44827e-06	30.3048	1.03508e-05	4.57034	3.79311e-05	7.50003	-1.87607e-05	178.759	14.499	13.309	34.038	1.8793
182.6434464454651	2.90511832	8.0525	5.44547e-06	30.3126	1.03638e-05	4.54691	3.79274e-05	7.49222	-1.87737e-05	178.735	14.499	13.309	34.037	1.8792
183.66350483894348	2.90511632	8.0527	5.44268e-06	30.3282	1.03452e-05	4.57034	3.79386e-05	7.49222	-1.87663e-05	178.751	14.499	13.309	34.037	1.8795
184.73756623268127	2.90512089	8.0563	5.44268e-06	30.3751	1.0348e-05	4.57816	3.79274e-05	7.52347	-1.87625e-05	178.735	14.499	13.309	34.038	1.8795
185.80862760543823	2.90511477	8.0576	5.44733e-06	30.4064	1.03703e-05	4.49222	3.79237e-05	7.49222	-1.87588e-05	178.751	14.499	13.309	34.037	1.8798
186.89968991279602	2.90511952	8.0577	5.44454e-06	30.3986	1.03601e-05	4.49222	3.79423e-05	7.46878	-1.87625e-05	178.704	14.499	13.309	34.037	1.8802
187.90574741363525	2.90511826	8.0586	5.43709e-06	30.3986	1.0361e-05	4.57034	3.79423e-05	7.49222	-1.877e-05	178.704	14.499	13.309	34.037	1.8802
189.00181007385254	2.90511146	8.0553	5.4492e-06	30.3048	1.03368e-05	4.76566	3.79274e-05	7.50784	-1.87719e-05	178.735	14.499	13.309	34.036	1.8801
190.0828719139099	2.90513222	8.0567	5.4492e-06	30.3282	1.03443e-05	4.61722	3.79088e-05	7.52347	-1.877e-05	178.759	14.499	13.309	34.036	1.8799
191.19093537330627	2.90511324	8.0554	5.44733e-06	30.297	1.03498e-05	4.55472	3.79162e-05	7.49222	-1.87681e-05	178.759	14.499	13.309	34.036	1.8802
192.23099493980408	2.90511181	8.0553	5.43802e-06	30.3595	1.03536e-05	4.60941	3.79051e-05	7.48441	-1.87607e-05	178.728	14.499	13.309	34.035	1.8802
193.39606165885925	2.90512027	8.0547	5.44175e-06	30.3829	1.03266e-05	4.74222	3.792e-05	7.50784	-1.87514e-05	178.728	14.499	13.309	34.035	1.88
194.43512082099915	2.90511632	8.0562	5.44454e-06	30.3048	1.03471e-05	4.56253	3.79349e-05	7.47659	-1.87514e-05	178.743	14.499	13.309	34.035	1.8805
195.45817947387695	2.9051193	8.0573	5.4464e-06	30.2345	1.03405e-05	4.54691	3.7946e-05	7.49222	-1.87607e-05	178.767	14.499	13.309	34.034	1.8807
196.53024077415466	2.90511598	8.0579	5.44454e-06	30.3048	1.03396e-05	4.62503	3.79349e-05	7.50003	-1.87588e-05	178.728	14.499	13.309	34.034	1.8806
197.60930252075195	2.90511478	8.0591	5.44268e-06	30.3517	1.03554e-05	4.53909	3.79237e-05	7.51566	-1.87495e-05	178.712	14.499	13.309	34.034	1.8808
198.68936419487	2.90511507	8.0616	5.45106e-06	30.3048	1.03536e-05	4.39847	3.792e-05	7.50784	-1.877e-05	178.728	14.499	13.309	34.034	1.8812
199.7024221420288	2.9051209	8.0596	5.45851e-06	30.2501	1.03508e-05	4.53909	3.79274e-05	7.50003	-1.87719e-05	178.728	14.499	13.309	34.034	1.8809
200.79748463630676	2.90511678	8.0632	5.44733e-06	30.3361	1.03396e-05	4.54691	3.79274e-05	7.50784	-1.87663e-05	178.712	14.499	13.309	34.034	1.8814
201.87454628944397	2.90511597	8.0646	5.43988e-06	30.3517	1.03517e-05	4.55472	3.79125e-05	7.49222	-1.87774e-05	178.743	14.499	13.309	34.033	1.8817
202.95660853385925	2.90511832	8.0619	5.44175e-06	30.3361	1.03582e-05	4.49222	3.79162e-05	7.48441	-1.87756e-05	178.743	14.499	13.309	34.033	1.8816
203.9726665019989	2.90511506	8.0595	5.44082e-06	30.3282	1.03517e-05	4.52347	3.79237e-05	7.50784	-1.87737e-05	178.743	14.499	13.309	34.032	1.8819
205.06572890281677	2.90511757	8.0581	5.44175e-06	30.3439	1.03471e-05	4.57034	3.792e-05	7.50003	-1.877e-05	178.696	14.499	13.309	34.032	1.8822
206.13779044151306	2.90511769	8.0539	5.45665e-06	30.3048	1.03638e-05	4.56253	3.79237e-05	7.49222	-1.877e-05	178.704	14.499	13.309	34.031	1.8824
207.15684866905212	2.90511449	8.0498	5.45385e-06	30.2736	1.03657e-05	4.57816	3.79162e-05	7.49222	-1.87607e-05	178.728	14.499	13.309	34.031	1.8821
208.2449107170105	2.90511832	8.0485	5.45013e-06	30.2423	1.03731e-05	4.52347	3.792e-05	7.52347	-1.87625e-05	178.751	14.499	13.309	34.03	1.8818
209.33497309684753	2.90512038	8.0491	5.44175e-06	30.3517	1.03601e-05	4.55472	3.79311e-05	7.50784	-1.87532e-05	178.751	14.499	13.309	34.03	1.8818
210.41203474998474	2.90511667	8.0432	5.4343e-06	30.4376	1.03564e-05	4.57816	3.79051e-05	7.52347	-1.87663e-05	178.728	14.499	13.309	34.029	1.8822
211.42409253120422	2.90511443	8.0426	5.44454e-06	30.3986	1.03536e-05	4.60941	3.79051e-05	7.50784	-1.87588e-05	178.704	14.499	13.309	34.029	1.8823
212.4931538105011	2.9051154	8.0411	5.4464e-06	30.3517	1.03536e-05	4.61722	3.792e-05	7.50003	-1.87719e-05	178.798	14.499	13.309	34.029	1.8822
213.55321431159973	2.90511346	8.0398	5.43988e-06	30.4298	1.03629e-05	4.56253	3.792e-05	7.51566	-1.87756e-05	178.774	14.499	13.309	34.028	1.8827
214.60827469825745	2.9051174	8.0416	5.43523e-06	30.3829	1.03554e-05	4.49222	3.79274e-05	7.49222	-1.87644e-05	178.759	14.499	13.309	34.028	1.8828
215.615332365036	2.90511706	8.0424	5.43337e-06	30.4689	1.03452e-05	4.49222	3.79386e-05	7.49222	-1.8757e-05	178.735	14.499	13.309	34.027	1.8829
216.71239519119263	2.9051174	8.0444	5.42871e-06	30.422	1.03415e-05	4.54691	3.79386e-05	7.50003	-1.87681e-05	178.704	14.499	13.309	34.027	1.8826
217.7904567718506	2.9051174	8.0456	5.43709e-06	30.3829	1.03564e-05	4.72659	3.792e-05	7.48441	-1.87588e-05	178.743	14.499	13.309	34.026	1.8828
218.78551363945007	2.90511346	8.0479	5.45106e-06	30.3048	1.03405e-05	4.71097	3.79386e-05	7.49222	-1.87588e-05	178.759	14.499	13.309	34.026	1.8825
219.87657618522644	2.90511998	8.0444	5.43988e-06	30.4064	1.03284e-05	4.82816	3.79349e-05	7.50784	-1.87812e-05	178.728	14.499	13.309	34.026	1.8824
220.93163633346558	2.90511677	8.0446	5.44733e-06	30.3048	1.03489e-05	4.67972	3.79237e-05	7.51566	-1.87625e-05	178.759	14.499	13.309	34.025	1.8823
222.02769899368286	2.90511815	8.0431	5.4492e-06	30.2892	1.03592e-05	4.58597	3.79125e-05	7.50784	-1.87532e-05	178.751	14.499	13.309	34.024	1.8824
223.048757314682	2.90512689	8.041	5.45385e-06	30.3439	1.0348e-05	4.59378	3.79162e-05	7.50003	-1.87588e-05	178.728	14.499	13.309	34.024	1.8824
224.1158185005188	2.90512049	8.0388	5.45106e-06	30.3048	1.03359e-05	4.60941	3.792e-05	7.50784	-1.87532e-05	178.735	14.499	13.309	34.023	1.8828
225.1808795928955	2.90511597	8.0373	5.44175e-06	30.3517	1.03415e-05	4.60159	3.79088e-05	7.50003	-1.87774e-05	178.728	14.499	13.309	34.023	1.8826
226.25494074821472	2.9051202	8.0349	5.44733e-06	30.3282	1.03592e-05	4.61722	3.792e-05	7.52347	-1.87663e-05	178.704	14.499	13.309	34.023	1.8833
227.26499891281128	2.90512381	8.0305	5.44175e-06	30.3986	1.03666e-05	4.54691	3.79237e-05	7.52347	-1.87737e-05	178.712	14.499	13.309	34.022	1.8833
228.3300597667694	2.90511929	8.0264	5.43802e-06	30.3517	1.03312e-05	4.62503	3.792e-05	7.52347	-1.87663e-05	178.704	14.499	13.309	34.022	1.8837
229.41212153434753	2.90511752	8.022	5.44454e-06	30.3048	1.03498e-05	4.67191	3.792e-05	7.52347	-1.87719e-05	178.704	14.499	13.309	34.021	1.8833
230.49118328094482	2.90511506	8.0188	5.43709e-06	30.4298	1.0361e-05	4.53909	3.79274e-05	7.48441	-1.87719e-05	178.696	14.499	13.309	34.021	1.8843
231.50924158096313	2.90511849	8.017	5.44454e-06	30.3829	1.03536e-05	4.55472	3.79237e-05	7.50003	-1.87681e-05	178.704	14.499	13.309	34.02	1.8838
232.5503010749817	2.90511523	8.0118	5.43802e-06	30.3907	1.03582e-05	4.58597	3.79311e-05	7.50784	-1.87625e-05	178.735	14.499	13.309	34.019	1.8834
233.63236284255981	2.9051166	8.0126	5.44268e-06	30.3361	1.03489e-05	4.58597	3.79274e-05	7.51566	-1.87681e-05	178.728	14.499	13.309	34.019	1.8834
234.63842034339905	2.90511615	8.01	5.43337e-06	30.3595	1.03452e-05	4.60941	3.79349e-05	7.50784	-1.87644e-05	178.704	14.499	13.309	34.019	1.8835
236.80854439735413	2.90511677	8.0023	5.44082e-06	30.3517	1.03601e-05	4.61722	3.79274e-05	7.49222	-1.87663e-05	178.751	14.499	13.309	34.018	1.8841
237.85160422325134	2.90511352	7.9963	5.44454e-06	30.4064	1.03647e-05	4.64847	3.792e-05	7.49222	-1.87625e-05	178.728	14.499	13.309	34.018	1.884
238.86366200447083	2.90512072	7.9894	5.44082e-06	30.4064	1.03517e-05	4.63284	3.792e-05	7.49222	-1.87625e-05	178.704	14.499	13.309	34.018	1.8841
239.95672464370728	2.90512169	7.9922	5.44361e-06	30.3204	1.03517e-05	4.57034	3.79311e-05	7.51566	-1.87532e-05	178.696	14.499	13.309	34.018	1.8844
241.0317862033844	2.90511843	7.9932	5.44454e-06	30.3048	1.03368e-05	4.54691	3.79311e-05	7.51566	-1.87551e-05	178.735	14.499	13.309	34.018	1.8842
242.06484532356262	2.9051154	7.9952	5.44082e-06	30.3829	1.03573e-05	4.62503	3.79311e-05	7.49222	-1.87625e-05	178.728	14.499	13.309	34.018	1.8839
243.04190111160278	2.90511403	7.9982	5.44733e-06	30.3517	1.03834e-05	4.52347	3.79311e-05	7.50003	-1.87681e-05	178.751	14.499	13.309	34.018	1.8839
244.0969614982605	2.90511626	8.0008	5.45199e-06	30.3282	1.03806e-05	4.54691	3.79386e-05	7.46878	-1.87663e-05	178.767	14.499	13.309	34.018	1.884
245.1760232448578	2.9051134	8.0013	5.45385e-06	30.2423	1.03452e-05	4.54691	3.79311e-05	7.48441	-1.87588e-05	178.759	14.499	13.309	34.018	1.8839
246.2930872440338	2.9051194	8.0053	5.45106e-06	30.2736	1.03592e-05	4.64847	3.79088e-05	7.49222	-1.87625e-05	178.735	14.499	13.309	34.017	1.884
247.35514783859253	2.90511557	8.0093	5.44268e-06	30.3595	1.03582e-05	4.55472	3.79237e-05	7.47659	-1.87607e-05	178.751	14.499	13.309	34.018	1.8841
248.54121565818787	2.9051202	8.0106	5.44175e-06	30.3751	1.03526e-05	4.75003	3.79311e-05	7.47659	-1.87551e-05	178.759	14.499	13.309	34.017	1.8847
249.61727714538574	2.90510963	8.01	5.43802e-06	30.4142	1.03564e-05	4.71097	3.79162e-05	7.49222	-1.87588e-05	178.759	14.499	13.309	34.016	1.8848
250.6073338985443	2.90512095	8.0099	5.45385e-06	30.3048	1.03647e-05	4.54691	3.79237e-05	7.50784	-1.87607e-05	178.759	14.499	13.309	34.016	1.8845
251.70239639282227	2.90512038	8.006	5.44733e-06	30.2657	1.03731e-05	4.52347	3.79311e-05	7.50784	-1.87719e-05	178.759	14.499	13.309	34.016	1.8844
252.7554566860199	2.90512015	8.0048	5.4464e-06	30.3517	1.03564e-05	4.51566	3.79311e-05	7.52347	-1.87756e-05	178.774	14.499	13.309	34.016	1.8842
253.84551906585693	2.90511672	7.9994	5.4464e-06	30.3048	1.03545e-05	4.57034	3.79386e-05	7.49222	-1.87681e-05	178.735	14.499	13.309	34.015	1.8847
254.8675775527954	2.90512443	7.9933	5.4492e-06	30.3048	1.03638e-05	4.53128	3.792e-05	7.47659	-1.8757e-05	178.735	14.499	13.309	34.015	1.8846
255.9366385936737	2.90512335	7.9884	5.45851e-06	30.2736	1.03564e-05	4.53128	3.79311e-05	7.50784	-1.87588e-05	178.735	14.499	13.309	34.015	1.8844
257.03170108795166	2.90513038	7.9868	5.44175e-06	30.3517	1.03471e-05	4.56253	3.79349e-05	7.50003	-1.87607e-05	178.735	14.499	13.309	34.014	1.8844
258.1197636127472	2.90511665	7.9884	5.4492e-06	30.297	1.03564e-05	4.64847	3.79274e-05	7.49222	-1.87644e-05	178.72	14.499	13.309	34.014	1.8848
259.1168203353882	2.90511717	7.9891	5.45199e-06	30.2579	1.0361e-05	4.64847	3.79349e-05	7.49222	-1.877e-05	178.704	14.499	13.309	34.014	1.8848
260.16088032722473	2.90512208	7.9915	5.44827e-06	30.2736	1.03536e-05	4.54691	3.79349e-05	7.50003	-1.877e-05	178.704	14.499	13.309	34.014	1.8846
261.2149405479431	2.90512003	7.9926	5.45572e-06	30.2345	1.03592e-05	4.60941	3.792e-05	7.52347	-1.87719e-05	178.704	14.499	13.309	34.014	1.8846
262.2920022010803	2.90511837	7.9957	5.4464e-06	30.3517	1.03685e-05	4.52347	3.79274e-05	7.49222	-1.87644e-05	178.704	14.499	13.309	34.013	1.8847
263.31206035614014	2.90512826	7.9972	5.44454e-06	30.3517	1.03694e-05	4.47659	3.792e-05	7.49222	-1.87644e-05	178.704	14.499	13.309	34.013	1.8849
264.3761212825775	2.90512398	7.9998	5.44082e-06	30.3907	1.03517e-05	4.56253	3.79311e-05	7.50784	-1.87681e-05	178.728	14.499	13.309	34.013	1.8859
265.4621832370758	2.90512626	8.0025	5.4464e-06	30.3517	1.03536e-05	4.62503	3.79311e-05	7.48441	-1.87774e-05	178.728	14.499	13.309	34.012	1.8856
266.46924090385437	2.90512306	8.006	5.4464e-06	30.3048	1.03675e-05	4.60159	3.79274e-05	7.50784	-1.87663e-05	178.728	14.499	13.309	34.012	1.8857
267.56330370903015	2.90512163	8.0097	5.45572e-06	30.2736	1.0361e-05	4.53128	3.79274e-05	7.49222	-1.87607e-05	178.704	14.499	13.309	34.012	1.8858
268.62036418914795	2.90511345	8.011	5.46224e-06	30.2501	1.03452e-05	4.57816	3.79311e-05	7.49222	-1.87719e-05	178.712	14.499	13.309	34.011	1.8856
269.673424243927	2.90512168	8.0133	5.43988e-06	30.3439	1.03452e-05	4.57034	3.79274e-05	7.48441	-1.87644e-05	178.704	14.499	13.309	34.011	1.8861
270.68248200416565	2.90512283	8.0152	5.44454e-06	30.2736	1.03685e-05	4.53909	3.79162e-05	7.49222	-1.87737e-05	178.767	14.499	13.309	34.011	1.8866
271.7455427646637	2.90512351	8.0165	5.44082e-06	30.3282	1.03657e-05	4.49222	3.79311e-05	7.48441	-1.87737e-05	178.759	14.499	13.309	34.01	1.8864
272.83560514450073	2.90512368	8.018	5.45013e-06	30.2892	1.03545e-05	4.53909	3.79349e-05	7.49222	-1.877e-05	178.743	14.499	13.309	34.01	1.8861
273.9096667766571	2.90512837	8.0185	5.44361e-06	30.2736	1.03629e-05	4.52347	3.79274e-05	7.51566	-1.877e-05	178.751	14.499	13.309	34.009	1.8862
274.93272519111633	2.90511963	8.0188	5.45013e-06	30.2736	1.03582e-05	4.52347	3.79162e-05	7.50784	-1.87551e-05	178.728	14.499	13.309	34.008	1.886
276.0037863254547	2.9051242	8.0169	5.4464e-06	30.2736	1.03517e-05	4.57034	3.792e-05	7.50003	-1.87532e-05	178.728	14.499	13.309	34.008	1.8856
277.0728476047516	2.90512208	8.0113	5.44268e-06	30.3126	1.03498e-05	4.57816	3.79349e-05	7.49222	-1.87588e-05	178.712	14.499	13.309	34.008	1.8856
278.1379084587097	2.90512025	8.0095	5.44268e-06	30.3517	1.03657e-05	4.60159	3.79311e-05	7.50784	-1.87644e-05	178.759	14.499	13.309	34.007	1.8857
279.1379656791687	2.90512334	8.0093	5.4492e-06	30.2657	1.03573e-05	4.64847	3.792e-05	7.49222	-1.87495e-05	178.751	14.499	13.309	34.007	1.8855
280.2190275192261	2.90511894	8.0075	5.45199e-06	30.2736	1.03601e-05	4.60941	3.79349e-05	7.49222	-1.87681e-05	178.759	14.499	13.309	34.006	1.8855
281.27008748054504	2.90512397	8.0064	5.4492e-06	30.3517	1.03592e-05	4.64847	3.79311e-05	7.49222	-1.877e-05	178.759	14.499	13.309	34.006	1.8857
282.28114557266235	2.90512586	8.0049	5.44547e-06	30.3829	1.0348e-05	4.67972	3.79125e-05	7.49222	-1.87663e-05	178.743	14.499	13.309	34.005	1.8856
283.3732080459595	2.90512328	8.0042	5.44268e-06	30.3595	1.03517e-05	4.53909	3.79125e-05	7.50003	-1.87625e-05	178.743	14.499	13.309	34.005	1.8861
284.4552698135376	2.90512466	8.0012	5.43709e-06	30.4454	1.03461e-05	4.49222	3.79274e-05	7.48441	-1.87607e-05	178.704	14.499	13.309	34.005	1.8858
285.5413317680359	2.9051154	8.0011	5.4492e-06	30.3126	1.03452e-05	4.58597	3.79237e-05	7.49222	-1.87514e-05	178.704	14.499	13.309	34.005	1.8858
286.54838943481445	2.90511911	8.0007	5.45292e-06	30.2814	1.03377e-05	4.58597	3.79274e-05	7.52347	-1.8757e-05	178.704	14.499	13.309	34.005	1.8857
287.6384518146515	2.90511848	7.9998	5.45385e-06	30.3673	1.03424e-05	4.62503	3.792e-05	7.50003	-1.87644e-05	178.72	14.499	13.309	34.004	1.8861
288.7005126476288	2.9051162	7.9998	5.4492e-06	30.297	1.03498e-05	4.59378	3.79311e-05	7.50784	-1.877e-05	178.72	14.499	13.309	34.004	1.8862
289.7825744152069	2.90512037	8.0025	5.45479e-06	30.2579	1.03498e-05	4.60159	3.79274e-05	7.50784	-1.87644e-05	178.712	14.499	13.309	34.005	1.8863
291.9136965274811	2.90512014	8.0009	5.43988e-06	30.3829	1.0361e-05	4.61722	3.792e-05	7.49222	-1.87644e-05	178.728	14.499	13.309	34.005	1.8864
292.99675846099854	2.9051234	7.9986	5.44454e-06	30.3126	1.03405e-05	4.59378	3.79237e-05	7.49222	-1.87588e-05	178.704	14.499	13.309	34.004	1.8871
294.09082102775574	2.90512348	7.995	5.44361e-06	30.2423	1.03284e-05	4.70316	3.79162e-05	7.51566	-1.87607e-05	178.704	14.499	13.309	34.005	1.8876
295.11787962913513	2.90511946	7.9909	5.45013e-06	30.2501	1.03508e-05	4.67191	3.79237e-05	7.50784	-1.87625e-05	178.696	14.499	13.309	34.005	1.8872
296.20794200897217	2.90511637	7.9881	5.43988e-06	30.3048	1.03312e-05	4.63284	3.79274e-05	7.49222	-1.87644e-05	178.735	14.499	13.309	34.005	1.8865
297.3030045032501	2.905121	7.9873	5.4492e-06	30.2736	1.03275e-05	4.64847	3.79274e-05	7.47659	-1.87681e-05	178.728	14.499	13.309	34.004	1.8865
298.3920669555664	2.90512032	7.9863	5.44082e-06	30.3829	1.0362e-05	4.54691	3.79013e-05	7.50003	-1.87625e-05	178.728	14.499	13.309	34.004	1.8867
299.4071249961853	2.90512328	7.9859	5.4464e-06	30.3595	1.03517e-05	4.60941	3.79125e-05	7.49222	-1.87681e-05	178.712	14.499	13.309	34.004	1.8867
300.49718713760376	2.90512523	7.9863	5.44827e-06	30.3048	1.0362e-05	4.57034	3.79088e-05	7.50784	-1.87737e-05	178.696	14.499	13.309	34.004	1.887
301.6442527770996	2.90512201	7.9889	5.45479e-06	30.2501	1.03508e-05	4.52347	3.79125e-05	7.51566	-1.87607e-05	178.704	14.499	13.309	34.003	1.8873
302.7283148765564	2.90512581	7.9913	5.45758e-06	30.2345	1.03545e-05	4.48441	3.79088e-05	7.53128	-1.87514e-05	178.743	14.499	13.309	34.003	1.8872
303.88738107681274	2.905119	7.9923	5.45013e-06	30.3048	1.03461e-05	4.48441	3.79237e-05	7.50784	-1.87644e-05	178.767	14.499	13.309	34.003	1.8876
304.98144364356995	2.90511975	7.9935	5.4464e-06	30.3439	1.03545e-05	4.57816	3.792e-05	7.47659	-1.87625e-05	178.728	14.499	13.309	34.003	1.8869
306.06650590896606	2.90512238	7.9966	5.45572e-06	30.2579	1.03582e-05	4.60159	3.79349e-05	7.48441	-1.87625e-05	178.704	14.499	13.309	34.003	1.8867
307.05456256866455	2.90511517	7.9966	5.45572e-06	30.2657	1.03526e-05	4.60159	3.79386e-05	7.49222	-1.87756e-05	178.704	14.499	13.309	34.003	1.8873
308.0826210975647	2.90512369	7.9984	5.45572e-06	30.3282	1.0348e-05	4.61722	3.79311e-05	7.47659	-1.87905e-05	178.751	14.499	13.309	34.003	1.8869
309.15668272972107	2.90512627	7.9978	5.45106e-06	30.3204	1.03461e-05	4.62503	3.79311e-05	7.48441	-1.87663e-05	178.767	14.499	13.309	34.002	1.8871
310.2117431163788	2.90512587	7.9939	5.4492e-06	30.3517	1.03554e-05	4.52347	3.79274e-05	7.49222	-1.87663e-05	178.728	14.499	13.309	34.003	1.8871
311.22580122947693	2.90512061	7.9949	5.44827e-06	30.3282	1.03657e-05	4.51566	3.79237e-05	7.49222	-1.87607e-05	178.759	14.499	13.309	34.003	1.8874
312.2918620109558	2.90512147	7.9913	5.45385e-06	30.2267	1.03517e-05	4.55472	3.78939e-05	7.54691	-1.87551e-05	178.759	14.499	13.309	34.003	1.8874
313.37492394447327	2.9051205	7.9918	5.45385e-06	30.1954	1.03601e-05	4.70316	3.79088e-05	7.52347	-1.877e-05	178.751	14.499	13.309	34.002	1.8874
314.4699864387512	2.90512369	7.9924	5.44361e-06	30.3048	1.03564e-05	4.56253	3.792e-05	7.50784	-1.87756e-05	178.743	14.499	13.309	34.002	1.8875
315.5530483722687	2.90511677	7.9917	5.4613e-06	30.2423	1.03592e-05	4.55472	3.79237e-05	7.50784	-1.877e-05	178.767	14.499	13.309	34.002	1.8875
316.7021141052246	2.90512175	7.9838	5.45292e-06	30.3907	1.03424e-05	4.58597	3.79125e-05	7.51566	-1.87663e-05	178.782	14.499	13.309	34.001	1.8874
317.85418009757996	2.90512113	7.9745	5.45385e-06	30.2736	1.0348e-05	4.60159	3.79125e-05	7.50784	-1.877e-05	178.728	14.499	13.309	34.001	1.8875
318.9942452907562	2.90511741	7.9694	5.4464e-06	30.3282	1.03796e-05	4.56253	3.79088e-05	7.50784	-1.87625e-05	178.72	14.499	13.309	34.001	1.8882
320.0903079509735	2.90511873	7.9651	5.45013e-06	30.3282	1.03731e-05	4.54691	3.79274e-05	7.50784	-1.87644e-05	178.735	14.499	13.309	34.001	1.8883
321.2673752307892	2.90511788	7.968	5.45851e-06	30.2736	1.03545e-05	4.59378	3.79237e-05	7.49222	-1.87644e-05	178.728	14.499	13.309	34.001	1.888
322.3884394168854	2.90511588	7.9694	5.45199e-06	30.2111	1.0348e-05	4.64847	3.79274e-05	7.50003	-1.87644e-05	178.72	14.499	13.309	34.002	1.888
323.5355050563812	2.90512143	7.9748	5.44454e-06	30.4142	1.03498e-05	4.52347	3.79274e-05	7.48441	-1.87625e-05	178.728	14.499	13.309	34.003	1.8887
324.6145668029785	2.90512377	7.9778	5.4492e-06	30.3361	1.03498e-05	4.52347	3.79237e-05	7.49222	-1.87793e-05	178.681	14.499	13.309	34.003	1.8885
325.76063227653503	2.90512468	7.98	5.44827e-06	30.4064	1.0334e-05	4.62503	3.79237e-05	7.51566	-1.87756e-05	178.681	14.499	13.309	34.002	1.8884
326.9106981754303	2.90512178	7.9759	5.45106e-06	30.4064	1.03526e-05	4.57034	3.79274e-05	7.50784	-1.87719e-05	178.728	14.499	13.309	34.002	1.8895
328.05476331710815	2.90512223	7.9836	5.4464e-06	30.3829	1.03294e-05	4.54691	3.79162e-05	7.51566	-1.87644e-05	178.704	14.499	13.309	34.003	1.8894
329.1258249282837	2.90512343	7.9894	5.4464e-06	30.3439	1.03471e-05	4.57034	3.79125e-05	7.53128	-1.87625e-05	178.704	14.499	13.309	34.003	1.889
330.29489159584045	2.90512251	7.9942	5.44175e-06	30.3517	1.03498e-05	4.62503	3.79088e-05	7.52347	-1.8757e-05	178.743	14.499	13.309	34.003	1.8891
331.45495796203613	2.90512074	7.9971	5.43802e-06	30.422	1.03722e-05	4.62503	3.79237e-05	7.51566	-1.8757e-05	178.728	14.499	13.309	34.003	1.889
332.60602378845215	2.90511988	8.0035	5.43988e-06	30.4376	1.03526e-05	4.60941	3.79237e-05	7.52347	-1.87719e-05	178.704	14.499	13.309	34.002	1.8893
333.6860854625702	2.90512029	8.0078	5.43988e-06	30.3907	1.03545e-05	4.61722	3.792e-05	7.49222	-1.87719e-05	178.704	14.499	13.309	34.002	1.8891
334.85115218162537	2.90512252	8.012	5.44733e-06	30.3829	1.03461e-05	4.63284	3.792e-05	7.49222	-1.87625e-05	178.735	14.499	13.309	34.002	1.8903
335.9732165336609	2.90512188	8.0104	5.44175e-06	30.3126	1.03489e-05	4.66409	3.79311e-05	7.49222	-1.87681e-05	178.728	14.499	13.309	34.001	1.8902
337.106281042099	2.90512577	8.0131	5.44361e-06	30.3595	1.03657e-05	4.52347	3.792e-05	7.49222	-1.87681e-05	178.759	14.499	13.309	34.001	1.89
338.20734429359436	2.90512051	8.0131	5.44268e-06	30.3829	1.03359e-05	4.57034	3.79386e-05	7.49222	-1.87681e-05	178.728	14.499	13.309	34.0	1.8899
339.3484094142914	2.90512143	8.0125	5.44733e-06	30.3048	1.03517e-05	4.64847	3.79423e-05	7.49222	-1.8757e-05	178.728	14.499	13.309	34.0	1.8897
340.4924747943878	2.90511948	8.0106	5.43709e-06	30.3282	1.03266e-05	4.60159	3.79311e-05	7.50784	-1.87551e-05	178.743	14.499	13.309	33.999	1.8896
341.6455409526825	2.90512234	8.0094	5.44454e-06	30.3048	1.03396e-05	4.57034	3.79349e-05	7.49222	-1.87625e-05	178.735	14.499	13.309	33.999	1.8898
342.74360370635986	2.90512154	8.0077	5.43895e-06	30.2814	1.03498e-05	4.53128	3.79498e-05	7.51566	-1.87737e-05	178.712	14.499	13.309	33.998	1.8893
343.8926694393158	2.90512171	8.0041	5.44268e-06	30.4376	1.03536e-05	4.48441	3.79535e-05	7.46878	-1.87737e-05	178.728	14.499	13.309	33.998	1.8896
345.0537357330322	2.90512126	8.0029	5.4492e-06	30.3829	1.03694e-05	4.54691	3.79572e-05	7.48441	-1.87644e-05	178.735	14.499	13.309	33.998	1.8893
346.19280099868774	2.9051212	8.0053	5.44268e-06	30.3517	1.03638e-05	4.58597	3.79349e-05	7.50784	-1.87756e-05	178.759	14.499	13.309	33.998	1.8894
347.29186367988586	2.90512468	8.0056	5.45013e-06	30.3517	1.03582e-05	4.53909	3.79423e-05	7.49222	-1.87737e-05	178.743	14.499	13.309	33.998	1.8897
348.4099278450012	2.90511891	8.0051	5.44547e-06	30.3282	1.03424e-05	4.58597	3.79498e-05	7.46878	-1.87812e-05	178.704	14.499	13.309	33.997	1.8894
349.5869951248169	2.90512114	8.0056	5.43802e-06	30.3439	1.03592e-05	4.55472	3.792e-05	7.50784	-1.87737e-05	178.704	14.499	13.309	33.997	1.8895
350.70905923843384	2.90512211	8.006	5.43616e-06	30.422	1.03545e-05	4.55472	3.79311e-05	7.49222	-1.87644e-05	178.728	14.499	13.309	33.997	1.8897
351.7831208705902	2.9051216	8.0071	5.43988e-06	30.4298	1.03582e-05	4.66409	3.79349e-05	7.50003	-1.87607e-05	178.728	14.499	13.309	33.996	1.8898
352.8341808319092	2.90512674	8.0103	5.4464e-06	30.3595	1.03517e-05	4.69534	3.79237e-05	7.50784	-1.87644e-05	178.72	14.499	13.309	33.996	1.8903
353.91524267196655	2.90512418	8.0094	5.44454e-06	30.3751	1.03498e-05	4.52347	3.79162e-05	7.50003	-1.87719e-05	178.728	14.499	13.309	33.995	1.8899
354.96730279922485	2.90512366	8.0078	5.44175e-06	30.3517	1.03405e-05	4.54691	3.79386e-05	7.52347	-1.87774e-05	178.728	14.499	13.309	33.995	1.8898
355.9843611717224	2.9051216	8.0084	5.4464e-06	30.3517	1.03443e-05	4.57816	3.79311e-05	7.48441	-1.87644e-05	178.712	14.499	13.309	33.995	1.8897
357.0754234790802	2.90513332	8.0053	5.43523e-06	30.3829	1.03601e-05	4.59378	3.79088e-05	7.49222	-1.87663e-05	178.759	14.499	13.309	33.995	1.8903
358.12348341941833	2.90512606	8.0002	5.43709e-06	30.3829	1.03545e-05	4.60159	3.79125e-05	7.47659	-1.87756e-05	178.759	14.499	13.309	33.994	1.8908
359.25454807281494	2.90512172	7.9966	5.43895e-06	30.3517	1.03452e-05	4.62503	3.79237e-05	7.46097	-1.87719e-05	178.728	14.499	13.309	33.994	1.8911
360.3056080341339	2.90511657	7.9959	5.44454e-06	30.3751	1.03526e-05	4.60941	3.79386e-05	7.52347	-1.87644e-05	178.688	14.499	13.309	33.994	1.8906
361.39067029953003	2.90512074	8.0003	5.44268e-06	30.3751	1.03657e-05	4.58597	3.79684e-05	7.46878	-1.877e-05	178.728	14.499	13.309	33.994	1.8909
362.45073103904724	2.90511854	8.0037	5.43709e-06	30.4454	1.03592e-05	4.49222	3.79572e-05	7.45316	-1.87774e-05	178.743	14.499	13.309	33.994	1.8914
363.47378945350647	2.90512331	8.0058	5.44268e-06	30.3595	1.0348e-05	4.64066	3.79423e-05	7.52347	-1.87719e-05	178.751	14.499	13.309	33.994	1.8912
364.54485058784485	2.90512308	8.0066	5.43243e-06	30.4298	1.0361e-05	4.70316	3.79498e-05	7.48441	-1.87719e-05	178.704	14.499	13.309	33.994	1.8906
365.6259124279022	2.90512468	8.0112	5.42964e-06	30.4454	1.03424e-05	4.60159	3.79013e-05	7.51566	-1.87681e-05	178.704	14.499	13.309	33.994	1.8901
366.71597480773926	2.90512628	8.0138	5.43988e-06	30.3751	1.03545e-05	4.59378	3.79162e-05	7.50784	-1.877e-05	178.72	14.499	13.309	33.993	1.8902
367.7470338344574	2.90511748	8.016	5.43895e-06	30.3595	1.0348e-05	4.58597	3.79274e-05	7.50003	-1.87625e-05	178.712	14.499	13.309	33.993	1.8904
368.8160948753357	2.90512176	8.0163	5.4464e-06	30.3439	1.03592e-05	4.54691	3.79013e-05	7.53128	-1.8757e-05	178.759	14.499	13.309	33.992	1.8904
369.92115807533264	2.90512165	8.0219	5.44733e-06	30.3517	1.03405e-05	4.58597	3.79088e-05	7.49222	-1.87588e-05	178.728	14.499	13.309	33.992	1.8903
370.98121881484985	2.90512073	8.0222	5.4492e-06	30.3204	1.03564e-05	4.52347	3.79013e-05	7.46878	-1.87551e-05	178.751	14.499	13.309	33.991	1.8902
371.9872763156891	2.90512456	8.0254	5.44175e-06	30.3282	1.03424e-05	4.49222	3.79609e-05	7.44534	-1.87514e-05	178.759	14.499	13.309	33.991	1.8904
373.09033942222595	2.90512473	8.0239	5.43895e-06	30.3204	1.03666e-05	4.59378	3.79237e-05	7.47659	-1.87588e-05	178.767	14.499	13.309	33.99	1.8904
374.1213984489441	2.90512067	8.0248	5.43523e-06	30.3517	1.03638e-05	4.57034	3.79274e-05	7.47659	-1.87588e-05	178.782	14.499	13.309	33.99	1.8902
375.1864593029022	2.90512478	8.0241	5.43709e-06	30.3751	1.03573e-05	4.60159	3.79386e-05	7.52347	-1.87625e-05	178.759	14.499	13.309	33.99	1.8904
376.2255187034607	2.90511907	8.0225	5.43709e-06	30.3829	1.03592e-05	4.62503	3.79125e-05	7.53909	-1.87663e-05	178.735	14.499	13.309	33.989	1.8903
377.28157925605774	2.90511878	8.0209	5.43523e-06	30.4454	1.03377e-05	4.67972	3.79237e-05	7.52347	-1.87737e-05	178.735	14.499	13.309	33.988	1.8903
378.40264320373535	2.90512478	8.0204	5.43988e-06	30.3751	1.03564e-05	4.49222	3.79349e-05	7.50784	-1.87644e-05	178.751	14.499	13.309	33.988	1.8901
379.41970133781433	2.90512444	8.0174	5.43988e-06	30.3517	1.03564e-05	4.55472	3.79274e-05	7.51566	-1.87514e-05	178.735	14.499	13.309	33.988	1.8903
380.5007634162903	2.90512747	8.0157	5.43802e-06	30.3439	1.03498e-05	4.65628	3.79237e-05	7.53128	-1.87532e-05	178.743	14.499	13.309	33.988	1.8902
381.57382464408875	2.90512421	8.0151	5.43709e-06	30.3986	1.03517e-05	4.57034	3.792e-05	7.52347	-1.87476e-05	178.743	14.499	13.309	33.988	1.8904
382.6708872318268	2.90512821	8.0126	5.43709e-06	30.3907	1.03461e-05	4.51566	3.7946e-05	7.52347	-1.87663e-05	178.751	14.499	13.309	33.987	1.8908
383.6909456253052	2.90512558	8.0107	5.44175e-06	30.4064	1.03526e-05	4.52347	3.79647e-05	7.53128	-1.87607e-05	178.735	14.499	13.309	33.987	1.8906
384.78000807762146	2.90512135	8.0081	5.44082e-06	30.3595	1.03526e-05	4.60159	3.79386e-05	7.48441	-1.87644e-05	178.735	14.499	13.309	33.987	1.8905
385.865070104599	2.90512507	8.0047	5.44454e-06	30.3751	1.03573e-05	4.50003	3.79349e-05	7.50784	-1.87663e-05	178.751	14.499	13.309	33.986	1.8905
386.8981292247772	2.90512713	7.9979	5.43988e-06	30.3282	1.0361e-05	4.52347	3.79311e-05	7.50003	-1.87681e-05	178.743	14.499	13.309	33.986	1.8912
387.9981920719147	2.9051229	7.9949	5.43802e-06	30.3048	1.03452e-05	4.54691	3.79088e-05	7.50003	-1.87681e-05	178.728	14.499	13.309	33.986	1.8911
389.08125400543213	2.90512564	7.9934	5.43337e-06	30.3986	1.03517e-05	4.64066	3.79274e-05	7.48441	-1.87625e-05	178.72	14.499	13.309	33.986	1.8914
390.1793169975281	2.90513427	7.9904	5.44175e-06	30.3439	1.03508e-05	4.60159	3.79237e-05	7.45316	-1.87625e-05	178.728	14.499	13.309	33.986	1.8911
391.1723737716675	2.90512456	7.9892	5.44082e-06	30.3829	1.03601e-05	4.64066	3.79386e-05	7.49222	-1.87644e-05	178.704	14.499	13.309	33.985	1.8908
392.2324342727661	2.90512564	7.9892	5.44175e-06	30.3986	1.0361e-05	4.64847	3.79274e-05	7.52347	-1.87663e-05	178.735	14.499	13.309	33.985	1.8912
393.33249735832214	2.90512741	7.9854	5.44082e-06	30.3048	1.03685e-05	4.54691	3.79386e-05	7.50003	-1.87607e-05	178.728	14.499	13.309	33.985	1.8912
394.4045584201813	2.90512431	7.9855	5.44175e-06	30.297	1.03592e-05	4.55472	3.79423e-05	7.50003	-1.87644e-05	178.681	14.499	13.309	33.985	1.8913
395.4396176338196	2.90512306	7.9802	5.44827e-06	30.3282	1.03405e-05	4.58597	3.79423e-05	7.51566	-1.87774e-05	178.704	14.499	13.309	33.986	1.8911
396.5076789855957	2.90512626	7.9823	5.44454e-06	30.3673	1.03536e-05	4.62503	3.79013e-05	7.49222	-1.87625e-05	178.728	14.499	13.309	33.986	1.891
397.61174178123474	2.90512735	7.9793	5.44175e-06	30.3282	1.03517e-05	4.54691	3.79349e-05	7.50003	-1.87514e-05	178.743	14.499	13.309	33.986	1.891
398.6928038597107	2.90512249	7.9802	5.4492e-06	30.2736	1.03545e-05	4.56253	3.79162e-05	7.52347	-1.8757e-05	178.728	14.499	13.309	33.986	1.8908
