 47.5556	2
 47.5558	1
 47.5560	0
 47.5562	1
 47.5564	0
 47.5566	0
 47.5568	0
 47.5570	3
 47.5572	2
 47.5574	1
 47.5576	2
 47.5578	0
 47.5580	2
 47.5582	0
 47.5584	0
 47.5586	0
 47.5588	1
 47.5590	2
 47.5592	2
 47.5594	0
 47.5596	0
 47.5598	0
 47.5600	1
 47.5602	2
 47.5604	1
 47.5606	0
 47.5608	0
 47.5610	0
 47.5612	2
 47.5614	1
 47.5616	1
 47.5618	2
 47.5620	3
 47.5622	1
 47.5624	0
 47.5626	2
 47.5628	0
 47.5630	0
 47.5632	2
 47.5634	2
 47.5636	2
 47.5638	2
 47.5640	0
 47.5642	0
 47.5644	0
 47.5646	2
 47.5648	0
 47.5650	0
 47.5652	3
 47.5654	1
 47.5656	0
 47.5658	1
 47.5660	1
 47.5662	0
 47.5664	1
 47.5666	2
 47.5668	0
 47.5670	2
 47.5672	0
 47.5674	0
 47.5676	1
 47.5678	4
 47.5680	4
 47.5682	0
 47.5684	1
 47.5686	0
 47.5688	0
 47.5690	0
 47.5692	2
 47.5694	1
 47.5696	1
 47.5698	1
 47.5700	2
 47.5702	1
 47.5704	1
 47.5706	1
 47.5708	1
 47.5710	2
 47.5712	0
 47.5714	3
 47.5716	1
 47.5718	0
 47.5720	2
 47.5722	2
 47.5724	2
 47.5726	1
 47.5728	1
 47.5730	0
 47.5732	1
 47.5734	1
 47.5736	3
 47.5738	2
 47.5740	1
 47.5742	2
 47.5744	2
 47.5746	5
 47.5748	3
 47.5750	1
 47.5752	1
 47.5754	2
 47.5756	1
 47.5758	2
 47.5760	3
 47.5762	2
 47.5764	0
 47.5766	2
 47.5768	2
 47.5770	3
 47.5772	1
 47.5774	2
 47.5776	1
 47.5778	2
 47.5780	0
 47.5782	2
 47.5784	2
 47.5786	2
 47.5788	3
 47.5790	2
 47.5792	4
 47.5794	2
 47.5796	3
 47.5798	5
 47.5800	3
 47.5802	5
 47.5804	7
 47.5806	3
 47.5808	4
 47.5810	4
 47.5812	2
 47.5814	9
 47.5816	3
 47.5818	5
 47.5820	5
 47.5822	2
 47.5824	1
 47.5826	2
 47.5828	3
 47.5830	4
 47.5832	3
 47.5834	2
 47.5836	1
 47.5838	4
 47.5840	5
 47.5842	2
 47.5844	1
 47.5846	1
 47.5848	2
 47.5850	3
 47.5852	7
 47.5854	8
 47.5856	4
 47.5858	5
 47.5860	2
 47.5862	2
 47.5864	1
 47.5866	3
 47.5868	2
 47.5870	6
 47.5872	8
 47.5874	5
 47.5876	8
 47.5878	1
 47.5880	9
 47.5882	8
 47.5884	10
 47.5886	12
 47.5888	8
 47.5890	6
 47.5892	8
 47.5894	6
 47.5896	9
 47.5898	13
 47.5900	5
 47.5902	8
 47.5904	10
 47.5906	4
 47.5908	9
 47.5910	13
 47.5912	7
 47.5914	18
 47.5916	14
 47.5918	14
 47.5920	14
 47.5922	8
 47.5924	14
 47.5926	18
 47.5928	13
 47.5930	12
 47.5932	24
 47.5934	26
 47.5936	25
 47.5938	23
 47.5940	16
 47.5942	26
 47.5944	30
 47.5946	35
 47.5948	28
 47.5950	25
 47.5952	36
 47.5954	38
 47.5956	32
 47.5958	37
 47.5960	42
 47.5962	35
 47.5964	41
 47.5966	34
 47.5968	45
 47.5970	46
 47.5972	55
 47.5974	46
 47.5976	69
 47.5978	46
 47.5980	68
 47.5982	54
 47.5984	78
 47.5986	60
 47.5988	67
 47.5990	69
 47.5992	84
 47.5994	87
 47.5996	65
 47.5998	90
 47.6000	83
 47.6002	104
 47.6004	79
 47.6006	94
 47.6008	110
 47.6010	90
 47.6012	96
 47.6014	116
 47.6016	119
 47.6018	110
 47.6020	108
 47.6022	109
 47.6024	118
 47.6026	114
 47.6028	111
 47.6030	131
 47.6032	139
 47.6034	144
 47.6036	146
 47.6038	131
 47.6040	130
 47.6042	136
 47.6044	143
 47.6046	159
 47.6048	199
 47.6050	152
 47.6052	187
 47.6054	181
 47.6056	198
 47.6058	202
 47.6060	207
 47.6062	227
 47.6064	238
 47.6066	237
 47.6068	257
 47.6070	253
 47.6072	272
 47.6074	302
 47.6076	310
 47.6078	321
 47.6080	294
 47.6082	324
 47.6084	329
 47.6086	311
 47.6088	355
 47.6090	337
 47.6092	357
 47.6094	356
 47.6096	363
 47.6098	367
 47.6100	371
 47.6102	345
 47.6104	333
 47.6106	319
 47.6108	367
 47.6110	346
 47.6112	346
 47.6114	315
 47.6116	299
 47.6118	303
 47.6120	296
 47.6122	293
 47.6124	286
 47.6126	262
 47.6128	231
 47.6130	251
 47.6132	226
 47.6134	207
 47.6136	208
 47.6138	176
 47.6140	167
 47.6142	155
 47.6144	144
 47.6146	158
 47.6148	159
 47.6150	129
 47.6152	102
 47.6154	115
 47.6156	123
 47.6158	102
 47.6160	90
 47.6162	103
 47.6164	95
 47.6166	70
 47.6168	71
 47.6170	64
 47.6172	58
 47.6174	59
 47.6176	58
 47.6178	52
 47.6180	52
 47.6182	37
 47.6184	25
 47.6186	40
 47.6188	34
 47.6190	32
 47.6192	25
 47.6194	38
 47.6196	30
 47.6198	31
 47.6200	31
 47.6202	26
 47.6204	27
 47.6206	10
 47.6208	23
 47.6210	13
 47.6212	15
 47.6214	15
 47.6216	15
 47.6218	15
 47.6220	16
 47.6222	16
 47.6224	12
 47.6226	10
 47.6228	9
 47.6230	13
 47.6232	13
 47.6234	8
 47.6236	8
 47.6238	24
 47.6240	12
 47.6242	11
 47.6244	6
 47.6246	8
 47.6248	5
 47.6250	7
 47.6252	15
 47.6254	9
 47.6256	8
 47.6258	5
 47.6260	7
 47.6262	5
 47.6264	4
 47.6266	10
 47.6268	10
 47.6270	6
 47.6272	9
 47.6274	3
 47.6276	7
 47.6278	4
 47.6280	6
 47.6282	3
 47.6284	11
 47.6286	6
 47.6288	10
 47.6290	6
 47.6292	4
 47.6294	5
 47.6296	3
 47.6298	1
 47.6300	4
 47.6302	2
 47.6304	7
 47.6306	5
 47.6308	5
 47.6310	4
 47.6312	6
 47.6314	2
 47.6316	5
 47.6318	2
 47.6320	4
 47.6322	4
 47.6324	2
 47.6326	3
 47.6328	7
 47.6330	4
 47.6332	4
 47.6334	6
 47.6336	2
 47.6338	2
 47.6340	3
 47.6342	2
 47.6344	4
 47.6346	5
 47.6348	5
 47.6350	2
 47.6352	3
 47.6354	4
 47.6356	1
 47.6358	4
 47.6360	2
 47.6362	0
 47.6364	2
 47.6366	1
 47.6368	2
 47.6370	1
 47.6372	2
 47.6374	8
 47.6376	1
 47.6378	1
 47.6380	3
 47.6382	5
 47.6384	6
 47.6386	3
 47.6388	1
 47.6390	2
 47.6392	2
 47.6394	2
 47.6396	3
 47.6398	3
 47.6400	0
 47.6402	1
 47.6404	3
 47.6406	1
 47.6408	1
 47.6410	2
 47.6412	2
 47.6414	1
 47.6416	5
 47.6418	1
 47.6420	0
 47.6422	2
 47.6424	4
 47.6426	4
 47.6428	3
 47.6430	1
 47.6432	4
 47.6434	1
 47.6436	3
 47.6438	0
 47.6440	1
 47.6442	2
 47.6444	6
 47.6446	3
 47.6448	1
 47.6450	1
 47.6452	2
 47.6454	0
 47.6456	2
 47.6458	1
 47.6460	2
 47.6462	1
 47.6464	2
 47.6466	1
 47.6468	0
 47.6470	2
 47.6472	0
 47.6474	0
 47.6476	0
 47.6478	2
 47.6480	2
 47.6482	2
 47.6484	2
 47.6486	0
 47.6488	2
 47.6490	1
 47.6492	1
 47.6494	2
 47.6496	0
 47.6498	0
 47.6500	1
 47.6502	3
 47.6504	1
 47.6506	0
 47.6508	2
 47.6510	0
 47.6512	2
 47.6514	1
 47.6516	1
 47.6518	4
 47.6520	0
 47.6522	1
 47.6524	1
 47.6526	1
 47.6528	1
 47.6530	4
 47.6532	2
 47.6534	0
 47.6536	0
 47.6538	0
 47.6540	2
 47.6542	4
 47.6544	2
 47.6546	1
 47.6548	1
 47.6550	2
 47.6552	1
 47.6554	1
 47.6556	0
 47.6558	1
 47.6560	1
 47.6562	0
 47.6564	1
 47.6566	3
 47.6568	2
 47.6570	1
 47.6572	1
 47.6574	0
 47.6576	0
 47.6578	5
 47.6580	1
 47.6582	2
 47.6584	1
 47.6586	1
 47.6588	0
