  5.0000	776
  5.0200	741
  5.0400	765
  5.0600	728
  5.0800	748
  5.1000	763
  5.1200	773
  5.1400	715
  5.1600	745
  5.1800	754
  5.2000	782
  5.2200	739
  5.2400	762
  5.2600	770
  5.2800	712
  5.3000	721
  5.3200	721
  5.3400	789
  5.3600	728
  5.3800	765
  5.4000	764
  5.4200	703
  5.4400	714
  5.4600	748
  5.4800	689
  5.5000	719
  5.5200	697
  5.5400	722
  5.5600	737
  5.5800	706
  5.6000	727
  5.6200	717
  5.6400	706
  5.6600	678
  5.6800	674
  5.7000	701
  5.7200	719
  5.7400	688
  5.7600	723
  5.7800	669
  5.8000	700
  5.8200	695
  5.8400	677
  5.8600	665
  5.8800	718
  5.9000	666
  5.9200	675
  5.9400	668
  5.9600	622
  5.9800	696
  6.0000	666
  6.0200	668
  6.0400	709
  6.0600	675
  6.0800	619
  6.1000	690
  6.1200	685
  6.1400	675
  6.1600	681
  6.1800	658
  6.2000	605
  6.2200	633
  6.2400	661
  6.2600	663
  6.2800	716
  6.3000	640
  6.3200	620
  6.3400	637
  6.3600	651
  6.3800	665
  6.4000	692
  6.4200	607
  6.4400	625
  6.4600	638
  6.4800	596
  6.5000	617
  6.5200	635
  6.5400	631
  6.5600	662
  6.5800	582
  6.6000	603
  6.6200	613
  6.6400	583
  6.6600	597
  6.6800	587
  6.7000	615
  6.7200	603
  6.7400	633
  6.7600	595
  6.7800	596
  6.8000	612
  6.8200	620
  6.8400	554
  6.8600	589
  6.8800	607
  6.9000	617
  6.9200	594
  6.9400	577
  6.9600	577
  6.9800	589
  7.0000	627
  7.0200	537
  7.0400	556
  7.0600	593
  7.0800	580
  7.1000	590
  7.1200	610
  7.1400	601
  7.1600	578
  7.1800	582
  7.2000	569
  7.2200	616
  7.2400	574
  7.2600	537
  7.2800	571
  7.3000	583
  7.3200	572
  7.3400	575
  7.3600	569
  7.3800	602
  7.4000	607
  7.4200	555
  7.4400	538
  7.4600	567
  7.4800	582
  7.5000	555
  7.5200	568
  7.5400	597
  7.5600	610
  7.5800	565
  7.6000	553
  7.6200	583
  7.6400	582
  7.6600	555
  7.6800	570
  7.7000	576
  7.7200	547
  7.7400	543
  7.7600	573
  7.7800	552
  7.8000	513
  7.8200	560
  7.8400	614
  7.8600	575
  7.8800	563
  7.9000	580
  7.9200	559
  7.9400	546
  7.9600	544
  7.9800	542
  8.0000	560
  8.0200	606
  8.0400	563
  8.0600	578
  8.0800	585
  8.1000	578
  8.1200	549
  8.1400	517
  8.1600	587
  8.1800	580
  8.2000	559
  8.2200	584
  8.2400	607
  8.2600	586
  8.2800	563
  8.3000	560
  8.3200	586
  8.3400	584
  8.3600	580
  8.3800	584
  8.4000	565
  8.4200	579
  8.4400	563
  8.4600	554
  8.4800	577
  8.5000	649
  8.5200	598
  8.5400	570
  8.5600	560
  8.5800	583
  8.6000	622
  8.6200	575
  8.6400	574
  8.6600	567
  8.6800	602
  8.7000	619
  8.7200	598
  8.7400	603
  8.7600	564
  8.7800	634
  8.8000	601
  8.8200	660
  8.8400	647
  8.8600	639
  8.8800	670
  8.9000	668
  8.9200	710
  8.9400	674
  8.9600	706
  8.9800	724
  9.0000	776
  9.0200	752
  9.0400	771
  9.0600	860
  9.0800	923
  9.1000	1011
  9.1200	1056
  9.1400	1124
  9.1600	1195
  9.1800	1174
  9.2000	1073
  9.2200	1026
  9.2400	838
  9.2600	763
  9.2800	671
  9.3000	687
  9.3200	567
  9.3400	623
  9.3600	529
  9.3800	546
  9.4000	574
  9.4200	582
  9.4400	581
  9.4600	575
  9.4800	578
  9.5000	538
  9.5200	567
  9.5400	540
  9.5600	561
  9.5800	584
  9.6000	562
  9.6200	543
  9.6400	562
  9.6600	558
  9.6800	584
  9.7000	558
  9.7200	534
  9.7400	596
  9.7600	561
  9.7800	573
  9.8000	566
  9.8200	569
  9.8400	567
  9.8600	545
  9.8800	560
  9.9000	546
  9.9200	519
  9.9400	606
  9.9600	570
  9.9800	522
 10.0000	501
 10.0200	506
 10.0400	543
 10.0600	533
 10.0800	568
 10.1000	513
 10.1200	556
 10.1400	581
 10.1600	535
 10.1800	546
 10.2000	528
 10.2200	508
 10.2400	552
 10.2600	559
 10.2800	534
 10.3000	520
 10.3200	510
 10.3400	589
 10.3600	482
 10.3800	495
 10.4000	534
 10.4200	550
 10.4400	542
 10.4600	522
 10.4800	538
 10.5000	528
 10.5200	581
 10.5400	552
 10.5600	564
 10.5800	522
 10.6000	534
 10.6200	567
 10.6400	525
 10.6600	520
 10.6800	555
 10.7000	557
 10.7200	518
 10.7400	551
 10.7600	557
 10.7800	503
 10.8000	560
 10.8200	508
 10.8400	517
 10.8600	529
 10.8800	527
 10.9000	510
 10.9200	494
 10.9400	516
 10.9600	501
 10.9800	517
 11.0000	526
 11.0200	501
 11.0400	532
 11.0600	555
 11.0800	522
 11.1000	530
 11.1200	518
 11.1400	529
 11.1600	525
 11.1800	513
 11.2000	510
 11.2200	484
 11.2400	526
 11.2600	521
 11.2800	518
 11.3000	514
 11.3200	522
 11.3400	520
 11.3600	508
 11.3800	544
 11.4000	555
 11.4200	553
 11.4400	488
 11.4600	546
 11.4800	533
 11.5000	469
 11.5200	534
 11.5400	539
 11.5600	515
 11.5800	529
 11.6000	534
 11.6200	507
 11.6400	543
 11.6600	465
 11.6800	543
 11.7000	528
 11.7200	531
 11.7400	516
 11.7600	528
 11.7800	503
 11.8000	538
 11.8200	515
 11.8400	566
 11.8600	558
 11.8800	557
 11.9000	499
 11.9200	524
 11.9400	554
 11.9600	496
 11.9800	568
 12.0000	560
 12.0200	496
 12.0400	514
 12.0600	538
 12.0800	502
 12.1000	484
 12.1200	535
 12.1400	484
 12.1600	506
 12.1800	550
 12.2000	499
 12.2200	495
 12.2400	519
 12.2600	541
 12.2800	492
 12.3000	521
 12.3200	533
 12.3400	528
 12.3600	516
 12.3800	537
 12.4000	539
 12.4200	505
 12.4400	493
 12.4600	491
 12.4800	481
 12.5000	534
 12.5200	497
 12.5400	524
 12.5600	496
 12.5800	530
 12.6000	536
 12.6200	519
 12.6400	516
 12.6600	479
 12.6800	478
 12.7000	501
 12.7200	496
 12.7400	575
 12.7600	529
 12.7800	514
 12.8000	530
 12.8200	507
 12.8400	503
 12.8600	463
 12.8800	538
 12.9000	567
 12.9200	518
 12.9400	559
 12.9600	548
 12.9800	514
 13.0000	488
 13.0200	517
 13.0400	498
 13.0600	509
 13.0800	509
 13.1000	547
 13.1200	501
 13.1400	503
 13.1600	499
 13.1800	501
 13.2000	520
 13.2200	427
 13.2400	480
 13.2600	489
 13.2800	470
 13.3000	492
 13.3200	480
 13.3400	524
 13.3600	461
 13.3800	472
 13.4000	497
 13.4200	478
 13.4400	518
 13.4600	496
 13.4800	492
 13.5000	481
 13.5200	498
 13.5400	505
 13.5600	439
 13.5800	476
 13.6000	491
 13.6200	483
 13.6400	468
 13.6600	484
 13.6800	519
 13.7000	491
 13.7200	491
 13.7400	477
 13.7600	514
 13.7800	505
 13.8000	567
 13.8200	530
 13.8400	461
 13.8600	491
 13.8800	485
 13.9000	467
 13.9200	493
 13.9400	471
 13.9600	483
 13.9800	498
 14.0000	504
 14.0200	513
 14.0400	503
 14.0600	498
 14.0800	484
 14.1000	458
 14.1200	501
 14.1400	483
 14.1600	472
 14.1800	472
 14.2000	495
 14.2200	507
 14.2400	488
 14.2600	511
 14.2800	478
 14.3000	502
 14.3200	469
 14.3400	510
 14.3600	493
 14.3800	457
 14.4000	480
 14.4200	493
 14.4400	497
 14.4600	456
 14.4800	509
 14.5000	492
 14.5200	509
 14.5400	496
 14.5600	465
 14.5800	481
 14.6000	467
 14.6200	530
 14.6400	560
 14.6600	491
 14.6800	478
 14.7000	504
 14.7200	446
 14.7400	463
 14.7600	454
 14.7800	465
 14.8000	510
 14.8200	474
 14.8400	492
 14.8600	477
 14.8800	480
 14.9000	471
 14.9200	430
 14.9400	475
 14.9600	521
 14.9800	507
 15.0000	488
 15.0200	472
 15.0400	498
 15.0600	447
 15.0800	491
 15.1000	464
 15.1200	511
 15.1400	498
 15.1600	516
 15.1800	502
 15.2000	497
 15.2200	512
 15.2400	460
 15.2600	444
 15.2800	495
 15.3000	517
 15.3200	466
 15.3400	480
 15.3600	481
 15.3800	484
 15.4000	464
 15.4200	500
 15.4400	476
 15.4600	492
 15.4800	507
 15.5000	507
 15.5200	499
 15.5400	511
 15.5600	482
 15.5800	469
 15.6000	472
 15.6200	471
 15.6400	510
 15.6600	472
 15.6800	522
 15.7000	504
 15.7200	435
 15.7400	511
 15.7600	495
 15.7800	488
 15.8000	463
 15.8200	517
 15.8400	485
 15.8600	454
 15.8800	507
 15.9000	477
 15.9200	481
 15.9400	432
 15.9600	454
 15.9800	473
 16.0000	442
 16.0200	450
 16.0400	475
 16.0600	472
 16.0800	480
 16.1000	443
 16.1200	471
 16.1400	462
 16.1600	492
 16.1800	465
 16.2000	446
 16.2200	488
 16.2400	493
 16.2600	503
 16.2800	464
 16.3000	465
 16.3200	460
 16.3400	487
 16.3600	455
 16.3800	458
 16.4000	461
 16.4200	466
 16.4400	505
 16.4600	458
 16.4800	508
 16.5000	485
 16.5200	506
 16.5400	453
 16.5600	493
 16.5800	447
 16.6000	428
 16.6200	500
 16.6400	515
 16.6600	473
 16.6800	484
 16.7000	478
 16.7200	480
 16.7400	433
 16.7600	501
 16.7800	489
 16.8000	498
 16.8200	464
 16.8400	485
 16.8600	474
 16.8800	449
 16.9000	469
 16.9200	492
 16.9400	441
 16.9600	442
 16.9800	471
 17.0000	492
 17.0200	471
 17.0400	454
 17.0600	462
 17.0800	466
 17.1000	457
 17.1200	430
 17.1400	476
 17.1600	472
 17.1800	455
 17.2000	473
 17.2200	439
 17.2400	483
 17.2600	465
 17.2800	447
 17.3000	461
 17.3200	469
 17.3400	477
 17.3600	508
 17.3800	462
 17.4000	443
 17.4200	477
 17.4400	448
 17.4600	444
 17.4800	460
 17.5000	452
 17.5200	505
 17.5400	461
 17.5600	490
 17.5800	446
 17.6000	469
 17.6200	485
 17.6400	493
 17.6600	464
 17.6800	488
 17.7000	465
 17.7200	462
 17.7400	514
 17.7600	511
 17.7800	457
 17.8000	473
 17.8200	503
 17.8400	457
 17.8600	506
 17.8800	508
 17.9000	483
 17.9200	440
 17.9400	556
 17.9600	527
 17.9800	531
 18.0000	521
 18.0200	589
 18.0400	584
 18.0600	565
 18.0800	557
 18.1000	585
 18.1200	634
 18.1400	642
 18.1600	743
 18.1800	723
 18.2000	814
 18.2200	809
 18.2400	896
 18.2600	920
 18.2800	1042
 18.3000	1234
 18.3200	1316
 18.3400	1458
 18.3600	1739
 18.3800	1921
 18.4000	2167
 18.4200	2405
 18.4400	2699
 18.4600	2989
 18.4800	3169
 18.5000	3294
 18.5200	3185
 18.5400	3167
 18.5600	2853
 18.5800	2438
 18.6000	2041
 18.6200	1698
 18.6400	1312
 18.6600	1071
 18.6800	924
 18.7000	790
 18.7200	687
 18.7400	619
 18.7600	627
 18.7800	546
 18.8000	584
 18.8200	537
 18.8400	563
 18.8600	536
 18.8800	491
 18.9000	515
 18.9200	466
 18.9400	504
 18.9600	535
 18.9800	464
 19.0000	438
 19.0200	474
 19.0400	527
 19.0600	490
 19.0800	475
 19.1000	455
 19.1200	489
 19.1400	469
 19.1600	487
 19.1800	464
 19.2000	453
 19.2200	421
 19.2400	459
 19.2600	483
 19.2800	448
 19.3000	448
 19.3200	480
 19.3400	436
 19.3600	454
 19.3800	466
 19.4000	430
 19.4200	428
 19.4400	450
 19.4600	460
 19.4800	451
 19.5000	463
 19.5200	439
 19.5400	411
 19.5600	441
 19.5800	392
 19.6000	422
 19.6200	406
 19.6400	447
 19.6600	447
 19.6800	463
 19.7000	426
 19.7200	415
 19.7400	470
 19.7600	443
 19.7800	445
 19.8000	396
 19.8200	455
 19.8400	439
 19.8600	401
 19.8800	390
 19.9000	375
 19.9200	394
 19.9400	393
 19.9600	415
 19.9800	422
 20.0000	425
 20.0200	418
 20.0400	422
 20.0600	428
 20.0800	444
 20.1000	413
 20.1200	393
 20.1400	375
 20.1600	472
 20.1800	385
 20.2000	436
 20.2200	449
 20.2400	427
 20.2600	444
 20.2800	415
 20.3000	449
 20.3200	436
 20.3400	442
 20.3600	439
 20.3800	450
 20.4000	410
 20.4200	447
 20.4400	474
 20.4600	413
 20.4800	414
 20.5000	426
 20.5200	402
 20.5400	402
 20.5600	382
 20.5800	456
 20.6000	406
 20.6200	407
 20.6400	433
 20.6600	405
 20.6800	400
 20.7000	458
 20.7200	425
 20.7400	431
 20.7600	377
 20.7800	427
 20.8000	399
 20.8200	428
 20.8400	437
 20.8600	413
 20.8800	386
 20.9000	413
 20.9200	426
 20.9400	402
 20.9600	420
 20.9800	437
 21.0000	406
 21.0200	402
 21.0400	389
 21.0600	393
 21.0800	405
 21.1000	384
 21.1200	405
 21.1400	399
 21.1600	421
 21.1800	380
 21.2000	385
 21.2200	430
 21.2400	416
 21.2600	425
 21.2800	370
 21.3000	370
 21.3200	371
 21.3400	405
 21.3600	374
 21.3800	443
 21.4000	423
 21.4200	401
 21.4400	405
 21.4600	414
 21.4800	427
 21.5000	361
 21.5200	434
 21.5400	437
 21.5600	405
 21.5800	420
 21.6000	389
 21.6200	401
 21.6400	419
 21.6600	434
 21.6800	384
 21.7000	443
 21.7200	394
 21.7400	388
 21.7600	396
 21.7800	394
 21.8000	378
 21.8200	354
 21.8400	405
 21.8600	359
 21.8800	399
 21.9000	379
 21.9200	407
 21.9400	390
 21.9600	387
 21.9800	411
 22.0000	406
 22.0200	423
 22.0400	402
 22.0600	428
 22.0800	372
 22.1000	378
 22.1200	418
 22.1400	408
 22.1600	407
 22.1800	376
 22.2000	394
 22.2200	410
 22.2400	404
 22.2600	434
 22.2800	361
 22.3000	389
 22.3200	404
 22.3400	388
 22.3600	397
 22.3800	370
 22.4000	392
 22.4200	417
 22.4400	386
 22.4600	379
 22.4800	365
 22.5000	392
 22.5200	412
 22.5400	367
 22.5600	389
 22.5800	382
 22.6000	381
 22.6200	389
 22.6400	412
 22.6600	410
 22.6800	431
 22.7000	380
 22.7200	373
 22.7400	364
 22.7600	382
 22.7800	370
 22.8000	365
 22.8200	389
 22.8400	415
 22.8600	388
 22.8800	394
 22.9000	366
 22.9200	350
 22.9400	418
 22.9600	402
 22.9800	396
 23.0000	419
 23.0200	356
 23.0400	403
 23.0600	395
 23.0800	361
 23.1000	412
 23.1200	357
 23.1400	384
 23.1600	345
 23.1800	387
 23.2000	335
 23.2200	393
 23.2400	351
 23.2600	380
 23.2800	429
 23.3000	365
 23.3200	391
 23.3400	394
 23.3600	398
 23.3800	369
 23.4000	414
 23.4200	375
 23.4400	398
 23.4600	392
 23.4800	392
 23.5000	378
 23.5200	339
 23.5400	354
 23.5600	383
 23.5800	369
 23.6000	372
 23.6200	372
 23.6400	372
 23.6600	399
 23.6800	369
 23.7000	378
 23.7200	380
 23.7400	363
 23.7600	368
 23.7800	340
 23.8000	360
 23.8200	379
 23.8400	357
 23.8600	388
 23.8800	379
 23.9000	331
 23.9200	364
 23.9400	383
 23.9600	371
 23.9800	389
 24.0000	372
 24.0200	380
 24.0400	360
 24.0600	393
 24.0800	334
 24.1000	371
 24.1200	387
 24.1400	390
 24.1600	399
 24.1800	365
 24.2000	376
 24.2200	370
 24.2400	365
 24.2600	365
 24.2800	377
 24.3000	369
 24.3200	354
 24.3400	356
 24.3600	377
 24.3800	377
 24.4000	397
 24.4200	390
 24.4400	353
 24.4600	373
 24.4800	376
 24.5000	387
 24.5200	385
 24.5400	402
 24.5600	423
 24.5800	433
 24.6000	387
 24.6200	422
 24.6400	428
 24.6600	444
 24.6800	426
 24.7000	402
 24.7200	454
 24.7400	484
 24.7600	481
 24.7800	509
 24.8000	488
 24.8200	518
 24.8400	491
 24.8600	555
 24.8800	543
 24.9000	553
 24.9200	537
 24.9400	533
 24.9600	559
 24.9800	548
 25.0000	550
 25.0200	519
 25.0400	529
 25.0600	485
 25.0800	447
 25.1000	463
 25.1200	452
 25.1400	421
 25.1600	433
 25.1800	410
 25.2000	428
 25.2200	405
 25.2400	396
 25.2600	394
 25.2800	417
 25.3000	403
 25.3200	386
 25.3400	392
 25.3600	360
 25.3800	395
 25.4000	345
 25.4200	367
 25.4400	338
 25.4600	369
 25.4800	348
 25.5000	372
 25.5200	368
 25.5400	398
 25.5600	368
 25.5800	379
 25.6000	430
 25.6200	391
 25.6400	376
 25.6600	371
 25.6800	382
 25.7000	344
 25.7200	352
 25.7400	390
 25.7600	377
 25.7800	353
 25.8000	337
 25.8200	389
 25.8400	375
 25.8600	365
 25.8800	371
 25.9000	339
 25.9200	314
 25.9400	351
 25.9600	380
 25.9800	329
 26.0000	387
 26.0200	354
 26.0400	303
 26.0600	383
 26.0800	395
 26.1000	354
 26.1200	394
 26.1400	334
 26.1600	318
 26.1800	356
 26.2000	372
 26.2200	349
 26.2400	358
 26.2600	333
 26.2800	399
 26.3000	362
 26.3200	324
 26.3400	348
 26.3600	349
 26.3800	394
 26.4000	327
 26.4200	348
 26.4400	350
 26.4600	371
 26.4800	343
 26.5000	327
 26.5200	320
 26.5400	345
 26.5600	350
 26.5800	358
 26.6000	356
 26.6200	336
 26.6400	319
 26.6600	314
 26.6800	344
 26.7000	338
 26.7200	336
 26.7400	368
 26.7600	315
 26.7800	365
 26.8000	345
 26.8200	344
 26.8400	321
 26.8600	341
 26.8800	317
 26.9000	309
 26.9200	331
 26.9400	358
 26.9600	326
 26.9800	338
 27.0000	353
 27.0200	351
 27.0400	339
 27.0600	335
 27.0800	344
 27.1000	323
 27.1200	362
 27.1400	337
 27.1600	332
 27.1800	330
 27.2000	354
 27.2200	345
 27.2400	350
 27.2600	340
 27.2800	323
 27.3000	356
 27.3200	345
 27.3400	343
 27.3600	317
 27.3800	352
 27.4000	339
 27.4200	343
 27.4400	394
 27.4600	358
 27.4800	358
 27.5000	366
 27.5200	385
 27.5400	340
 27.5600	398
 27.5800	407
 27.6000	399
 27.6200	416
 27.6400	422
 27.6600	393
 27.6800	438
 27.7000	439
 27.7200	461
 27.7400	476
 27.7600	459
 27.7800	487
 27.8000	479
 27.8200	532
 27.8400	545
 27.8600	523
 27.8800	544
 27.9000	551
 27.9200	559
 27.9400	570
 27.9600	598
 27.9800	521
 28.0000	526
 28.0200	551
 28.0400	502
 28.0600	513
 28.0800	453
 28.1000	443
 28.1200	398
 28.1400	367
 28.1600	379
 28.1800	354
 28.2000	366
 28.2200	351
 28.2400	338
 28.2600	348
 28.2800	338
 28.3000	332
 28.3200	338
 28.3400	323
 28.3600	345
 28.3800	354
 28.4000	351
 28.4200	369
 28.4400	349
 28.4600	351
 28.4800	347
 28.5000	360
 28.5200	372
 28.5400	329
 28.5600	377
 28.5800	349
 28.6000	355
 28.6200	348
 28.6400	364
 28.6600	328
 28.6800	378
 28.7000	335
 28.7200	392
 28.7400	407
 28.7600	389
 28.7800	421
 28.8000	386
 28.8200	402
 28.8400	456
 28.8600	460
 28.8800	435
 28.9000	488
 28.9200	499
 28.9400	507
 28.9600	577
 28.9800	576
 29.0000	626
 29.0200	667
 29.0400	712
 29.0600	772
 29.0800	838
 29.1000	968
 29.1200	1032
 29.1400	1214
 29.1600	1274
 29.1800	1458
 29.2000	1581
 29.2200	1710
 29.2400	1884
 29.2600	1994
 29.2800	2060
 29.3000	2145
 29.3200	2140
 29.3400	2050
 29.3600	2004
 29.3800	1969
 29.4000	1789
 29.4200	1667
 29.4400	1493
 29.4600	1366
 29.4800	1152
 29.5000	1007
 29.5200	912
 29.5400	798
 29.5600	729
 29.5800	662
 29.6000	600
 29.6200	574
 29.6400	509
 29.6600	555
 29.6800	487
 29.7000	483
 29.7200	458
 29.7400	479
 29.7600	418
 29.7800	393
 29.8000	402
 29.8200	391
 29.8400	390
 29.8600	366
 29.8800	367
 29.9000	364
 29.9200	381
 29.9400	367
 29.9600	354
 29.9800	349
 30.0000	364
 30.0200	324
 30.0400	343
 30.0600	322
 30.0800	316
 30.1000	367
 30.1200	320
 30.1400	325
 30.1600	329
 30.1800	312
 30.2000	311
 30.2200	341
 30.2400	324
 30.2600	320
 30.2800	318
 30.3000	307
 30.3200	305
 30.3400	305
 30.3600	316
 30.3800	315
 30.4000	274
 30.4200	310
 30.4400	297
 30.4600	280
 30.4800	277
 30.5000	278
 30.5200	283
 30.5400	250
 30.5600	245
 30.5800	287
 30.6000	280
 30.6200	276
 30.6400	309
 30.6600	266
 30.6800	252
 30.7000	280
 30.7200	251
 30.7400	271
 30.7600	267
 30.7800	242
 30.8000	274
 30.8200	278
 30.8400	276
 30.8600	249
 30.8800	263
 30.9000	279
 30.9200	289
 30.9400	253
 30.9600	284
 30.9800	286
 31.0000	266
 31.0200	245
 31.0400	256
 31.0600	247
 31.0800	252
 31.1000	266
 31.1200	244
 31.1400	240
 31.1600	229
 31.1800	264
 31.2000	268
 31.2200	245
 31.2400	246
 31.2600	248
 31.2800	228
 31.3000	264
 31.3200	277
 31.3400	258
 31.3600	238
 31.3800	257
 31.4000	242
 31.4200	246
 31.4400	269
 31.4600	258
 31.4800	223
 31.5000	241
 31.5200	230
 31.5400	237
 31.5600	255
 31.5800	255
 31.6000	249
 31.6200	251
 31.6400	248
 31.6600	248
 31.6800	242
 31.7000	249
 31.7200	230
 31.7400	245
 31.7600	258
 31.7800	251
 31.8000	237
 31.8200	242
 31.8400	205
 31.8600	218
 31.8800	257
 31.9000	235
 31.9200	261
 31.9400	248
 31.9600	248
 31.9800	277
 32.0000	252
 32.0200	212
 32.0400	257
 32.0600	236
 32.0800	223
 32.1000	223
 32.1200	240
 32.1400	269
 32.1600	247
 32.1800	216
 32.2000	243
 32.2200	263
 32.2400	241
 32.2600	241
 32.2800	251
 32.3000	228
 32.3200	249
 32.3400	233
 32.3600	252
 32.3800	233
 32.4000	243
 32.4200	239
 32.4400	241
 32.4600	241
 32.4800	244
 32.5000	227
 32.5200	221
 32.5400	247
 32.5600	205
 32.5800	249
 32.6000	225
 32.6200	228
 32.6400	238
 32.6600	248
 32.6800	243
 32.7000	236
 32.7200	223
 32.7400	237
 32.7600	222
 32.7800	192
 32.8000	228
 32.8200	243
 32.8400	211
 32.8600	225
 32.8800	233
 32.9000	211
 32.9200	204
 32.9400	239
 32.9600	227
 32.9800	230
 33.0000	220
 33.0200	242
 33.0400	238
 33.0600	193
 33.0800	213
 33.1000	223
 33.1200	231
 33.1400	249
 33.1600	198
 33.1800	222
 33.2000	219
 33.2200	217
 33.2400	225
 33.2600	216
 33.2800	215
 33.3000	223
 33.3200	218
 33.3400	222
 33.3600	208
 33.3800	217
 33.4000	231
 33.4200	218
 33.4400	201
 33.4600	266
 33.4800	215
 33.5000	201
 33.5200	228
 33.5400	202
 33.5600	198
 33.5800	213
 33.6000	223
 33.6200	220
 33.6400	219
 33.6600	193
 33.6800	212
 33.7000	201
 33.7200	222
 33.7400	229
 33.7600	200
 33.7800	182
 33.8000	238
 33.8200	179
 33.8400	191
 33.8600	202
 33.8800	208
 33.9000	192
 33.9200	183
 33.9400	222
 33.9600	216
 33.9800	200
 34.0000	209
 34.0200	233
 34.0400	200
 34.0600	222
 34.0800	189
 34.1000	200
 34.1200	218
 34.1400	223
 34.1600	199
 34.1800	193
 34.2000	195
 34.2200	200
 34.2400	178
 34.2600	196
 34.2800	173
 34.3000	200
 34.3200	215
 34.3400	193
 34.3600	207
 34.3800	214
 34.4000	209
 34.4200	198
 34.4400	184
 34.4600	201
 34.4800	186
 34.5000	193
 34.5200	168
 34.5400	200
 34.5600	227
 34.5800	201
 34.6000	199
 34.6200	189
 34.6400	188
 34.6600	205
 34.6800	202
 34.7000	208
 34.7200	210
 34.7400	216
 34.7600	201
 34.7800	205
 34.8000	205
 34.8200	207
 34.8400	188
 34.8600	201
 34.8800	187
 34.9000	201
 34.9200	200
 34.9400	213
 34.9600	204
 34.9800	198
 35.0000	212
 35.0200	213
 35.0400	200
 35.0600	207
 35.0800	191
 35.1000	197
 35.1200	206
 35.1400	231
 35.1600	241
 35.1800	242
 35.2000	215
 35.2200	251
 35.2400	245
 35.2600	240
 35.2800	231
 35.3000	261
 35.3200	220
 35.3400	232
 35.3600	262
 35.3800	216
 35.4000	229
 35.4200	281
 35.4400	259
 35.4600	198
 35.4800	217
 35.5000	217
 35.5200	221
 35.5400	222
 35.5600	208
 35.5800	195
 35.6000	195
 35.6200	192
 35.6400	186
 35.6600	183
 35.6800	166
 35.7000	185
 35.7200	209
 35.7400	195
 35.7600	174
 35.7800	160
 35.8000	190
 35.8200	193
 35.8400	189
 35.8600	190
 35.8800	192
 35.9000	168
 35.9200	189
 35.9400	170
 35.9600	181
 35.9800	199
 36.0000	187
 36.0200	168
 36.0400	162
 36.0600	184
 36.0800	191
 36.1000	162
 36.1200	167
 36.1400	167
 36.1600	195
 36.1800	181
 36.2000	183
 36.2200	168
 36.2400	183
 36.2600	170
 36.2800	156
 36.3000	155
 36.3200	182
 36.3400	166
 36.3600	171
 36.3800	163
 36.4000	168
 36.4200	161
 36.4400	201
 36.4600	175
 36.4800	166
 36.5000	168
 36.5200	185
 36.5400	177
 36.5600	152
 36.5800	188
 36.6000	194
 36.6200	151
 36.6400	169
 36.6600	177
 36.6800	165
 36.7000	163
 36.7200	166
 36.7400	166
 36.7600	137
 36.7800	167
 36.8000	179
 36.8200	166
 36.8400	171
 36.8600	165
 36.8800	173
 36.9000	168
 36.9200	179
 36.9400	162
 36.9600	175
 36.9800	190
 37.0000	168
 37.0200	171
 37.0400	165
 37.0600	170
 37.0800	162
 37.1000	188
 37.1200	168
 37.1400	171
 37.1600	171
 37.1800	156
 37.2000	151
 37.2200	182
 37.2400	151
 37.2600	158
 37.2800	187
 37.3000	168
 37.3200	168
 37.3400	181
 37.3600	169
 37.3800	172
 37.4000	171
 37.4200	175
 37.4400	169
 37.4600	149
 37.4800	180
 37.5000	198
 37.5200	184
 37.5400	197
 37.5600	219
 37.5800	199
 37.6000	199
 37.6200	221
 37.6400	216
 37.6600	204
 37.6800	188
 37.7000	185
 37.7200	205
 37.7400	210
 37.7600	207
 37.7800	160
 37.8000	169
 37.8200	149
 37.8400	174
 37.8600	182
 37.8800	162
 37.9000	157
 37.9200	165
 37.9400	166
 37.9600	182
 37.9800	144
 38.0000	167
 38.0200	151
 38.0400	192
 38.0600	145
 38.0800	176
 38.1000	151
 38.1200	165
 38.1400	170
 38.1600	139
 38.1800	161
 38.2000	157
 38.2200	160
 38.2400	174
 38.2600	146
 38.2800	183
 38.3000	168
 38.3200	157
 38.3400	164
 38.3600	164
 38.3800	136
 38.4000	174
 38.4200	154
 38.4400	159
 38.4600	151
 38.4800	157
 38.5000	158
 38.5200	153
 38.5400	177
 38.5600	160
 38.5800	162
 38.6000	151
 38.6200	163
 38.6400	148
 38.6600	138
 38.6800	162
 38.7000	163
 38.7200	161
 38.7400	157
 38.7600	167
 38.7800	175
 38.8000	163
 38.8200	162
 38.8400	165
 38.8600	179
 38.8800	175
 38.9000	191
 38.9200	182
 38.9400	154
 38.9600	152
 38.9800	165
 39.0000	139
 39.0200	163
 39.0400	162
 39.0600	156
 39.0800	148
 39.1000	198
 39.1200	163
 39.1400	155
 39.1600	167
 39.1800	163
 39.2000	147
 39.2200	186
 39.2400	187
 39.2600	180
 39.2800	165
 39.3000	177
 39.3200	169
 39.3400	189
 39.3600	203
 39.3800	160
 39.4000	169
 39.4200	182
 39.4400	168
 39.4600	200
 39.4800	194
 39.5000	194
 39.5200	180
 39.5400	205
 39.5600	214
 39.5800	189
 39.6000	207
 39.6200	226
 39.6400	242
 39.6600	233
 39.6800	203
 39.7000	274
 39.7200	234
 39.7400	233
 39.7600	279
 39.7800	268
 39.8000	295
 39.8200	289
 39.8400	311
 39.8600	315
 39.8800	334
 39.9000	391
 39.9200	413
 39.9400	434
 39.9600	462
 39.9800	505
 40.0000	601
 40.0200	609
 40.0400	646
 40.0600	719
 40.0800	792
 40.1000	843
 40.1200	912
 40.1400	959
 40.1600	1062
 40.1800	1013
 40.2000	1080
 40.2200	1130
 40.2400	1047
 40.2600	1025
 40.2800	1098
 40.3000	1006
 40.3200	934
 40.3400	910
 40.3600	832
 40.3800	740
 40.4000	674
 40.4200	615
 40.4400	578
 40.4600	514
 40.4800	473
 40.5000	438
 40.5200	400
 40.5400	352
 40.5600	347
 40.5800	331
 40.6000	316
 40.6200	285
 40.6400	304
 40.6600	281
 40.6800	276
 40.7000	292
 40.7200	245
 40.7400	231
 40.7600	206
 40.7800	215
 40.8000	217
 40.8200	203
 40.8400	191
 40.8600	201
 40.8800	203
 40.9000	202
 40.9200	206
 40.9400	192
 40.9600	200
 40.9800	163
 41.0000	181
 41.0200	157
 41.0400	170
 41.0600	152
 41.0800	143
 41.1000	168
 41.1200	183
 41.1400	161
 41.1600	148
 41.1800	165
 41.2000	140
 41.2200	161
 41.2400	164
 41.2600	159
 41.2800	170
 41.3000	155
 41.3200	132
 41.3400	142
 41.3600	147
 41.3800	159
 41.4000	155
 41.4200	120
 41.4400	140
 41.4600	141
 41.4800	159
 41.5000	162
 41.5200	130
 41.5400	136
 41.5600	154
 41.5800	140
 41.6000	136
 41.6200	126
 41.6400	146
 41.6600	137
 41.6800	154
 41.7000	151
 41.7200	132
 41.7400	133
 41.7600	127
 41.7800	144
 41.8000	162
 41.8200	155
 41.8400	131
 41.8600	137
 41.8800	138
 41.9000	148
 41.9200	144
 41.9400	147
 41.9600	147
 41.9800	149
 42.0000	134
 42.0200	158
 42.0400	115
 42.0600	147
 42.0800	149
 42.1000	174
 42.1200	145
 42.1400	142
 42.1600	138
 42.1800	166
 42.2000	145
 42.2200	153
 42.2400	169
 42.2600	170
 42.2800	157
 42.3000	128
 42.3200	155
 42.3400	140
 42.3600	159
 42.3800	164
 42.4000	133
 42.4200	177
 42.4400	175
 42.4600	132
 42.4800	165
 42.5000	203
 42.5200	191
 42.5400	182
 42.5600	173
 42.5800	200
 42.6000	225
 42.6200	245
 42.6400	201
 42.6600	251
 42.6800	322
 42.7000	306
 42.7200	302
 42.7400	362
 42.7600	351
 42.7800	402
 42.8000	408
 42.8200	424
 42.8400	454
 42.8600	475
 42.8800	434
 42.9000	460
 42.9200	425
 42.9400	410
 42.9600	397
 42.9800	385
 43.0000	372
 43.0200	332
 43.0400	301
 43.0600	298
 43.0800	258
 43.1000	267
 43.1200	291
 43.1400	236
 43.1600	247
 43.1800	230
 43.2000	219
 43.2200	250
 43.2400	206
 43.2600	258
 43.2800	236
 43.3000	197
 43.3200	231
 43.3400	261
 43.3600	270
 43.3800	262
 43.4000	251
 43.4200	277
 43.4400	269
 43.4600	322
 43.4800	297
 43.5000	340
 43.5200	368
 43.5400	362
 43.5600	357
 43.5800	378
 43.6000	397
 43.6200	408
 43.6400	485
 43.6600	381
 43.6800	430
 43.7000	433
 43.7200	445
 43.7400	349
 43.7600	357
 43.7800	346
 43.8000	353
 43.8200	347
 43.8400	277
 43.8600	295
 43.8800	249
 43.9000	223
 43.9200	257
 43.9400	216
 43.9600	220
 43.9800	217
 44.0000	197
 44.0200	185
 44.0400	183
 44.0600	168
 44.0800	167
 44.1000	151
 44.1200	188
 44.1400	182
 44.1600	153
 44.1800	158
 44.2000	160
 44.2200	145
 44.2400	147
 44.2600	157
 44.2800	150
 44.3000	156
 44.3200	141
 44.3400	145
 44.3600	126
 44.3800	156
 44.4000	136
 44.4200	127
 44.4400	124
 44.4600	120
 44.4800	134
 44.5000	131
 44.5200	124
 44.5400	135
 44.5600	160
 44.5800	126
 44.6000	140
 44.6200	146
 44.6400	130
 44.6600	136
 44.6800	126
 44.7000	141
 44.7200	109
 44.7400	145
 44.7600	122
 44.7800	146
 44.8000	138
 44.8200	115
 44.8400	128
 44.8600	126
 44.8800	137
 44.9000	106
 44.9200	125
 44.9400	126
 44.9600	109
 44.9800	119
 45.0000	127
 45.0200	113
 45.0400	98
 45.0600	118
 45.0800	119
 45.1000	109
 45.1200	102
 45.1400	133
 45.1600	115
 45.1800	98
 45.2000	104
 45.2200	112
 45.2400	117
 45.2600	115
 45.2800	105
 45.3000	102
 45.3200	115
 45.3400	103
 45.3600	113
 45.3800	108
 45.4000	124
 45.4200	100
 45.4400	108
 45.4600	112
 45.4800	109
 45.5000	100
 45.5200	88
 45.5400	71
 45.5600	124
 45.5800	102
 45.6000	116
 45.6200	123
 45.6400	119
 45.6600	127
 45.6800	112
 45.7000	94
 45.7200	117
 45.7400	96
 45.7600	98
 45.7800	104
 45.8000	97
 45.8200	95
 45.8400	122
 45.8600	101
 45.8800	106
 45.9000	99
 45.9200	114
 45.9400	102
 45.9600	96
 45.9800	106
 46.0000	106
 46.0200	95
 46.0400	118
 46.0600	107
 46.0800	99
 46.1000	107
 46.1200	117
 46.1400	110
 46.1600	108
 46.1800	109
 46.2000	95
 46.2200	111
 46.2400	107
 46.2600	106
 46.2800	119
 46.3000	99
 46.3200	118
 46.3400	122
 46.3600	98
 46.3800	117
 46.4000	123
 46.4200	126
 46.4400	119
 46.4600	104
 46.4800	127
 46.5000	104
 46.5200	107
 46.5400	108
 46.5600	104
 46.5800	103
 46.6000	136
 46.6200	106
 46.6400	129
 46.6600	136
 46.6800	103
 46.7000	142
 46.7200	140
 46.7400	129
 46.7600	123
 46.7800	137
 46.8000	136
 46.8200	136
 46.8400	142
 46.8600	125
 46.8800	136
 46.9000	142
 46.9200	156
 46.9400	151
 46.9600	127
 46.9800	171
 47.0000	149
 47.0200	183
 47.0400	165
 47.0600	163
 47.0800	197
 47.1000	199
 47.1200	183
 47.1400	245
 47.1600	236
 47.1800	214
 47.2000	281
 47.2200	311
 47.2400	298
 47.2600	333
 47.2800	359
 47.3000	415
 47.3200	491
 47.3400	545
 47.3600	630
 47.3800	660
 47.4000	773
 47.4200	912
 47.4400	999
 47.4600	1169
 47.4800	1230
 47.5000	1295
 47.5200	1367
 47.5400	1389
 47.5600	1467
 47.5800	1430
 47.6000	1358
 47.6200	1262
 47.6400	1270
 47.6600	1194
 47.6800	1059
 47.7000	997
 47.7200	873
 47.7400	800
 47.7600	732
 47.7800	663
 47.8000	577
 47.8200	523
 47.8400	457
 47.8600	461
 47.8800	394
 47.9000	381
 47.9200	323
 47.9400	296
 47.9600	290
 47.9800	274
 48.0000	263
 48.0200	227
 48.0400	229
 48.0600	251
 48.0800	188
 48.1000	211
 48.1200	192
 48.1400	194
 48.1600	222
 48.1800	155
 48.2000	171
 48.2200	187
 48.2400	181
 48.2600	182
 48.2800	181
 48.3000	189
 48.3200	165
 48.3400	196
 48.3600	184
 48.3800	177
 48.4000	162
 48.4200	166
 48.4400	191
 48.4600	171
 48.4800	153
 48.5000	170
 48.5200	156
 48.5400	155
 48.5600	147
 48.5800	136
 48.6000	158
 48.6200	122
 48.6400	148
 48.6600	106
 48.6800	141
 48.7000	121
 48.7200	126
 48.7400	127
 48.7600	128
 48.7800	110
 48.8000	112
 48.8200	87
 48.8400	104
 48.8600	83
 48.8800	100
 48.9000	95
 48.9200	103
 48.9400	105
 48.9600	98
 48.9800	103
 49.0000	104
 49.0200	99
 49.0400	87
 49.0600	100
 49.0800	92
 49.1000	103
 49.1200	83
 49.1400	88
 49.1600	85
 49.1800	78
 49.2000	100
 49.2200	96
 49.2400	85
 49.2600	99
 49.2800	95
 49.3000	101
 49.3200	92
 49.3400	89
 49.3600	89
 49.3800	84
 49.4000	82
 49.4200	71
 49.4400	89
 49.4600	81
 49.4800	89
 49.5000	86
 49.5200	88
 49.5400	89
 49.5600	76
 49.5800	92
 49.6000	88
 49.6200	82
 49.6400	85
 49.6600	64
 49.6800	81
 49.7000	88
 49.7200	89
 49.7400	91
 49.7600	81
 49.7800	83
 49.8000	90
 49.8200	118
 49.8400	85
 49.8600	87
 49.8800	93
 49.9000	85
 49.9200	82
 49.9400	81
 49.9600	73
 49.9800	77
 50.0000	86
 50.0200	84
 50.0400	66
 50.0600	84
 50.0800	85
 50.1000	79
 50.1200	80
 50.1400	87
 50.1600	92
 50.1800	97
 50.2000	91
 50.2200	67
 50.2400	90
 50.2600	82
 50.2800	85
 50.3000	86
 50.3200	97
 50.3400	80
 50.3600	86
 50.3800	91
 50.4000	89
 50.4200	105
 50.4400	70
 50.4600	78
 50.4800	69
 50.5000	69
 50.5200	103
 50.5400	76
 50.5600	86
 50.5800	89
 50.6000	84
 50.6200	58
 50.6400	80
 50.6600	81
 50.6800	95
 50.7000	88
 50.7200	92
 50.7400	85
 50.7600	89
 50.7800	82
 50.8000	90
 50.8200	82
 50.8400	93
 50.8600	89
 50.8800	95
 50.9000	93
 50.9200	91
 50.9400	97
 50.9600	87
 50.9800	92
 51.0000	106
 51.0200	87
 51.0400	83
 51.0600	113
 51.0800	85
 51.1000	94
 51.1200	126
 51.1400	96
 51.1600	90
 51.1800	99
 51.2000	103
 51.2200	94
 51.2400	91
 51.2600	78
 51.2800	97
 51.3000	93
 51.3200	106
 51.3400	93
 51.3600	83
 51.3800	83
 51.4000	96
 51.4200	98
 51.4400	110
 51.4600	96
 51.4800	53
 51.5000	93
 51.5200	73
 51.5400	66
 51.5600	77
 51.5800	84
 51.6000	90
 51.6200	75
 51.6400	92
 51.6600	100
 51.6800	94
 51.7000	70
 51.7200	73
 51.7400	78
 51.7600	80
 51.7800	86
 51.8000	76
 51.8200	89
 51.8400	85
 51.8600	73
 51.8800	80
 51.9000	70
 51.9200	67
 51.9400	76
 51.9600	85
 51.9800	93
 52.0000	77
 52.0200	63
 52.0400	75
 52.0600	90
 52.0800	74
 52.1000	70
 52.1200	89
 52.1400	77
 52.1600	80
 52.1800	84
 52.2000	91
 52.2200	89
 52.2400	73
 52.2600	58
 52.2800	80
 52.3000	78
 52.3200	84
 52.3400	86
 52.3600	91
 52.3800	78
 52.4000	96
 52.4200	92
 52.4400	85
 52.4600	86
 52.4800	104
 52.5000	83
 52.5200	83
 52.5400	97
 52.5600	107
 52.5800	106
 52.6000	108
 52.6200	83
 52.6400	119
 52.6600	94
 52.6800	104
 52.7000	100
 52.7200	86
 52.7400	109
 52.7600	115
 52.7800	107
 52.8000	102
 52.8200	90
 52.8400	103
 52.8600	108
 52.8800	115
 52.9000	100
 52.9200	86
 52.9400	91
 52.9600	94
 52.9800	107
 53.0000	98
 53.0200	108
 53.0400	99
 53.0600	98
 53.0800	110
 53.1000	129
 53.1200	114
 53.1400	118
 53.1600	136
 53.1800	129
 53.2000	134
 53.2200	131
 53.2400	155
 53.2600	159
 53.2800	147
 53.3000	162
 53.3200	167
 53.3400	149
 53.3600	164
 53.3800	191
 53.4000	209
 53.4200	201
 53.4400	231
 53.4600	209
 53.4800	208
 53.5000	194
 53.5200	188
 53.5400	182
 53.5600	193
 53.5800	191
 53.6000	189
 53.6200	169
 53.6400	187
 53.6600	140
 53.6800	161
 53.7000	141
 53.7200	133
 53.7400	148
 53.7600	154
 53.7800	113
 53.8000	111
 53.8200	126
 53.8400	105
 53.8600	99
 53.8800	100
 53.9000	97
 53.9200	104
 53.9400	112
 53.9600	103
 53.9800	108
 54.0000	90
 54.0200	85
 54.0400	84
 54.0600	96
 54.0800	84
 54.1000	92
 54.1200	91
 54.1400	84
 54.1600	82
 54.1800	80
 54.2000	95
 54.2200	89
 54.2400	79
 54.2600	79
 54.2800	67
 54.3000	77
 54.3200	84
 54.3400	70
 54.3600	70
 54.3800	89
 54.4000	77
 54.4200	108
 54.4400	94
 54.4600	83
 54.4800	87
 54.5000	79
 54.5200	87
 54.5400	57
 54.5600	69
 54.5800	74
 54.6000	57
 54.6200	79
 54.6400	66
 54.6600	61
 54.6800	75
 54.7000	58
 54.7200	72
 54.7400	70
 54.7600	67
 54.7800	69
 54.8000	74
 54.8200	51
 54.8400	77
 54.8600	55
 54.8800	71
 54.9000	65
 54.9200	67
 54.9400	86
 54.9600	72
 54.9800	68
 55.0000	73
 55.0200	66
 55.0400	71
 55.0600	79
 55.0800	75
 55.1000	80
 55.1200	70
 55.1400	68
 55.1600	65
 55.1800	80
 55.2000	73
 55.2200	56
 55.2400	80
 55.2600	68
 55.2800	77
 55.3000	60
 55.3200	72
 55.3400	68
 55.3600	67
 55.3800	80
 55.4000	64
 55.4200	67
 55.4400	74
 55.4600	75
 55.4800	64
 55.5000	63
 55.5200	67
 55.5400	58
 55.5600	57
 55.5800	65
 55.6000	72
 55.6200	78
 55.6400	59
 55.6600	62
 55.6800	68
 55.7000	65
 55.7200	72
 55.7400	68
 55.7600	67
 55.7800	66
 55.8000	80
 55.8200	51
 55.8400	82
 55.8600	71
 55.8800	54
 55.9000	65
 55.9200	60
 55.9400	68
 55.9600	67
 55.9800	58
 56.0000	61
 56.0200	64
 56.0400	62
 56.0600	70
 56.0800	57
 56.1000	66
 56.1200	67
 56.1400	69
 56.1600	61
 56.1800	59
 56.2000	75
 56.2200	73
 56.2400	50
 56.2600	71
 56.2800	79
 56.3000	77
 56.3200	76
 56.3400	85
 56.3600	68
 56.3800	66
 56.4000	67
 56.4200	71
 56.4400	54
 56.4600	89
 56.4800	72
 56.5000	73
 56.5200	68
 56.5400	62
 56.5600	85
 56.5800	58
 56.6000	76
 56.6200	68
 56.6400	66
 56.6600	61
 56.6800	90
 56.7000	66
 56.7200	59
 56.7400	75
 56.7600	61
 56.7800	67
 56.8000	96
 56.8200	73
 56.8400	77
 56.8600	65
 56.8800	78
 56.9000	82
 56.9200	85
 56.9400	93
 56.9600	89
 56.9800	82
 57.0000	105
 57.0200	99
 57.0400	94
 57.0600	90
 57.0800	117
 57.1000	109
 57.1200	115
 57.1400	104
 57.1600	133
 57.1800	133
 57.2000	116
 57.2200	174
 57.2400	143
 57.2600	153
 57.2800	210
 57.3000	204
 57.3200	217
 57.3400	215
 57.3600	229
 57.3800	278
 57.4000	238
 57.4200	253
 57.4400	278
 57.4600	268
 57.4800	268
 57.5000	267
 57.5200	261
 57.5400	251
 57.5600	240
 57.5800	277
 57.6000	233
 57.6200	243
 57.6400	229
 57.6600	222
 57.6800	218
 57.7000	199
 57.7200	185
 57.7400	201
 57.7600	177
 57.7800	187
 57.8000	196
 57.8200	217
 57.8400	199
 57.8600	187
 57.8800	168
 57.9000	204
 57.9200	168
 57.9400	175
 57.9600	147
 57.9800	171
 58.0000	170
 58.0200	144
 58.0400	151
 58.0600	134
 58.0800	119
 58.1000	112
 58.1200	102
 58.1400	99
 58.1600	91
 58.1800	95
 58.2000	98
 58.2200	87
 58.2400	54
 58.2600	85
 58.2800	87
 58.3000	75
 58.3200	76
 58.3400	66
 58.3600	82
 58.3800	62
 58.4000	78
 58.4200	62
 58.4400	66
 58.4600	82
 58.4800	75
 58.5000	77
 58.5200	81
 58.5400	68
 58.5600	61
 58.5800	67
 58.6000	59
 58.6200	72
 58.6400	65
 58.6600	74
 58.6800	69
 58.7000	64
 58.7200	68
 58.7400	66
 58.7600	62
 58.7800	74
 58.8000	64
 58.8200	74
 58.8400	65
 58.8600	55
 58.8800	66
 58.9000	72
 58.9200	61
 58.9400	79
 58.9600	66
 58.9800	62
 59.0000	63
 59.0200	58
 59.0400	66
 59.0600	50
 59.0800	62
 59.1000	73
 59.1200	67
 59.1400	76
 59.1600	68
 59.1800	73
 59.2000	59
 59.2200	65
 59.2400	62
 59.2600	59
 59.2800	49
 59.3000	54
 59.3200	52
 59.3400	55
 59.3600	54
 59.3800	50
 59.4000	48
 59.4200	66
 59.4400	58
 59.4600	60
 59.4800	53
 59.5000	64
 59.5200	71
 59.5400	68
 59.5600	58
 59.5800	64
 59.6000	54
 59.6200	43
 59.6400	46
 59.6600	63
 59.6800	78
 59.7000	54
 59.7200	49
 59.7400	52
 59.7600	51
 59.7800	58
 59.8000	53
 59.8200	76
 59.8400	61
 59.8600	46
 59.8800	62
 59.9000	62
 59.9200	64
 59.9400	64
 59.9600	64
 59.9800	53
 60.0000	73
 60.0200	61
 60.0400	70
 60.0600	59
 60.0800	60
 60.1000	68
 60.1200	75
 60.1400	62
 60.1600	61
 60.1800	65
 60.2000	71
 60.2200	66
 60.2400	60
 60.2600	68
 60.2800	56
 60.3000	57
 60.3200	64
 60.3400	70
 60.3600	56
 60.3800	71
 60.4000	75
 60.4200	79
 60.4400	88
 60.4600	79
 60.4800	82
 60.5000	89
 60.5200	73
 60.5400	87
 60.5600	94
 60.5800	99
 60.6000	114
 60.6200	106
 60.6400	109
 60.6600	120
 60.6800	122
 60.7000	131
 60.7200	123
 60.7400	139
 60.7600	140
 60.7800	143
 60.8000	161
 60.8200	183
 60.8400	181
 60.8600	165
 60.8800	163
 60.9000	186
 60.9200	187
 60.9400	180
 60.9600	198
 60.9800	194
 61.0000	153
 61.0200	174
 61.0400	185
 61.0600	137
 61.0800	129
 61.1000	138
 61.1200	133
 61.1400	127
 61.1600	133
 61.1800	107
 61.2000	96
 61.2200	94
 61.2400	105
 61.2600	95
 61.2800	101
 61.3000	85
 61.3200	98
 61.3400	82
 61.3600	78
 61.3800	75
 61.4000	88
 61.4200	74
 61.4400	77
 61.4600	76
 61.4800	77
 61.5000	56
 61.5200	82
 61.5400	81
 61.5600	71
 61.5800	92
 61.6000	93
 61.6200	90
 61.6400	94
 61.6600	91
 61.6800	79
 61.7000	65
 61.7200	73
 61.7400	60
 61.7600	64
 61.7800	63
 61.8000	56
 61.8200	62
 61.8400	58
 61.8600	61
 61.8800	78
 61.9000	57
 61.9200	59
 61.9400	57
 61.9600	68
 61.9800	60
 62.0000	61
 62.0200	65
 62.0400	54
 62.0600	47
 62.0800	67
 62.1000	63
 62.1200	59
 62.1400	65
 62.1600	57
 62.1800	57
 62.2000	62
 62.2200	58
 62.2400	68
 62.2600	56
 62.2800	57
 62.3000	55
 62.3200	56
 62.3400	58
 62.3600	73
 62.3800	64
 62.4000	75
 62.4200	54
 62.4400	52
 62.4600	72
 62.4800	66
 62.5000	79
 62.5200	65
 62.5400	70
 62.5600	61
 62.5800	70
 62.6000	53
 62.6200	75
 62.6400	51
 62.6600	72
 62.6800	80
 62.7000	76
 62.7200	79
 62.7400	76
 62.7600	76
 62.7800	74
 62.8000	75
 62.8200	61
 62.8400	91
 62.8600	92
 62.8800	96
 62.9000	82
 62.9200	76
 62.9400	70
 62.9600	70
 62.9800	78
 63.0000	74
 63.0200	75
 63.0400	88
 63.0600	80
 63.0800	77
 63.1000	82
 63.1200	72
 63.1400	61
 63.1600	75
 63.1800	64
 63.2000	52
 63.2200	75
 63.2400	77
 63.2600	60
 63.2800	57
 63.3000	79
 63.3200	67
 63.3400	73
 63.3600	49
 63.3800	54
 63.4000	72
 63.4200	57
 63.4400	73
 63.4600	71
 63.4800	59
 63.5000	66
 63.5200	55
 63.5400	65
 63.5600	54
 63.5800	55
 63.6000	53
 63.6200	61
 63.6400	55
 63.6600	55
 63.6800	71
 63.7000	58
 63.7200	54
 63.7400	55
 63.7600	45
 63.7800	53
 63.8000	54
 63.8200	53
 63.8400	49
 63.8600	60
 63.8800	53
 63.9000	68
 63.9200	40
 63.9400	53
 63.9600	52
 63.9800	47
 64.0000	49
 64.0200	53
 64.0400	49
 64.0600	60
 64.0800	40
 64.1000	63
 64.1200	57
 64.1400	55
 64.1600	55
 64.1800	58
 64.2000	67
 64.2200	53
 64.2400	55
 64.2600	43
 64.2800	36
 64.3000	51
 64.3200	57
 64.3400	59
 64.3600	64
 64.3800	68
 64.4000	46
 64.4200	53
 64.4400	41
 64.4600	47
 64.4800	64
 64.5000	54
 64.5200	54
 64.5400	54
 64.5600	60
 64.5800	57
 64.6000	43
 64.6200	58
 64.6400	58
 64.6600	52
 64.6800	53
 64.7000	48
 64.7200	47
 64.7400	50
 64.7600	62
 64.7800	54
 64.8000	56
 64.8200	51
 64.8400	60
 64.8600	65
 64.8800	61
 64.9000	53
 64.9200	72
 64.9400	66
 64.9600	42
 64.9800	70
 65.0000	47
 65.0200	46
 65.0400	49
 65.0600	55
 65.0800	55
 65.1000	66
 65.1200	56
 65.1400	51
 65.1600	57
 65.1800	64
 65.2000	61
 65.2200	45
 65.2400	65
 65.2600	61
 65.2800	55
 65.3000	54
 65.3200	53
 65.3400	60
 65.3600	62
 65.3800	56
 65.4000	56
 65.4200	66
 65.4400	71
 65.4600	63
 65.4800	65
 65.5000	62
 65.5200	63
 65.5400	57
 65.5600	69
 65.5800	64
 65.6000	69
 65.6200	62
 65.6400	61
 65.6600	62
 65.6800	73
 65.7000	67
 65.7200	51
 65.7400	59
 65.7600	64
 65.7800	72
 65.8000	76
 65.8200	71
 65.8400	85
 65.8600	60
 65.8800	98
 65.9000	76
 65.9200	89
 65.9400	81
 65.9600	100
 65.9800	89
 66.0000	79
 66.0200	94
 66.0400	86
 66.0600	106
 66.0800	94
 66.1000	109
 66.1200	94
 66.1400	106
 66.1600	93
 66.1800	126
 66.2000	105
 66.2200	120
 66.2400	123
 66.2600	126
 66.2800	139
 66.3000	143
 66.3200	170
 66.3400	184
 66.3600	171
 66.3800	212
 66.4000	224
 66.4200	211
 66.4400	249
 66.4600	232
 66.4800	238
 66.5000	276
 66.5200	238
 66.5400	241
 66.5600	270
 66.5800	250
 66.6000	273
 66.6200	271
 66.6400	257
 66.6600	245
 66.6800	240
 66.7000	225
 66.7200	235
 66.7400	233
 66.7600	205
 66.7800	192
 66.8000	201
 66.8200	172
 66.8400	183
 66.8600	160
 66.8800	176
 66.9000	149
 66.9200	134
 66.9400	140
 66.9600	132
 66.9800	137
 67.0000	115
 67.0200	103
 67.0400	129
 67.0600	103
 67.0800	101
 67.1000	129
 67.1200	106
 67.1400	124
 67.1600	112
 67.1800	111
 67.2000	112
 67.2200	100
 67.2400	77
 67.2600	80
 67.2800	93
 67.3000	75
 67.3200	77
 67.3400	100
 67.3600	86
 67.3800	65
 67.4000	89
 67.4200	92
 67.4400	85
 67.4600	100
 67.4800	81
 67.5000	82
 67.5200	93
 67.5400	95
 67.5600	87
 67.5800	95
 67.6000	85
 67.6200	64
 67.6400	63
 67.6600	88
 67.6800	82
 67.7000	80
 67.7200	69
 67.7400	72
 67.7600	71
 67.7800	73
 67.8000	70
 67.8200	87
 67.8400	80
 67.8600	87
 67.8800	73
 67.9000	73
 67.9200	75
 67.9400	96
 67.9600	70
 67.9800	66
 68.0000	80
 68.0200	69
 68.0400	89
 68.0600	83
 68.0800	86
 68.1000	90
 68.1200	62
 68.1400	100
 68.1600	79
 68.1800	78
 68.2000	101
 68.2200	78
 68.2400	82
 68.2600	97
 68.2800	95
 68.3000	89
 68.3200	82
 68.3400	100
 68.3600	96
 68.3800	100
 68.4000	112
 68.4200	102
 68.4400	121
 68.4600	121
 68.4800	114
 68.5000	116
 68.5200	150
 68.5400	133
 68.5600	140
 68.5800	153
 68.6000	159
 68.6200	161
 68.6400	202
 68.6600	212
 68.6800	197
 68.7000	220
 68.7200	226
 68.7400	254
 68.7600	196
 68.7800	240
 68.8000	246
 68.8200	208
 68.8400	201
 68.8600	212
 68.8800	223
 68.9000	200
 68.9200	202
 68.9400	187
 68.9600	189
 68.9800	193
 69.0000	188
 69.0200	163
 69.0400	154
 69.0600	179
 69.0800	160
 69.1000	130
 69.1200	146
 69.1400	113
 69.1600	124
 69.1800	108
 69.2000	104
 69.2200	119
 69.2400	114
 69.2600	112
 69.2800	133
 69.3000	87
 69.3200	87
 69.3400	97
 69.3600	89
 69.3800	86
 69.4000	103
 69.4200	86
 69.4400	102
 69.4600	84
 69.4800	85
 69.5000	91
 69.5200	84
 69.5400	87
 69.5600	88
 69.5800	80
 69.6000	83
 69.6200	67
 69.6400	88
 69.6600	90
 69.6800	90
 69.7000	88
 69.7200	80
 69.7400	86
 69.7600	92
 69.7800	78
 69.8000	71
 69.8200	78
 69.8400	92
 69.8600	80
 69.8800	64
 69.9000	85
 69.9200	93
 69.9400	95
 69.9600	80
 69.9800	91
 70.0000	102
 70.0200	87
 70.0400	83
 70.0600	88
 70.0800	97
 70.1000	106
 70.1200	92
 70.1400	89
 70.1600	104
 70.1800	82
 70.2000	95
 70.2200	80
 70.2400	93
 70.2600	100
 70.2800	95
 70.3000	99
 70.3200	93
 70.3400	115
 70.3600	123
 70.3800	121
 70.4000	110
 70.4200	122
 70.4400	122
 70.4600	143
 70.4800	159
 70.5000	170
 70.5200	195
 70.5400	171
 70.5600	163
 70.5800	188
 70.6000	188
 70.6200	213
 70.6400	220
 70.6600	228
 70.6800	247
 70.7000	277
 70.7200	292
 70.7400	300
 70.7600	268
 70.7800	308
 70.8000	320
 70.8200	266
 70.8400	297
 70.8600	284
 70.8800	249
 70.9000	278
 70.9200	236
 70.9400	246
 70.9600	234
 70.9800	252
 71.0000	239
 71.0200	210
 71.0400	212
 71.0600	207
 71.0800	214
 71.1000	180
 71.1200	191
 71.1400	177
 71.1600	164
 71.1800	173
 71.2000	146
 71.2200	161
 71.2400	172
 71.2600	165
 71.2800	160
 71.3000	132
 71.3200	161
 71.3400	176
 71.3600	166
 71.3800	169
 71.4000	156
 71.4200	168
 71.4400	159
 71.4600	164
 71.4800	156
 71.5000	131
 71.5200	163
 71.5400	159
 71.5600	153
 71.5800	144
 71.6000	129
 71.6200	126
 71.6400	130
 71.6600	130
 71.6800	122
 71.7000	133
 71.7200	127
 71.7400	134
 71.7600	112
 71.7800	110
 71.8000	94
 71.8200	103
 71.8400	113
 71.8600	91
 71.8800	98
 71.9000	93
 71.9200	88
 71.9400	67
 71.9600	86
 71.9800	76
 72.0000	85
 72.0200	62
 72.0400	91
 72.0600	63
 72.0800	77
 72.1000	72
 72.1200	78
 72.1400	61
 72.1600	72
 72.1800	55
 72.2000	62
 72.2200	55
 72.2400	67
 72.2600	71
 72.2800	70
 72.3000	72
 72.3200	74
 72.3400	74
 72.3600	64
 72.3800	64
 72.4000	69
 72.4200	56
 72.4400	62
 72.4600	55
 72.4800	63
 72.5000	64
 72.5200	74
 72.5400	59
 72.5600	60
 72.5800	55
 72.6000	62
 72.6200	57
 72.6400	62
 72.6600	65
 72.6800	58
 72.7000	52
 72.7200	61
 72.7400	55
 72.7600	59
 72.7800	59
 72.8000	68
 72.8200	45
 72.8400	58
 72.8600	70
 72.8800	45
 72.9000	53
 72.9200	49
 72.9400	64
 72.9600	60
 72.9800	63
 73.0000	64
 73.0200	42
 73.0400	69
 73.0600	53
 73.0800	43
 73.1000	48
 73.1200	59
 73.1400	43
 73.1600	45
 73.1800	56
 73.2000	54
 73.2200	53
 73.2400	61
 73.2600	56
 73.2800	46
 73.3000	54
 73.3200	55
 73.3400	54
 73.3600	56
 73.3800	49
 73.4000	39
 73.4200	51
 73.4400	53
 73.4600	46
 73.4800	54
 73.5000	46
 73.5200	54
 73.5400	61
 73.5600	45
 73.5800	37
 73.6000	51
 73.6200	56
 73.6400	54
 73.6600	35
 73.6800	46
 73.7000	39
 73.7200	46
 73.7400	57
 73.7600	51
 73.7800	58
 73.8000	43
 73.8200	49
 73.8400	52
 73.8600	56
 73.8800	51
 73.9000	54
 73.9200	56
 73.9400	50
 73.9600	55
 73.9800	51
 74.0000	48
 74.0200	58
 74.0400	51
 74.0600	52
 74.0800	44
 74.1000	39
 74.1200	51
 74.1400	47
 74.1600	56
 74.1800	65
 74.2000	43
 74.2200	57
 74.2400	51
 74.2600	38
 74.2800	54
 74.3000	50
 74.3200	63
 74.3400	54
 74.3600	50
 74.3800	40
 74.4000	56
 74.4200	62
 74.4400	56
 74.4600	59
 74.4800	56
 74.5000	41
 74.5200	41
 74.5400	64
 74.5600	44
 74.5800	57
 74.6000	78
 74.6200	61
 74.6400	82
 74.6600	68
 74.6800	78
 74.7000	68
 74.7200	85
 74.7400	75
 74.7600	78
 74.7800	73
 74.8000	85
 74.8200	69
 74.8400	88
 74.8600	85
 74.8800	90
 74.9000	91
 74.9200	72
 74.9400	90
 74.9600	98
 74.9800	87
 75.0000	89
