 47.5336	5
 47.5338	5
 47.5340	0
 47.5342	3
 47.5344	2
 47.5346	3
 47.5348	5
 47.5350	3
 47.5352	2
 47.5354	0
 47.5356	6
 47.5358	1
 47.5360	3
 47.5362	6
 47.5364	1
 47.5366	6
 47.5368	3
 47.5370	4
 47.5372	4
 47.5374	2
 47.5376	6
 47.5378	1
 47.5380	2
 47.5382	1
 47.5384	5
 47.5386	4
 47.5388	6
 47.5390	4
 47.5392	1
 47.5394	4
 47.5396	2
 47.5398	2
 47.5400	3
 47.5402	2
 47.5404	4
 47.5406	8
 47.5408	3
 47.5410	1
 47.5412	1
 47.5414	5
 47.5416	4
 47.5418	4
 47.5420	5
 47.5422	5
 47.5424	7
 47.5426	3
 47.5428	5
 47.5430	5
 47.5432	3
 47.5434	3
 47.5436	7
 47.5438	3
 47.5440	1
 47.5442	2
 47.5444	1
 47.5446	6
 47.5448	3
 47.5450	3
 47.5452	2
 47.5454	2
 47.5456	3
 47.5458	8
 47.5460	3
 47.5462	6
 47.5464	1
 47.5466	4
 47.5468	6
 47.5470	4
 47.5472	6
 47.5474	4
 47.5476	5
 47.5478	2
 47.5480	6
 47.5482	3
 47.5484	5
 47.5486	4
 47.5488	6
 47.5490	9
 47.5492	5
 47.5494	4
 47.5496	8
 47.5498	5
 47.5500	4
 47.5502	7
 47.5504	11
 47.5506	9
 47.5508	1
 47.5510	10
 47.5512	4
 47.5514	5
 47.5516	9
 47.5518	4
 47.5520	6
 47.5522	5
 47.5524	9
 47.5526	8
 47.5528	6
 47.5530	7
 47.5532	9
 47.5534	6
 47.5536	6
 47.5538	6
 47.5540	6
 47.5542	9
 47.5544	10
 47.5546	7
 47.5548	7
 47.5550	5
 47.5552	9
 47.5554	15
 47.5556	9
 47.5558	7
 47.5560	10
 47.5562	9
 47.5564	8
 47.5566	8
 47.5568	5
 47.5570	8
 47.5572	5
 47.5574	9
 47.5576	7
 47.5578	5
 47.5580	8
 47.5582	9
 47.5584	13
 47.5586	8
 47.5588	5
 47.5590	7
 47.5592	8
 47.5594	11
 47.5596	10
 47.5598	9
 47.5600	8
 47.5602	7
 47.5604	5
 47.5606	12
 47.5608	15
 47.5610	13
 47.5612	15
 47.5614	8
 47.5616	10
 47.5618	6
 47.5620	10
 47.5622	4
 47.5624	14
 47.5626	11
 47.5628	13
 47.5630	8
 47.5632	11
 47.5634	11
 47.5636	11
 47.5638	16
 47.5640	13
 47.5642	14
 47.5644	9
 47.5646	7
 47.5648	12
 47.5650	14
 47.5652	18
 47.5654	13
 47.5656	10
 47.5658	8
 47.5660	16
 47.5662	14
 47.5664	14
 47.5666	11
 47.5668	17
 47.5670	18
 47.5672	12
 47.5674	14
 47.5676	10
 47.5678	15
 47.5680	18
 47.5682	14
 47.5684	25
 47.5686	19
 47.5688	19
 47.5690	16
 47.5692	15
 47.5694	20
 47.5696	13
 47.5698	22
 47.5700	20
 47.5702	18
 47.5704	21
 47.5706	26
 47.5708	21
 47.5710	19
 47.5712	22
 47.5714	20
 47.5716	23
 47.5718	18
 47.5720	17
 47.5722	31
 47.5724	30
 47.5726	29
 47.5728	32
 47.5730	20
 47.5732	32
 47.5734	23
 47.5736	26
 47.5738	37
 47.5740	36
 47.5742	38
 47.5744	32
 47.5746	29
 47.5748	27
 47.5750	43
 47.5752	33
 47.5754	41
 47.5756	26
 47.5758	28
 47.5760	41
 47.5762	45
 47.5764	39
 47.5766	54
 47.5768	36
 47.5770	46
 47.5772	41
 47.5774	46
 47.5776	45
 47.5778	30
 47.5780	38
 47.5782	44
 47.5784	49
 47.5786	57
 47.5788	43
 47.5790	51
 47.5792	64
 47.5794	52
 47.5796	58
 47.5798	57
 47.5800	52
 47.5802	61
 47.5804	54
 47.5806	66
 47.5808	68
 47.5810	66
 47.5812	80
 47.5814	71
 47.5816	48
 47.5818	70
 47.5820	95
 47.5822	75
 47.5824	67
 47.5826	96
 47.5828	86
 47.5830	81
 47.5832	85
 47.5834	107
 47.5836	96
 47.5838	99
 47.5840	93
 47.5842	123
 47.5844	116
 47.5846	129
 47.5848	130
 47.5850	126
 47.5852	125
 47.5854	157
 47.5856	138
 47.5858	165
 47.5860	143
 47.5862	143
 47.5864	140
 47.5866	155
 47.5868	208
 47.5870	178
 47.5872	203
 47.5874	238
 47.5876	209
 47.5878	233
 47.5880	268
 47.5882	245
 47.5884	274
 47.5886	280
 47.5888	329
 47.5890	347
 47.5892	346
 47.5894	324
 47.5896	363
 47.5898	389
 47.5900	433
 47.5902	457
 47.5904	434
 47.5906	463
 47.5908	495
 47.5910	503
 47.5912	536
 47.5914	524
 47.5916	562
 47.5918	601
 47.5920	692
 47.5922	618
 47.5924	708
 47.5926	739
 47.5928	808
 47.5930	803
 47.5932	793
 47.5934	846
 47.5936	955
 47.5938	865
 47.5940	926
 47.5942	970
 47.5944	1014
 47.5946	1037
 47.5948	1021
 47.5950	1067
 47.5952	1085
 47.5954	1062
 47.5956	1085
 47.5958	1114
 47.5960	1165
 47.5962	1170
 47.5964	1163
 47.5966	1144
 47.5968	1236
 47.5970	1171
 47.5972	1196
 47.5974	1215
 47.5976	1283
 47.5978	1252
 47.5980	1265
 47.5982	1259
 47.5984	1254
 47.5986	1267
 47.5988	1302
 47.5990	1270
 47.5992	1274
 47.5994	1319
 47.5996	1133
 47.5998	1215
 47.6000	1177
 47.6002	1177
 47.6004	1201
 47.6006	1180
 47.6008	1113
 47.6010	1158
 47.6012	1091
 47.6014	1161
 47.6016	1081
 47.6018	1046
 47.6020	1037
 47.6022	1052
 47.6024	1012
 47.6026	905
 47.6028	914
 47.6030	911
 47.6032	917
 47.6034	927
 47.6036	965
 47.6038	854
 47.6040	789
 47.6042	792
 47.6044	776
 47.6046	718
 47.6048	774
 47.6050	698
 47.6052	682
 47.6054	662
 47.6056	596
 47.6058	613
 47.6060	605
 47.6062	584
 47.6064	532
 47.6066	496
 47.6068	534
 47.6070	474
 47.6072	504
 47.6074	457
 47.6076	466
 47.6078	449
 47.6080	441
 47.6082	416
 47.6084	375
 47.6086	371
 47.6088	350
 47.6090	337
 47.6092	344
 47.6094	302
 47.6096	342
 47.6098	308
 47.6100	304
 47.6102	258
 47.6104	264
 47.6106	251
 47.6108	265
 47.6110	249
 47.6112	229
 47.6114	204
 47.6116	187
 47.6118	210
 47.6120	178
 47.6122	194
 47.6124	196
 47.6126	183
 47.6128	181
 47.6130	154
 47.6132	177
 47.6134	169
 47.6136	150
 47.6138	140
 47.6140	124
 47.6142	133
 47.6144	123
 47.6146	135
 47.6148	124
 47.6150	127
 47.6152	104
 47.6154	120
 47.6156	133
 47.6158	126
 47.6160	113
 47.6162	78
 47.6164	95
 47.6166	94
 47.6168	76
 47.6170	103
 47.6172	100
 47.6174	70
 47.6176	69
 47.6178	98
 47.6180	81
 47.6182	78
 47.6184	63
 47.6186	72
 47.6188	75
 47.6190	69
 47.6192	63
 47.6194	66
 47.6196	74
 47.6198	67
 47.6200	61
 47.6202	71
 47.6204	55
 47.6206	57
 47.6208	45
 47.6210	67
 47.6212	58
 47.6214	45
 47.6216	68
 47.6218	40
 47.6220	67
 47.6222	44
 47.6224	41
 47.6226	49
 47.6228	53
 47.6230	53
 47.6232	51
 47.6234	56
 47.6236	49
 47.6238	61
 47.6240	37
 47.6242	48
 47.6244	42
 47.6246	42
 47.6248	36
 47.6250	40
 47.6252	34
 47.6254	31
 47.6256	30
 47.6258	33
 47.6260	51
 47.6262	27
 47.6264	46
 47.6266	34
 47.6268	32
 47.6270	38
 47.6272	27
 47.6274	37
 47.6276	27
 47.6278	27
 47.6280	34
 47.6282	30
 47.6284	31
 47.6286	24
 47.6288	26
 47.6290	30
 47.6292	35
 47.6294	27
 47.6296	29
 47.6298	25
 47.6300	32
 47.6302	32
 47.6304	23
 47.6306	18
 47.6308	23
 47.6310	24
 47.6312	26
 47.6314	19
 47.6316	16
 47.6318	24
 47.6320	16
 47.6322	17
 47.6324	14
 47.6326	17
 47.6328	18
 47.6330	16
 47.6332	12
 47.6334	21
 47.6336	17
 47.6338	29
 47.6340	16
 47.6342	16
 47.6344	24
 47.6346	17
 47.6348	17
 47.6350	18
 47.6352	29
 47.6354	12
 47.6356	21
 47.6358	19
 47.6360	8
 47.6362	21
 47.6364	17
 47.6366	15
 47.6368	17
 47.6370	22
 47.6372	12
 47.6374	21
 47.6376	17
 47.6378	16
 47.6380	10
 47.6382	11
 47.6384	12
 47.6386	14
 47.6388	14
 47.6390	14
 47.6392	18
 47.6394	18
 47.6396	10
 47.6398	11
 47.6400	10
 47.6402	15
 47.6404	16
 47.6406	17
 47.6408	13
 47.6410	15
 47.6412	20
 47.6414	10
 47.6416	19
 47.6418	13
 47.6420	11
 47.6422	14
 47.6424	16
 47.6426	12
 47.6428	11
 47.6430	9
 47.6432	16
 47.6434	14
 47.6436	8
 47.6438	15
 47.6440	15
 47.6442	12
 47.6444	9
 47.6446	12
 47.6448	10
 47.6450	6
 47.6452	11
 47.6454	10
 47.6456	10
 47.6458	12
 47.6460	10
 47.6462	11
 47.6464	2
 47.6466	13
 47.6468	9
 47.6470	12
 47.6472	9
 47.6474	7
 47.6476	9
 47.6478	12
 47.6480	5
 47.6482	10
 47.6484	7
 47.6486	11
 47.6488	8
 47.6490	5
 47.6492	12
 47.6494	9
 47.6496	9
 47.6498	6
 47.6500	7
 47.6502	9
 47.6504	5
 47.6506	9
 47.6508	11
 47.6510	15
 47.6512	7
 47.6514	11
 47.6516	5
 47.6518	4
 47.6520	5
 47.6522	5
 47.6524	6
 47.6526	7
 47.6528	4
 47.6530	10
 47.6532	5
 47.6534	8
 47.6536	4
 47.6538	9
 47.6540	3
 47.6542	5
 47.6544	3
 47.6546	5
 47.6548	2
 47.6550	6
 47.6552	5
 47.6554	4
 47.6556	3
 47.6558	6
 47.6560	9
 47.6562	3
 47.6564	7
 47.6566	4
 47.6568	7
 47.6570	2
 47.6572	7
 47.6574	8
 47.6576	5
 47.6578	6
 47.6580	6
 47.6582	8
 47.6584	5
 47.6586	1
 47.6588	4
 47.6590	6
 47.6592	7
 47.6594	9
 47.6596	6
 47.6598	5
 47.6600	9
 47.6602	4
 47.6604	10
 47.6606	9
 47.6608	1
 47.6610	3
 47.6612	5
 47.6614	7
 47.6616	8
 47.6618	9
 47.6620	3
 47.6622	3
 47.6624	4
