 53.4172	1
 53.4176	0
 53.4180	1
 53.4184	3
 53.4188	1
 53.4192	0
 53.4196	4
 53.4200	1
 53.4204	2
 53.4208	0
 53.4212	1
 53.4216	5
 53.4220	0
 53.4224	2
 53.4228	1
 53.4232	2
 53.4236	1
 53.4240	2
 53.4244	1
 53.4248	0
 53.4252	3
 53.4256	1
 53.4260	2
 53.4264	2
 53.4268	0
 53.4272	0
 53.4276	2
 53.4280	1
 53.4284	2
 53.4288	3
 53.4292	1
 53.4296	2
 53.4300	1
 53.4304	3
 53.4308	1
 53.4312	2
 53.4316	1
 53.4320	2
 53.4324	1
 53.4328	1
 53.4332	4
 53.4336	0
 53.4340	3
 53.4344	3
 53.4348	1
 53.4352	2
 53.4356	2
 53.4360	5
 53.4364	0
 53.4368	4
 53.4372	2
 53.4376	0
 53.4380	3
 53.4384	3
 53.4388	0
 53.4392	3
 53.4396	7
 53.4400	4
 53.4404	1
 53.4408	2
 53.4412	3
 53.4416	6
 53.4420	3
 53.4424	2
 53.4428	1
 53.4432	3
 53.4436	3
 53.4440	0
 53.4444	11
 53.4448	3
 53.4452	2
 53.4456	2
 53.4460	4
 53.4464	4
 53.4468	9
 53.4472	4
 53.4476	5
 53.4480	1
 53.4484	7
 53.4488	5
 53.4492	8
 53.4496	9
 53.4500	3
 53.4504	4
 53.4508	8
 53.4512	7
 53.4516	7
 53.4520	6
 53.4524	9
 53.4528	4
 53.4532	7
 53.4536	6
 53.4540	14
 53.4544	10
 53.4548	14
 53.4552	8
 53.4556	15
 53.4560	12
 53.4564	18
 53.4568	10
 53.4572	10
 53.4576	14
 53.4580	10
 53.4584	9
 53.4588	10
 53.4592	9
 53.4596	13
 53.4600	10
 53.4604	19
 53.4608	21
 53.4612	14
 53.4616	15
 53.4620	15
 53.4624	17
 53.4628	9
 53.4632	14
 53.4636	14
 53.4640	15
 53.4644	16
 53.4648	13
 53.4652	15
 53.4656	10
 53.4660	13
 53.4664	14
 53.4668	17
 53.4672	16
 53.4676	16
 53.4680	19
 53.4684	10
 53.4688	10
 53.4692	11
 53.4696	14
 53.4700	19
 53.4704	13
 53.4708	12
 53.4712	17
 53.4716	20
 53.4720	18
 53.4724	20
 53.4728	14
 53.4732	18
 53.4736	22
 53.4740	18
 53.4744	18
 53.4748	19
 53.4752	19
 53.4756	21
 53.4760	18
 53.4764	19
 53.4768	24
 53.4772	18
 53.4776	23
 53.4780	20
 53.4784	17
 53.4788	19
 53.4792	18
 53.4796	14
 53.4800	17
 53.4804	25
 53.4808	21
 53.4812	20
 53.4816	23
 53.4820	22
 53.4824	25
 53.4828	18
 53.4832	25
 53.4836	23
 53.4840	22
 53.4844	17
 53.4848	21
 53.4852	13
 53.4856	29
 53.4860	30
 53.4864	13
 53.4868	18
 53.4872	17
 53.4876	25
 53.4880	23
 53.4884	30
 53.4888	28
 53.4892	27
 53.4896	17
 53.4900	29
 53.4904	27
 53.4908	23
 53.4912	29
 53.4916	32
 53.4920	29
 53.4924	30
 53.4928	32
 53.4932	41
 53.4936	25
 53.4940	30
 53.4944	49
 53.4948	37
 53.4952	42
 53.4956	41
 53.4960	33
 53.4964	35
 53.4968	67
 53.4972	44
 53.4976	48
 53.4980	50
 53.4984	52
 53.4988	66
 53.4992	59
 53.4996	64
 53.5000	70
 53.5004	75
 53.5008	61
 53.5012	62
 53.5016	66
 53.5020	77
 53.5024	87
 53.5028	88
 53.5032	98
 53.5036	107
 53.5040	103
 53.5044	111
 53.5048	146
 53.5052	138
 53.5056	162
 53.5060	138
 53.5064	159
 53.5068	177
 53.5072	212
 53.5076	229
 53.5080	254
 53.5084	233
 53.5088	248
 53.5092	308
 53.5096	303
 53.5100	290
 53.5104	307
 53.5108	357
 53.5112	345
 53.5116	337
 53.5120	371
 53.5124	342
 53.5128	381
 53.5132	425
 53.5136	355
 53.5140	412
 53.5144	357
 53.5148	377
 53.5152	384
 53.5156	403
 53.5160	314
 53.5164	355
 53.5168	338
 53.5172	270
 53.5176	274
 53.5180	265
 53.5184	251
 53.5188	216
 53.5192	244
 53.5196	201
 53.5200	214
 53.5204	165
 53.5208	184
 53.5212	177
 53.5216	176
 53.5220	134
 53.5224	135
 53.5228	156
 53.5232	123
 53.5236	136
 53.5240	123
 53.5244	131
 53.5248	111
 53.5252	125
 53.5256	108
 53.5260	106
 53.5264	85
 53.5268	79
 53.5272	74
 53.5276	74
 53.5280	85
 53.5284	72
 53.5288	67
 53.5292	66
 53.5296	55
 53.5300	45
 53.5304	44
 53.5308	42
 53.5312	45
 53.5316	40
 53.5320	34
 53.5324	42
 53.5328	39
 53.5332	30
 53.5336	38
 53.5340	35
 53.5344	26
 53.5348	24
 53.5352	22
 53.5356	27
 53.5360	25
 53.5364	22
 53.5368	15
 53.5372	20
 53.5376	18
 53.5380	18
 53.5384	17
 53.5388	26
 53.5392	11
 53.5396	15
 53.5400	22
 53.5404	16
 53.5408	15
 53.5412	24
 53.5416	14
 53.5420	9
 53.5424	12
 53.5428	16
 53.5432	8
 53.5436	14
 53.5440	8
 53.5444	6
 53.5448	8
 53.5452	8
 53.5456	12
 53.5460	5
 53.5464	9
 53.5468	12
 53.5472	7
 53.5476	9
 53.5480	8
 53.5484	6
 53.5488	11
 53.5492	10
 53.5496	6
 53.5500	8
 53.5504	10
 53.5508	7
 53.5512	5
 53.5516	4
 53.5520	3
 53.5524	4
 53.5528	5
 53.5532	4
 53.5536	7
 53.5540	6
 53.5544	2
 53.5548	5
 53.5552	5
 53.5556	9
 53.5560	4
 53.5564	2
 53.5568	4
 53.5572	2
 53.5576	3
 53.5580	3
 53.5584	4
 53.5588	6
 53.5592	5
 53.5596	3
 53.5600	1
 53.5604	2
 53.5608	1
 53.5612	3
 53.5616	4
 53.5620	1
 53.5624	2
 53.5628	3
 53.5632	6
 53.5636	3
 53.5640	3
 53.5644	4
 53.5648	3
 53.5652	0
 53.5656	2
 53.5660	5
 53.5664	0
 53.5668	1
 53.5672	2
 53.5676	1
 53.5680	1
 53.5684	1
 53.5688	2
 53.5692	1
 53.5696	3
 53.5700	5
 53.5704	0
 53.5708	4
 53.5712	1
 53.5716	4
 53.5720	2
 53.5724	4
 53.5728	2
 53.5732	4
 53.5736	1
 53.5740	5
 53.5744	4
 53.5748	1
 53.5752	3
 53.5756	0
 53.5760	0
 53.5764	3
 53.5768	1
 53.5772	2
 53.5776	1
 53.5780	0
 53.5784	2
 53.5788	2
 53.5792	0
 53.5796	1
 53.5800	3
 53.5804	1
 53.5808	0
 53.5812	0
 53.5816	3
 53.5820	1
 53.5824	1
 53.5828	0
 53.5832	2
 53.5836	2
 53.5840	3
 53.5844	2
 53.5848	1
 53.5852	2
 53.5856	2
 53.5860	0
 53.5864	0
 53.5868	0
 53.5872	0
 53.5876	1
 53.5880	1
 53.5884	0
 53.5888	0
 53.5892	3
 53.5896	2
 53.5900	2
 53.5904	1
 53.5908	2
 53.5912	0
 53.5916	1
 53.5920	1
 53.5924	0
 53.5928	0
 53.5932	4
 53.5936	0
 53.5940	1
 53.5944	4
 53.5948	0
 53.5952	1
 53.5956	1
 53.5960	0
 53.5964	1
 53.5968	6
 53.5972	1
 53.5976	0
 53.5980	1
 53.5984	0
 53.5988	0
 53.5992	2
 53.5996	1
 53.6000	0
 53.6004	0
 53.6008	1
 53.6012	0
 53.6016	0
 53.6020	2
 53.6024	2
 53.6028	2
 53.6032	1
 53.6036	0
 53.6040	2
 53.6044	0
 53.6048	0
 53.6052	1
 53.6056	0
 53.6060	0
 53.6064	0
 53.6068	0
