  5.0000	609
  5.0200	605
  5.0400	622
  5.0600	600
  5.0800	565
  5.1000	606
  5.1200	637
  5.1400	629
  5.1600	576
  5.1800	610
  5.2000	648
  5.2200	587
  5.2400	638
  5.2600	581
  5.2800	599
  5.3000	571
  5.3200	607
  5.3400	593
  5.3600	627
  5.3800	646
  5.4000	575
  5.4200	618
  5.4400	609
  5.4600	593
  5.4800	613
  5.5000	580
  5.5200	537
  5.5400	613
  5.5600	559
  5.5800	561
  5.6000	606
  5.6200	574
  5.6400	630
  5.6600	640
  5.6800	600
  5.7000	559
  5.7200	589
  5.7400	549
  5.7600	575
  5.7800	584
  5.8000	580
  5.8200	593
  5.8400	581
  5.8600	592
  5.8800	575
  5.9000	629
  5.9200	588
  5.9400	565
  5.9600	598
  5.9800	597
  6.0000	595
  6.0200	599
  6.0400	594
  6.0600	573
  6.0800	552
  6.1000	543
  6.1200	550
  6.1400	594
  6.1600	586
  6.1800	635
  6.2000	604
  6.2200	558
  6.2400	597
  6.2600	583
  6.2800	582
  6.3000	542
  6.3200	635
  6.3400	565
  6.3600	561
  6.3800	589
  6.4000	578
  6.4200	577
  6.4400	567
  6.4600	595
  6.4800	545
  6.5000	587
  6.5200	559
  6.5400	568
  6.5600	587
  6.5800	546
  6.6000	595
  6.6200	595
  6.6400	574
  6.6600	575
  6.6800	556
  6.7000	563
  6.7200	600
  6.7400	545
  6.7600	532
  6.7800	534
  6.8000	613
  6.8200	598
  6.8400	580
  6.8600	614
  6.8800	540
  6.9000	606
  6.9200	584
  6.9400	563
  6.9600	564
  6.9800	571
  7.0000	493
  7.0200	576
  7.0400	584
  7.0600	560
  7.0800	550
  7.1000	550
  7.1200	590
  7.1400	583
  7.1600	589
  7.1800	574
  7.2000	581
  7.2200	632
  7.2400	516
  7.2600	564
  7.2800	590
  7.3000	549
  7.3200	566
  7.3400	569
  7.3600	579
  7.3800	566
  7.4000	602
  7.4200	536
  7.4400	523
  7.4600	539
  7.4800	551
  7.5000	565
  7.5200	563
  7.5400	590
  7.5600	552
  7.5800	587
  7.6000	577
  7.6200	522
  7.6400	597
  7.6600	523
  7.6800	554
  7.7000	573
  7.7200	549
  7.7400	548
  7.7600	579
  7.7800	583
  7.8000	566
  7.8200	566
  7.8400	555
  7.8600	561
  7.8800	539
  7.9000	526
  7.9200	589
  7.9400	580
  7.9600	592
  7.9800	565
  8.0000	600
  8.0200	558
  8.0400	590
  8.0600	555
  8.0800	554
  8.1000	578
  8.1200	558
  8.1400	544
  8.1600	547
  8.1800	597
  8.2000	560
  8.2200	586
  8.2400	570
  8.2600	585
  8.2800	588
  8.3000	554
  8.3200	550
  8.3400	583
  8.3600	506
  8.3800	600
  8.4000	556
  8.4200	554
  8.4400	570
  8.4600	586
  8.4800	551
  8.5000	595
  8.5200	548
  8.5400	564
  8.5600	570
  8.5800	577
  8.6000	600
  8.6200	585
  8.6400	550
  8.6600	525
  8.6800	592
  8.7000	580
  8.7200	580
  8.7400	613
  8.7600	626
  8.7800	603
  8.8000	617
  8.8200	621
  8.8400	614
  8.8600	646
  8.8800	609
  8.9000	663
  8.9200	665
  8.9400	678
  8.9600	661
  8.9800	698
  9.0000	743
  9.0200	749
  9.0400	839
  9.0600	794
  9.0800	860
  9.1000	937
  9.1200	997
  9.1400	1063
  9.1600	1075
  9.1800	1030
  9.2000	1024
  9.2200	912
  9.2400	747
  9.2600	737
  9.2800	642
  9.3000	649
  9.3200	585
  9.3400	583
  9.3600	566
  9.3800	570
  9.4000	538
  9.4200	517
  9.4400	519
  9.4600	584
  9.4800	544
  9.5000	547
  9.5200	556
  9.5400	526
  9.5600	562
  9.5800	559
  9.6000	543
  9.6200	543
  9.6400	541
  9.6600	530
  9.6800	562
  9.7000	541
  9.7200	577
  9.7400	523
  9.7600	577
  9.7800	546
  9.8000	494
  9.8200	537
  9.8400	595
  9.8600	557
  9.8800	522
  9.9000	531
  9.9200	539
  9.9400	569
  9.9600	526
  9.9800	567
 10.0000	560
 10.0200	510
 10.0400	531
 10.0600	559
 10.0800	529
 10.1000	539
 10.1200	542
 10.1400	573
 10.1600	529
 10.1800	544
 10.2000	543
 10.2200	532
 10.2400	508
 10.2600	565
 10.2800	549
 10.3000	519
 10.3200	532
 10.3400	541
 10.3600	560
 10.3800	550
 10.4000	533
 10.4200	523
 10.4400	483
 10.4600	574
 10.4800	539
 10.5000	520
 10.5200	574
 10.5400	548
 10.5600	545
 10.5800	524
 10.6000	533
 10.6200	550
 10.6400	540
 10.6600	543
 10.6800	535
 10.7000	564
 10.7200	514
 10.7400	542
 10.7600	484
 10.7800	523
 10.8000	530
 10.8200	515
 10.8400	545
 10.8600	543
 10.8800	504
 10.9000	486
 10.9200	536
 10.9400	555
 10.9600	556
 10.9800	534
 11.0000	542
 11.0200	562
 11.0400	550
 11.0600	489
 11.0800	558
 11.1000	504
 11.1200	524
 11.1400	486
 11.1600	527
 11.1800	533
 11.2000	529
 11.2200	504
 11.2400	529
 11.2600	523
 11.2800	522
 11.3000	551
 11.3200	526
 11.3400	524
 11.3600	517
 11.3800	524
 11.4000	536
 11.4200	525
 11.4400	517
 11.4600	510
 11.4800	535
 11.5000	551
 11.5200	533
 11.5400	561
 11.5600	495
 11.5800	518
 11.6000	506
 11.6200	507
 11.6400	515
 11.6600	504
 11.6800	489
 11.7000	504
 11.7200	519
 11.7400	489
 11.7600	529
 11.7800	533
 11.8000	503
 11.8200	472
 11.8400	490
 11.8600	491
 11.8800	525
 11.9000	518
 11.9200	502
 11.9400	510
 11.9600	527
 11.9800	548
 12.0000	553
 12.0200	506
 12.0400	501
 12.0600	484
 12.0800	552
 12.1000	526
 12.1200	523
 12.1400	511
 12.1600	526
 12.1800	534
 12.2000	515
 12.2200	482
 12.2400	516
 12.2600	488
 12.2800	462
 12.3000	551
 12.3200	520
 12.3400	504
 12.3600	526
 12.3800	532
 12.4000	536
 12.4200	534
 12.4400	490
 12.4600	514
 12.4800	496
 12.5000	519
 12.5200	561
 12.5400	519
 12.5600	497
 12.5800	469
 12.6000	543
 12.6200	518
 12.6400	515
 12.6600	529
 12.6800	523
 12.7000	534
 12.7200	530
 12.7400	468
 12.7600	554
 12.7800	507
 12.8000	503
 12.8200	567
 12.8400	450
 12.8600	533
 12.8800	535
 12.9000	491
 12.9200	511
 12.9400	533
 12.9600	505
 12.9800	510
 13.0000	504
 13.0200	535
 13.0400	545
 13.0600	475
 13.0800	490
 13.1000	539
 13.1200	514
 13.1400	515
 13.1600	487
 13.1800	503
 13.2000	474
 13.2200	497
 13.2400	489
 13.2600	482
 13.2800	536
 13.3000	533
 13.3200	488
 13.3400	532
 13.3600	442
 13.3800	495
 13.4000	574
 13.4200	514
 13.4400	433
 13.4600	503
 13.4800	475
 13.5000	474
 13.5200	506
 13.5400	528
 13.5600	473
 13.5800	527
 13.6000	481
 13.6200	514
 13.6400	484
 13.6600	508
 13.6800	488
 13.7000	476
 13.7200	493
 13.7400	498
 13.7600	465
 13.7800	482
 13.8000	479
 13.8200	541
 13.8400	458
 13.8600	502
 13.8800	474
 13.9000	463
 13.9200	494
 13.9400	495
 13.9600	467
 13.9800	490
 14.0000	492
 14.0200	462
 14.0400	529
 14.0600	499
 14.0800	465
 14.1000	474
 14.1200	496
 14.1400	466
 14.1600	462
 14.1800	498
 14.2000	524
 14.2200	489
 14.2400	505
 14.2600	477
 14.2800	466
 14.3000	487
 14.3200	495
 14.3400	454
 14.3600	451
 14.3800	536
 14.4000	445
 14.4200	491
 14.4400	478
 14.4600	481
 14.4800	481
 14.5000	488
 14.5200	480
 14.5400	493
 14.5600	470
 14.5800	469
 14.6000	507
 14.6200	445
 14.6400	469
 14.6600	464
 14.6800	536
 14.7000	487
 14.7200	471
 14.7400	460
 14.7600	505
 14.7800	520
 14.8000	470
 14.8200	463
 14.8400	480
 14.8600	514
 14.8800	486
 14.9000	486
 14.9200	452
 14.9400	482
 14.9600	453
 14.9800	511
 15.0000	457
 15.0200	469
 15.0400	463
 15.0600	482
 15.0800	477
 15.1000	447
 15.1200	466
 15.1400	455
 15.1600	495
 15.1800	467
 15.2000	493
 15.2200	464
 15.2400	491
 15.2600	472
 15.2800	470
 15.3000	488
 15.3200	474
 15.3400	482
 15.3600	441
 15.3800	515
 15.4000	480
 15.4200	501
 15.4400	478
 15.4600	440
 15.4800	479
 15.5000	509
 15.5200	467
 15.5400	461
 15.5600	481
 15.5800	474
 15.6000	465
 15.6200	450
 15.6400	494
 15.6600	467
 15.6800	426
 15.7000	511
 15.7200	524
 15.7400	472
 15.7600	473
 15.7800	492
 15.8000	472
 15.8200	458
 15.8400	520
 15.8600	486
 15.8800	494
 15.9000	445
 15.9200	446
 15.9400	446
 15.9600	505
 15.9800	504
 16.0000	464
 16.0200	488
 16.0400	433
 16.0600	479
 16.0800	473
 16.1000	454
 16.1200	529
 16.1400	460
 16.1600	487
 16.1800	500
 16.2000	459
 16.2200	455
 16.2400	487
 16.2600	503
 16.2800	496
 16.3000	459
 16.3200	460
 16.3400	498
 16.3600	470
 16.3800	437
 16.4000	477
 16.4200	474
 16.4400	488
 16.4600	452
 16.4800	436
 16.5000	467
 16.5200	460
 16.5400	385
 16.5600	474
 16.5800	478
 16.6000	456
 16.6200	477
 16.6400	487
 16.6600	454
 16.6800	488
 16.7000	471
 16.7200	498
 16.7400	448
 16.7600	489
 16.7800	436
 16.8000	477
 16.8200	431
 16.8400	452
 16.8600	494
 16.8800	435
 16.9000	443
 16.9200	460
 16.9400	447
 16.9600	471
 16.9800	434
 17.0000	525
 17.0200	452
 17.0400	461
 17.0600	413
 17.0800	455
 17.1000	498
 17.1200	464
 17.1400	454
 17.1600	459
 17.1800	476
 17.2000	469
 17.2200	460
 17.2400	487
 17.2600	449
 17.2800	447
 17.3000	449
 17.3200	499
 17.3400	450
 17.3600	449
 17.3800	468
 17.4000	493
 17.4200	473
 17.4400	451
 17.4600	490
 17.4800	488
 17.5000	436
 17.5200	472
 17.5400	465
 17.5600	427
 17.5800	496
 17.6000	463
 17.6200	439
 17.6400	479
 17.6600	462
 17.6800	476
 17.7000	459
 17.7200	477
 17.7400	475
 17.7600	483
 17.7800	496
 17.8000	485
 17.8200	500
 17.8400	509
 17.8600	474
 17.8800	485
 17.9000	509
 17.9200	522
 17.9400	527
 17.9600	532
 17.9800	534
 18.0000	525
 18.0200	554
 18.0400	544
 18.0600	520
 18.0800	547
 18.1000	603
 18.1200	584
 18.1400	621
 18.1600	625
 18.1800	738
 18.2000	777
 18.2200	812
 18.2400	858
 18.2600	907
 18.2800	1035
 18.3000	1181
 18.3200	1241
 18.3400	1399
 18.3600	1618
 18.3800	1830
 18.4000	2122
 18.4200	2363
 18.4400	2750
 18.4600	3005
 18.4800	3180
 18.5000	3174
 18.5200	3104
 18.5400	2942
 18.5600	2579
 18.5800	2104
 18.6000	1761
 18.6200	1425
 18.6400	1080
 18.6600	850
 18.6800	815
 18.7000	691
 18.7200	632
 18.7400	619
 18.7600	610
 18.7800	584
 18.8000	552
 18.8200	534
 18.8400	563
 18.8600	509
 18.8800	518
 18.9000	503
 18.9200	486
 18.9400	497
 18.9600	471
 18.9800	476
 19.0000	469
 19.0200	448
 19.0400	470
 19.0600	419
 19.0800	489
 19.1000	475
 19.1200	428
 19.1400	489
 19.1600	477
 19.1800	419
 19.2000	443
 19.2200	422
 19.2400	451
 19.2600	441
 19.2800	438
 19.3000	473
 19.3200	450
 19.3400	420
 19.3600	441
 19.3800	443
 19.4000	435
 19.4200	467
 19.4400	391
 19.4600	440
 19.4800	421
 19.5000	423
 19.5200	427
 19.5400	421
 19.5600	447
 19.5800	462
 19.6000	425
 19.6200	461
 19.6400	444
 19.6600	487
 19.6800	395
 19.7000	416
 19.7200	440
 19.7400	426
 19.7600	407
 19.7800	429
 19.8000	426
 19.8200	469
 19.8400	439
 19.8600	447
 19.8800	428
 19.9000	405
 19.9200	441
 19.9400	412
 19.9600	413
 19.9800	432
 20.0000	428
 20.0200	430
 20.0400	444
 20.0600	417
 20.0800	404
 20.1000	418
 20.1200	426
 20.1400	404
 20.1600	467
 20.1800	450
 20.2000	422
 20.2200	444
 20.2400	412
 20.2600	416
 20.2800	409
 20.3000	415
 20.3200	412
 20.3400	396
 20.3600	403
 20.3800	454
 20.4000	463
 20.4200	423
 20.4400	423
 20.4600	420
 20.4800	431
 20.5000	399
 20.5200	423
 20.5400	444
 20.5600	430
 20.5800	426
 20.6000	413
 20.6200	426
 20.6400	440
 20.6600	416
 20.6800	420
 20.7000	404
 20.7200	384
 20.7400	414
 20.7600	466
 20.7800	404
 20.8000	418
 20.8200	371
 20.8400	435
 20.8600	447
 20.8800	418
 20.9000	396
 20.9200	428
 20.9400	413
 20.9600	406
 20.9800	376
 21.0000	386
 21.0200	414
 21.0400	403
 21.0600	369
 21.0800	406
 21.1000	454
 21.1200	380
 21.1400	391
 21.1600	379
 21.1800	440
 21.2000	428
 21.2200	442
 21.2400	421
 21.2600	409
 21.2800	391
 21.3000	443
 21.3200	389
 21.3400	399
 21.3600	415
 21.3800	416
 21.4000	430
 21.4200	385
 21.4400	367
 21.4600	413
 21.4800	376
 21.5000	415
 21.5200	405
 21.5400	416
 21.5600	388
 21.5800	430
 21.6000	408
 21.6200	419
 21.6400	412
 21.6600	407
 21.6800	389
 21.7000	385
 21.7200	401
 21.7400	367
 21.7600	399
 21.7800	410
 21.8000	353
 21.8200	426
 21.8400	396
 21.8600	414
 21.8800	394
 21.9000	414
 21.9200	404
 21.9400	378
 21.9600	401
 21.9800	390
 22.0000	383
 22.0200	408
 22.0400	398
 22.0600	409
 22.0800	367
 22.1000	375
 22.1200	403
 22.1400	372
 22.1600	425
 22.1800	394
 22.2000	426
 22.2200	369
 22.2400	409
 22.2600	433
 22.2800	353
 22.3000	367
 22.3200	339
 22.3400	387
 22.3600	395
 22.3800	395
 22.4000	394
 22.4200	342
 22.4400	396
 22.4600	370
 22.4800	406
 22.5000	379
 22.5200	386
 22.5400	418
 22.5600	364
 22.5800	398
 22.6000	390
 22.6200	371
 22.6400	389
 22.6600	363
 22.6800	408
 22.7000	391
 22.7200	367
 22.7400	357
 22.7600	344
 22.7800	337
 22.8000	435
 22.8200	386
 22.8400	378
 22.8600	406
 22.8800	375
 22.9000	412
 22.9200	370
 22.9400	409
 22.9600	411
 22.9800	366
 23.0000	363
 23.0200	415
 23.0400	379
 23.0600	391
 23.0800	367
 23.1000	402
 23.1200	395
 23.1400	367
 23.1600	394
 23.1800	367
 23.2000	375
 23.2200	386
 23.2400	377
 23.2600	416
 23.2800	379
 23.3000	377
 23.3200	391
 23.3400	379
 23.3600	338
 23.3800	366
 23.4000	343
 23.4200	371
 23.4400	390
 23.4600	380
 23.4800	416
 23.5000	394
 23.5200	370
 23.5400	408
 23.5600	346
 23.5800	352
 23.6000	334
 23.6200	375
 23.6400	372
 23.6600	375
 23.6800	351
 23.7000	380
 23.7200	422
 23.7400	374
 23.7600	354
 23.7800	394
 23.8000	348
 23.8200	377
 23.8400	386
 23.8600	372
 23.8800	377
 23.9000	358
 23.9200	377
 23.9400	355
 23.9600	359
 23.9800	370
 24.0000	351
 24.0200	373
 24.0400	370
 24.0600	362
 24.0800	370
 24.1000	355
 24.1200	364
 24.1400	388
 24.1600	345
 24.1800	365
 24.2000	355
 24.2200	399
 24.2400	388
 24.2600	333
 24.2800	348
 24.3000	378
 24.3200	390
 24.3400	388
 24.3600	367
 24.3800	406
 24.4000	402
 24.4200	401
 24.4400	372
 24.4600	356
 24.4800	374
 24.5000	424
 24.5200	375
 24.5400	418
 24.5600	367
 24.5800	410
 24.6000	408
 24.6200	374
 24.6400	376
 24.6600	409
 24.6800	445
 24.7000	376
 24.7200	451
 24.7400	446
 24.7600	502
 24.7800	447
 24.8000	465
 24.8200	499
 24.8400	491
 24.8600	467
 24.8800	480
 24.9000	553
 24.9200	529
 24.9400	549
 24.9600	536
 24.9800	486
 25.0000	474
 25.0200	505
 25.0400	477
 25.0600	506
 25.0800	482
 25.1000	473
 25.1200	435
 25.1400	443
 25.1600	368
 25.1800	387
 25.2000	392
 25.2200	360
 25.2400	427
 25.2600	371
 25.2800	402
 25.3000	394
 25.3200	354
 25.3400	373
 25.3600	372
 25.3800	365
 25.4000	348
 25.4200	357
 25.4400	415
 25.4600	344
 25.4800	391
 25.5000	354
 25.5200	363
 25.5400	371
 25.5600	378
 25.5800	373
 25.6000	344
 25.6200	356
 25.6400	346
 25.6600	362
 25.6800	383
 25.7000	362
 25.7200	358
 25.7400	332
 25.7600	378
 25.7800	368
 25.8000	347
 25.8200	345
 25.8400	336
 25.8600	348
 25.8800	385
 25.9000	356
 25.9200	340
 25.9400	369
 25.9600	349
 25.9800	350
 26.0000	323
 26.0200	348
 26.0400	344
 26.0600	332
 26.0800	322
 26.1000	344
 26.1200	363
 26.1400	325
 26.1600	327
 26.1800	339
 26.2000	345
 26.2200	326
 26.2400	348
 26.2600	342
 26.2800	320
 26.3000	372
 26.3200	362
 26.3400	347
 26.3600	357
 26.3800	340
 26.4000	341
 26.4200	350
 26.4400	327
 26.4600	323
 26.4800	325
 26.5000	353
 26.5200	329
 26.5400	328
 26.5600	342
 26.5800	360
 26.6000	335
 26.6200	321
 26.6400	351
 26.6600	313
 26.6800	316
 26.7000	367
 26.7200	362
 26.7400	339
 26.7600	343
 26.7800	324
 26.8000	336
 26.8200	322
 26.8400	349
 26.8600	356
 26.8800	304
 26.9000	341
 26.9200	355
 26.9400	289
 26.9600	347
 26.9800	333
 27.0000	336
 27.0200	348
 27.0400	332
 27.0600	315
 27.0800	311
 27.1000	314
 27.1200	335
 27.1400	311
 27.1600	286
 27.1800	328
 27.2000	345
 27.2200	299
 27.2400	343
 27.2600	343
 27.2800	337
 27.3000	327
 27.3200	355
 27.3400	361
 27.3600	365
 27.3800	342
 27.4000	366
 27.4200	365
 27.4400	349
 27.4600	355
 27.4800	338
 27.5000	353
 27.5200	382
 27.5400	379
 27.5600	346
 27.5800	400
 27.6000	362
 27.6200	397
 27.6400	416
 27.6600	442
 27.6800	451
 27.7000	422
 27.7200	407
 27.7400	441
 27.7600	404
 27.7800	432
 27.8000	484
 27.8200	479
 27.8400	479
 27.8600	526
 27.8800	574
 27.9000	554
 27.9200	568
 27.9400	538
 27.9600	567
 27.9800	591
 28.0000	543
 28.0200	503
 28.0400	502
 28.0600	437
 28.0800	454
 28.1000	434
 28.1200	395
 28.1400	395
 28.1600	391
 28.1800	370
 28.2000	350
 28.2200	346
 28.2400	346
 28.2600	339
 28.2800	346
 28.3000	321
 28.3200	341
 28.3400	356
 28.3600	354
 28.3800	332
 28.4000	308
 28.4200	312
 28.4400	344
 28.4600	342
 28.4800	356
 28.5000	349
 28.5200	322
 28.5400	349
 28.5600	326
 28.5800	372
 28.6000	348
 28.6200	316
 28.6400	334
 28.6600	357
 28.6800	368
 28.7000	350
 28.7200	382
 28.7400	377
 28.7600	377
 28.7800	405
 28.8000	407
 28.8200	406
 28.8400	438
 28.8600	433
 28.8800	432
 28.9000	426
 28.9200	476
 28.9400	501
 28.9600	494
 28.9800	548
 29.0000	612
 29.0200	628
 29.0400	651
 29.0600	733
 29.0800	809
 29.1000	888
 29.1200	893
 29.1400	1125
 29.1600	1202
 29.1800	1330
 29.2000	1547
 29.2200	1574
 29.2400	1791
 29.2600	1917
 29.2800	2068
 29.3000	1946
 29.3200	1933
 29.3400	1899
 29.3600	1821
 29.3800	1697
 29.4000	1472
 29.4200	1353
 29.4400	1205
 29.4600	1073
 29.4800	1019
 29.5000	834
 29.5200	762
 29.5400	694
 29.5600	635
 29.5800	585
 29.6000	552
 29.6200	549
 29.6400	501
 29.6600	474
 29.6800	478
 29.7000	422
 29.7200	443
 29.7400	434
 29.7600	414
 29.7800	402
 29.8000	391
 29.8200	352
 29.8400	375
 29.8600	366
 29.8800	358
 29.9000	402
 29.9200	379
 29.9400	328
 29.9600	342
 29.9800	283
 30.0000	347
 30.0200	348
 30.0400	339
 30.0600	295
 30.0800	291
 30.1000	310
 30.1200	313
 30.1400	332
 30.1600	291
 30.1800	288
 30.2000	300
 30.2200	297
 30.2400	289
 30.2600	299
 30.2800	300
 30.3000	293
 30.3200	273
 30.3400	287
 30.3600	284
 30.3800	314
 30.4000	302
 30.4200	274
 30.4400	277
 30.4600	326
 30.4800	286
 30.5000	293
 30.5200	281
 30.5400	278
 30.5600	308
 30.5800	320
 30.6000	280
 30.6200	298
 30.6400	283
 30.6600	299
 30.6800	284
 30.7000	271
 30.7200	281
 30.7400	288
 30.7600	291
 30.7800	268
 30.8000	274
 30.8200	265
 30.8400	263
 30.8600	249
 30.8800	265
 30.9000	253
 30.9200	240
 30.9400	255
 30.9600	258
 30.9800	244
 31.0000	266
 31.0200	252
 31.0400	278
 31.0600	264
 31.0800	242
 31.1000	245
 31.1200	274
 31.1400	287
 31.1600	246
 31.1800	261
 31.2000	251
 31.2200	269
 31.2400	271
 31.2600	265
 31.2800	245
 31.3000	242
 31.3200	244
 31.3400	244
 31.3600	266
 31.3800	254
 31.4000	241
 31.4200	229
 31.4400	225
 31.4600	248
 31.4800	234
 31.5000	252
 31.5200	249
 31.5400	248
 31.5600	255
 31.5800	267
 31.6000	269
 31.6200	236
 31.6400	264
 31.6600	264
 31.6800	235
 31.7000	240
 31.7200	217
 31.7400	237
 31.7600	264
 31.7800	249
 31.8000	242
 31.8200	237
 31.8400	247
 31.8600	256
 31.8800	228
 31.9000	233
 31.9200	232
 31.9400	240
 31.9600	245
 31.9800	238
 32.0000	240
 32.0200	250
 32.0400	235
 32.0600	228
 32.0800	233
 32.1000	257
 32.1200	222
 32.1400	261
 32.1600	219
 32.1800	262
 32.2000	241
 32.2200	245
 32.2400	261
 32.2600	251
 32.2800	251
 32.3000	234
 32.3200	240
 32.3400	236
 32.3600	236
 32.3800	245
 32.4000	237
 32.4200	210
 32.4400	219
 32.4600	215
 32.4800	252
 32.5000	221
 32.5200	248
 32.5400	221
 32.5600	229
 32.5800	210
 32.6000	209
 32.6200	243
 32.6400	261
 32.6600	236
 32.6800	210
 32.7000	203
 32.7200	243
 32.7400	227
 32.7600	224
 32.7800	213
 32.8000	227
 32.8200	206
 32.8400	239
 32.8600	229
 32.8800	242
 32.9000	223
 32.9200	222
 32.9400	246
 32.9600	234
 32.9800	251
 33.0000	224
 33.0200	244
 33.0400	227
 33.0600	252
 33.0800	223
 33.1000	231
 33.1200	220
 33.1400	209
 33.1600	232
 33.1800	226
 33.2000	217
 33.2200	228
 33.2400	227
 33.2600	224
 33.2800	222
 33.3000	211
 33.3200	210
 33.3400	221
 33.3600	224
 33.3800	221
 33.4000	218
 33.4200	221
 33.4400	190
 33.4600	207
 33.4800	215
 33.5000	206
 33.5200	231
 33.5400	212
 33.5600	200
 33.5800	227
 33.6000	215
 33.6200	231
 33.6400	209
 33.6600	228
 33.6800	212
 33.7000	200
 33.7200	221
 33.7400	210
 33.7600	231
 33.7800	211
 33.8000	208
 33.8200	215
 33.8400	194
 33.8600	185
 33.8800	196
 33.9000	210
 33.9200	223
 33.9400	220
 33.9600	205
 33.9800	184
 34.0000	202
 34.0200	199
 34.0400	204
 34.0600	211
 34.0800	199
 34.1000	215
 34.1200	176
 34.1400	210
 34.1600	201
 34.1800	210
 34.2000	205
 34.2200	210
 34.2400	214
 34.2600	187
 34.2800	174
 34.3000	214
 34.3200	205
 34.3400	201
 34.3600	203
 34.3800	185
 34.4000	214
 34.4200	200
 34.4400	163
 34.4600	205
 34.4800	207
 34.5000	203
 34.5200	178
 34.5400	213
 34.5600	234
 34.5800	175
 34.6000	176
 34.6200	195
 34.6400	192
 34.6600	194
 34.6800	178
 34.7000	203
 34.7200	190
 34.7400	190
 34.7600	190
 34.7800	208
 34.8000	182
 34.8200	191
 34.8400	213
 34.8600	219
 34.8800	203
 34.9000	177
 34.9200	195
 34.9400	196
 34.9600	232
 34.9800	172
 35.0000	190
 35.0200	201
 35.0400	202
 35.0600	197
 35.0800	194
 35.1000	199
 35.1200	191
 35.1400	208
 35.1600	205
 35.1800	226
 35.2000	206
 35.2200	238
 35.2400	263
 35.2600	221
 35.2800	258
 35.3000	249
 35.3200	236
 35.3400	256
 35.3600	260
 35.3800	225
 35.4000	221
 35.4200	231
 35.4400	238
 35.4600	245
 35.4800	227
 35.5000	197
 35.5200	215
 35.5400	198
 35.5600	203
 35.5800	188
 35.6000	197
 35.6200	189
 35.6400	207
 35.6600	182
 35.6800	187
 35.7000	188
 35.7200	184
 35.7400	189
 35.7600	173
 35.7800	182
 35.8000	159
 35.8200	193
 35.8400	167
 35.8600	182
 35.8800	176
 35.9000	182
 35.9200	167
 35.9400	191
 35.9600	171
 35.9800	165
 36.0000	184
 36.0200	192
 36.0400	178
 36.0600	167
 36.0800	202
 36.1000	145
 36.1200	186
 36.1400	179
 36.1600	175
 36.1800	191
 36.2000	179
 36.2200	165
 36.2400	184
 36.2600	174
 36.2800	170
 36.3000	161
 36.3200	193
 36.3400	192
 36.3600	187
 36.3800	168
 36.4000	168
 36.4200	155
 36.4400	177
 36.4600	176
 36.4800	174
 36.5000	161
 36.5200	166
 36.5400	171
 36.5600	181
 36.5800	165
 36.6000	168
 36.6200	175
 36.6400	149
 36.6600	149
 36.6800	165
 36.7000	162
 36.7200	149
 36.7400	152
 36.7600	153
 36.7800	156
 36.8000	155
 36.8200	187
 36.8400	189
 36.8600	159
 36.8800	166
 36.9000	165
 36.9200	155
 36.9400	171
 36.9600	200
 36.9800	162
 37.0000	137
 37.0200	144
 37.0400	197
 37.0600	134
 37.0800	179
 37.1000	161
 37.1200	164
 37.1400	150
 37.1600	152
 37.1800	159
 37.2000	179
 37.2200	157
 37.2400	158
 37.2600	169
 37.2800	159
 37.3000	172
 37.3200	187
 37.3400	165
 37.3600	164
 37.3800	183
 37.4000	166
 37.4200	172
 37.4400	185
 37.4600	159
 37.4800	176
 37.5000	185
 37.5200	198
 37.5400	198
 37.5600	203
 37.5800	199
 37.6000	203
 37.6200	177
 37.6400	197
 37.6600	190
 37.6800	204
 37.7000	176
 37.7200	192
 37.7400	178
 37.7600	166
 37.7800	188
 37.8000	164
 37.8200	162
 37.8400	165
 37.8600	165
 37.8800	175
 37.9000	170
 37.9200	147
 37.9400	163
 37.9600	152
 37.9800	165
 38.0000	160
 38.0200	173
 38.0400	147
 38.0600	160
 38.0800	137
 38.1000	150
 38.1200	161
 38.1400	147
 38.1600	176
 38.1800	141
 38.2000	145
 38.2200	146
 38.2400	149
 38.2600	118
 38.2800	154
 38.3000	153
 38.3200	149
 38.3400	174
 38.3600	145
 38.3800	136
 38.4000	144
 38.4200	175
 38.4400	146
 38.4600	163
 38.4800	151
 38.5000	150
 38.5200	178
 38.5400	155
 38.5600	147
 38.5800	157
 38.6000	143
 38.6200	125
 38.6400	153
 38.6600	152
 38.6800	166
 38.7000	155
 38.7200	165
 38.7400	163
 38.7600	169
 38.7800	149
 38.8000	146
 38.8200	157
 38.8400	152
 38.8600	149
 38.8800	153
 38.9000	141
 38.9200	150
 38.9400	118
 38.9600	160
 38.9800	170
 39.0000	166
 39.0200	157
 39.0400	149
 39.0600	172
 39.0800	187
 39.1000	149
 39.1200	171
 39.1400	161
 39.1600	169
 39.1800	163
 39.2000	155
 39.2200	154
 39.2400	189
 39.2600	177
 39.2800	159
 39.3000	186
 39.3200	168
 39.3400	186
 39.3600	185
 39.3800	176
 39.4000	183
 39.4200	187
 39.4400	183
 39.4600	169
 39.4800	197
 39.5000	172
 39.5200	196
 39.5400	201
 39.5600	189
 39.5800	185
 39.6000	222
 39.6200	198
 39.6400	194
 39.6600	195
 39.6800	223
 39.7000	226
 39.7200	219
 39.7400	265
 39.7600	227
 39.7800	259
 39.8000	279
 39.8200	284
 39.8400	306
 39.8600	325
 39.8800	332
 39.9000	359
 39.9200	339
 39.9400	428
 39.9600	427
 39.9800	470
 40.0000	513
 40.0200	600
 40.0400	592
 40.0600	708
 40.0800	731
 40.1000	812
 40.1200	831
 40.1400	925
 40.1600	998
 40.1800	1065
 40.2000	976
 40.2200	1016
 40.2400	1022
 40.2600	1007
 40.2800	990
 40.3000	877
 40.3200	867
 40.3400	775
 40.3600	762
 40.3800	676
 40.4000	642
 40.4200	559
 40.4400	506
 40.4600	468
 40.4800	427
 40.5000	397
 40.5200	346
 40.5400	348
 40.5600	323
 40.5800	250
 40.6000	258
 40.6200	285
 40.6400	233
 40.6600	215
 40.6800	228
 40.7000	261
 40.7200	221
 40.7400	210
 40.7600	218
 40.7800	197
 40.8000	214
 40.8200	190
 40.8400	222
 40.8600	203
 40.8800	210
 40.9000	182
 40.9200	194
 40.9400	190
 40.9600	173
 40.9800	155
 41.0000	174
 41.0200	173
 41.0400	176
 41.0600	188
 41.0800	169
 41.1000	136
 41.1200	166
 41.1400	143
 41.1600	140
 41.1800	157
 41.2000	144
 41.2200	161
 41.2400	152
 41.2600	129
 41.2800	142
 41.3000	166
 41.3200	153
 41.3400	150
 41.3600	159
 41.3800	157
 41.4000	153
 41.4200	174
 41.4400	145
 41.4600	162
 41.4800	152
 41.5000	150
 41.5200	146
 41.5400	140
 41.5600	134
 41.5800	144
 41.6000	155
 41.6200	135
 41.6400	120
 41.6600	136
 41.6800	131
 41.7000	122
 41.7200	119
 41.7400	125
 41.7600	126
 41.7800	132
 41.8000	145
 41.8200	121
 41.8400	142
 41.8600	118
 41.8800	129
 41.9000	149
 41.9200	142
 41.9400	158
 41.9600	151
 41.9800	144
 42.0000	137
 42.0200	183
 42.0400	160
 42.0600	142
 42.0800	152
 42.1000	155
 42.1200	146
 42.1400	136
 42.1600	150
 42.1800	131
 42.2000	136
 42.2200	156
 42.2400	123
 42.2600	140
 42.2800	130
 42.3000	138
 42.3200	157
 42.3400	151
 42.3600	153
 42.3800	123
 42.4000	162
 42.4200	138
 42.4400	172
 42.4600	164
 42.4800	183
 42.5000	153
 42.5200	187
 42.5400	190
 42.5600	214
 42.5800	220
 42.6000	207
 42.6200	228
 42.6400	227
 42.6600	225
 42.6800	250
 42.7000	267
 42.7200	315
 42.7400	361
 42.7600	368
 42.7800	401
 42.8000	399
 42.8200	391
 42.8400	428
 42.8600	409
 42.8800	391
 42.9000	438
 42.9200	389
 42.9400	396
 42.9600	376
 42.9800	367
 43.0000	321
 43.0200	290
 43.0400	298
 43.0600	266
 43.0800	249
 43.1000	225
 43.1200	251
 43.1400	227
 43.1600	230
 43.1800	217
 43.2000	217
 43.2200	189
 43.2400	203
 43.2600	201
 43.2800	192
 43.3000	223
 43.3200	234
 43.3400	213
 43.3600	239
 43.3800	258
 43.4000	267
 43.4200	274
 43.4400	307
 43.4600	276
 43.4800	303
 43.5000	347
 43.5200	365
 43.5400	347
 43.5600	384
 43.5800	366
 43.6000	383
 43.6200	401
 43.6400	370
 43.6600	449
 43.6800	389
 43.7000	405
 43.7200	394
 43.7400	359
 43.7600	326
 43.7800	312
 43.8000	321
 43.8200	278
 43.8400	260
 43.8600	253
 43.8800	248
 43.9000	254
 43.9200	219
 43.9400	207
 43.9600	190
 43.9800	219
 44.0000	229
 44.0200	165
 44.0400	182
 44.0600	159
 44.0800	159
 44.1000	172
 44.1200	135
 44.1400	161
 44.1600	143
 44.1800	124
 44.2000	169
 44.2200	145
 44.2400	124
 44.2600	119
 44.2800	169
 44.3000	120
 44.3200	134
 44.3400	118
 44.3600	123
 44.3800	121
 44.4000	139
 44.4200	124
 44.4400	145
 44.4600	148
 44.4800	142
 44.5000	119
 44.5200	113
 44.5400	124
 44.5600	116
 44.5800	137
 44.6000	124
 44.6200	126
 44.6400	123
 44.6600	130
 44.6800	125
 44.7000	119
 44.7200	121
 44.7400	117
 44.7600	97
 44.7800	129
 44.8000	122
 44.8200	126
 44.8400	116
 44.8600	136
 44.8800	115
 44.9000	106
 44.9200	97
 44.9400	117
 44.9600	116
 44.9800	129
 45.0000	106
 45.0200	94
 45.0400	132
 45.0600	103
 45.0800	106
 45.1000	99
 45.1200	91
 45.1400	130
 45.1600	115
 45.1800	106
 45.2000	124
 45.2200	98
 45.2400	111
 45.2600	131
 45.2800	105
 45.3000	89
 45.3200	112
 45.3400	99
 45.3600	94
 45.3800	105
 45.4000	101
 45.4200	106
 45.4400	89
 45.4600	112
 45.4800	103
 45.5000	96
 45.5200	105
 45.5400	106
 45.5600	107
 45.5800	121
 45.6000	101
 45.6200	95
 45.6400	104
 45.6600	102
 45.6800	97
 45.7000	104
 45.7200	93
 45.7400	107
 45.7600	111
 45.7800	118
 45.8000	106
 45.8200	101
 45.8400	100
 45.8600	89
 45.8800	105
 45.9000	93
 45.9200	87
 45.9400	99
 45.9600	111
 45.9800	108
 46.0000	104
 46.0200	94
 46.0400	105
 46.0600	88
 46.0800	112
 46.1000	99
 46.1200	90
 46.1400	114
 46.1600	96
 46.1800	99
 46.2000	103
 46.2200	105
 46.2400	91
 46.2600	105
 46.2800	105
 46.3000	124
 46.3200	101
 46.3400	94
 46.3600	125
 46.3800	113
 46.4000	111
 46.4200	99
 46.4400	107
 46.4600	101
 46.4800	110
 46.5000	115
 46.5200	122
 46.5400	122
 46.5600	120
 46.5800	110
 46.6000	105
 46.6200	115
 46.6400	110
 46.6600	125
 46.6800	126
 46.7000	107
 46.7200	136
 46.7400	118
 46.7600	133
 46.7800	128
 46.8000	119
 46.8200	119
 46.8400	140
 46.8600	144
 46.8800	130
 46.9000	141
 46.9200	140
 46.9400	121
 46.9600	130
 46.9800	145
 47.0000	178
 47.0200	181
 47.0400	160
 47.0600	175
 47.0800	174
 47.1000	202
 47.1200	173
 47.1400	211
 47.1600	198
 47.1800	242
 47.2000	261
 47.2200	264
 47.2400	299
 47.2600	328
 47.2800	381
 47.3000	430
 47.3200	459
 47.3400	542
 47.3600	565
 47.3800	649
 47.4000	778
 47.4200	839
 47.4400	945
 47.4600	1006
 47.4800	1153
 47.5000	1186
 47.5200	1278
 47.5400	1298
 47.5600	1305
 47.5800	1278
 47.6000	1214
 47.6200	1153
 47.6400	1099
 47.6600	1100
 47.6800	985
 47.7000	878
 47.7200	780
 47.7400	700
 47.7600	604
 47.7800	567
 47.8000	484
 47.8200	458
 47.8400	421
 47.8600	348
 47.8800	321
 47.9000	332
 47.9200	268
 47.9400	268
 47.9600	239
 47.9800	254
 48.0000	227
 48.0200	221
 48.0400	198
 48.0600	224
 48.0800	191
 48.1000	212
 48.1200	162
 48.1400	164
 48.1600	178
 48.1800	151
 48.2000	152
 48.2200	185
 48.2400	154
 48.2600	140
 48.2800	179
 48.3000	157
 48.3200	159
 48.3400	148
 48.3600	173
 48.3800	159
 48.4000	178
 48.4200	169
 48.4400	175
 48.4600	162
 48.4800	145
 48.5000	165
 48.5200	155
 48.5400	155
 48.5600	126
 48.5800	138
 48.6000	133
 48.6200	114
 48.6400	111
 48.6600	132
 48.6800	138
 48.7000	107
 48.7200	116
 48.7400	106
 48.7600	124
 48.7800	103
 48.8000	106
 48.8200	118
 48.8400	96
 48.8600	96
 48.8800	134
 48.9000	83
 48.9200	118
 48.9400	94
 48.9600	95
 48.9800	93
 49.0000	113
 49.0200	91
 49.0400	94
 49.0600	96
 49.0800	110
 49.1000	98
 49.1200	91
 49.1400	86
 49.1600	87
 49.1800	89
 49.2000	90
 49.2200	94
 49.2400	85
 49.2600	86
 49.2800	91
 49.3000	81
 49.3200	80
 49.3400	82
 49.3600	78
 49.3800	71
 49.4000	76
 49.4200	87
 49.4400	97
 49.4600	97
 49.4800	94
 49.5000	70
 49.5200	71
 49.5400	87
 49.5600	91
 49.5800	77
 49.6000	92
 49.6200	82
 49.6400	84
 49.6600	81
 49.6800	79
 49.7000	83
 49.7200	74
 49.7400	77
 49.7600	86
 49.7800	96
 49.8000	92
 49.8200	78
 49.8400	76
 49.8600	78
 49.8800	90
 49.9000	84
 49.9200	68
 49.9400	63
 49.9600	78
 49.9800	77
 50.0000	78
 50.0200	76
 50.0400	83
 50.0600	91
 50.0800	73
 50.1000	79
 50.1200	83
 50.1400	80
 50.1600	87
 50.1800	85
 50.2000	78
 50.2200	79
 50.2400	80
 50.2600	81
 50.2800	86
 50.3000	81
 50.3200	73
 50.3400	76
 50.3600	115
 50.3800	94
 50.4000	60
 50.4200	94
 50.4400	93
 50.4600	92
 50.4800	77
 50.5000	81
 50.5200	74
 50.5400	77
 50.5600	89
 50.5800	95
 50.6000	72
 50.6200	85
 50.6400	79
 50.6600	72
 50.6800	73
 50.7000	67
 50.7200	97
 50.7400	86
 50.7600	76
 50.7800	78
 50.8000	91
 50.8200	90
 50.8400	82
 50.8600	81
 50.8800	104
 50.9000	84
 50.9200	84
 50.9400	103
 50.9600	100
 50.9800	85
 51.0000	93
 51.0200	89
 51.0400	79
 51.0600	86
 51.0800	96
 51.1000	76
 51.1200	96
 51.1400	89
 51.1600	95
 51.1800	74
 51.2000	104
 51.2200	89
 51.2400	94
 51.2600	90
 51.2800	90
 51.3000	90
 51.3200	103
 51.3400	116
 51.3600	84
 51.3800	115
 51.4000	91
 51.4200	85
 51.4400	83
 51.4600	69
 51.4800	101
 51.5000	93
 51.5200	84
 51.5400	109
 51.5600	71
 51.5800	95
 51.6000	93
 51.6200	88
 51.6400	82
 51.6600	84
 51.6800	79
 51.7000	77
 51.7200	75
 51.7400	72
 51.7600	83
 51.7800	74
 51.8000	57
 51.8200	70
 51.8400	74
 51.8600	62
 51.8800	69
 51.9000	82
 51.9200	65
 51.9400	76
 51.9600	66
 51.9800	74
 52.0000	54
 52.0200	74
 52.0400	72
 52.0600	72
 52.0800	66
 52.1000	69
 52.1200	74
 52.1400	62
 52.1600	69
 52.1800	89
 52.2000	50
 52.2200	81
 52.2400	56
 52.2600	71
 52.2800	91
 52.3000	72
 52.3200	75
 52.3400	87
 52.3600	79
 52.3800	100
 52.4000	92
 52.4200	85
 52.4400	90
 52.4600	90
 52.4800	113
 52.5000	79
 52.5200	100
 52.5400	89
 52.5600	107
 52.5800	105
 52.6000	88
 52.6200	81
 52.6400	87
 52.6600	102
 52.6800	104
 52.7000	108
 52.7200	88
 52.7400	95
 52.7600	93
 52.7800	108
 52.8000	103
 52.8200	110
 52.8400	84
 52.8600	94
 52.8800	99
 52.9000	104
 52.9200	88
 52.9400	77
 52.9600	94
 52.9800	93
 53.0000	79
 53.0200	99
 53.0400	93
 53.0600	94
 53.0800	101
 53.1000	105
 53.1200	101
 53.1400	119
 53.1600	108
 53.1800	117
 53.2000	143
 53.2200	120
 53.2400	140
 53.2600	123
 53.2800	173
 53.3000	152
 53.3200	168
 53.3400	167
 53.3600	192
 53.3800	165
 53.4000	164
 53.4200	182
 53.4400	174
 53.4600	196
 53.4800	152
 53.5000	167
 53.5200	192
 53.5400	165
 53.5600	164
 53.5800	191
 53.6000	160
 53.6200	174
 53.6400	178
 53.6600	147
 53.6800	159
 53.7000	124
 53.7200	134
 53.7400	146
 53.7600	116
 53.7800	120
 53.8000	99
 53.8200	115
 53.8400	96
 53.8600	114
 53.8800	91
 53.9000	107
 53.9200	89
 53.9400	73
 53.9600	107
 53.9800	95
 54.0000	89
 54.0200	82
 54.0400	83
 54.0600	92
 54.0800	108
 54.1000	79
 54.1200	76
 54.1400	71
 54.1600	79
 54.1800	80
 54.2000	62
 54.2200	78
 54.2400	85
 54.2600	77
 54.2800	76
 54.3000	90
 54.3200	72
 54.3400	74
 54.3600	78
 54.3800	67
 54.4000	58
 54.4200	77
 54.4400	66
 54.4600	59
 54.4800	60
 54.5000	63
 54.5200	60
 54.5400	66
 54.5600	64
 54.5800	79
 54.6000	55
 54.6200	63
 54.6400	65
 54.6600	72
 54.6800	64
 54.7000	78
 54.7200	61
 54.7400	58
 54.7600	84
 54.7800	65
 54.8000	66
 54.8200	69
 54.8400	62
 54.8600	71
 54.8800	71
 54.9000	67
 54.9200	69
 54.9400	70
 54.9600	65
 54.9800	82
 55.0000	72
 55.0200	62
 55.0400	69
 55.0600	73
 55.0800	84
 55.1000	70
 55.1200	59
 55.1400	84
 55.1600	72
 55.1800	78
 55.2000	65
 55.2200	85
 55.2400	79
 55.2600	61
 55.2800	62
 55.3000	70
 55.3200	60
 55.3400	64
 55.3600	72
 55.3800	55
 55.4000	66
 55.4200	70
 55.4400	76
 55.4600	67
 55.4800	63
 55.5000	77
 55.5200	64
 55.5400	63
 55.5600	72
 55.5800	66
 55.6000	60
 55.6200	71
 55.6400	61
 55.6600	65
 55.6800	89
 55.7000	66
 55.7200	61
 55.7400	61
 55.7600	63
 55.7800	61
 55.8000	65
 55.8200	69
 55.8400	58
 55.8600	72
 55.8800	57
 55.9000	56
 55.9200	56
 55.9400	54
 55.9600	66
 55.9800	57
 56.0000	52
 56.0200	65
 56.0400	59
 56.0600	48
 56.0800	66
 56.1000	60
 56.1200	54
 56.1400	69
 56.1600	76
 56.1800	68
 56.2000	71
 56.2200	60
 56.2400	66
 56.2600	70
 56.2800	59
 56.3000	62
 56.3200	56
 56.3400	60
 56.3600	84
 56.3800	65
 56.4000	54
 56.4200	69
 56.4400	68
 56.4600	60
 56.4800	63
 56.5000	58
 56.5200	72
 56.5400	69
 56.5600	71
 56.5800	64
 56.6000	76
 56.6200	51
 56.6400	74
 56.6600	66
 56.6800	57
 56.7000	87
 56.7200	83
 56.7400	80
 56.7600	64
 56.7800	66
 56.8000	86
 56.8200	83
 56.8400	67
 56.8600	87
 56.8800	76
 56.9000	78
 56.9200	81
 56.9400	66
 56.9600	92
 56.9800	87
 57.0000	88
 57.0200	106
 57.0400	95
 57.0600	89
 57.0800	113
 57.1000	101
 57.1200	97
 57.1400	111
 57.1600	113
 57.1800	123
 57.2000	126
 57.2200	137
 57.2400	153
 57.2600	147
 57.2800	163
 57.3000	157
 57.3200	178
 57.3400	233
 57.3600	230
 57.3800	222
 57.4000	227
 57.4200	227
 57.4400	258
 57.4600	272
 57.4800	226
 57.5000	255
 57.5200	243
 57.5400	214
 57.5600	228
 57.5800	221
 57.6000	198
 57.6200	229
 57.6400	213
 57.6600	226
 57.6800	203
 57.7000	198
 57.7200	184
 57.7400	180
 57.7600	207
 57.7800	169
 57.8000	192
 57.8200	204
 57.8400	185
 57.8600	173
 57.8800	206
 57.9000	158
 57.9200	166
 57.9400	168
 57.9600	177
 57.9800	145
 58.0000	147
 58.0200	143
 58.0400	133
 58.0600	125
 58.0800	115
 58.1000	110
 58.1200	103
 58.1400	106
 58.1600	91
 58.1800	94
 58.2000	101
 58.2200	90
 58.2400	91
 58.2600	84
 58.2800	87
 58.3000	86
 58.3200	70
 58.3400	86
 58.3600	63
 58.3800	68
 58.4000	69
 58.4200	68
 58.4400	65
 58.4600	49
 58.4800	77
 58.5000	60
 58.5200	72
 58.5400	64
 58.5600	69
 58.5800	72
 58.6000	62
 58.6200	72
 58.6400	77
 58.6600	52
 58.6800	62
 58.7000	66
 58.7200	52
 58.7400	72
 58.7600	61
 58.7800	58
 58.8000	38
 58.8200	60
 58.8400	50
 58.8600	78
 58.8800	72
 58.9000	64
 58.9200	53
 58.9400	58
 58.9600	68
 58.9800	67
 59.0000	55
 59.0200	61
 59.0400	65
 59.0600	60
 59.0800	57
 59.1000	63
 59.1200	66
 59.1400	67
 59.1600	58
 59.1800	52
 59.2000	68
 59.2200	73
 59.2400	70
 59.2600	62
 59.2800	42
 59.3000	63
 59.3200	77
 59.3400	65
 59.3600	42
 59.3800	55
 59.4000	66
 59.4200	51
 59.4400	49
 59.4600	52
 59.4800	63
 59.5000	58
 59.5200	67
 59.5400	52
 59.5600	62
 59.5800	54
 59.6000	65
 59.6200	52
 59.6400	67
 59.6600	57
 59.6800	49
 59.7000	63
 59.7200	37
 59.7400	60
 59.7600	60
 59.7800	49
 59.8000	59
 59.8200	54
 59.8400	52
 59.8600	47
 59.8800	49
 59.9000	53
 59.9200	54
 59.9400	40
 59.9600	66
 59.9800	62
 60.0000	56
 60.0200	41
 60.0400	71
 60.0600	67
 60.0800	48
 60.1000	67
 60.1200	68
 60.1400	43
 60.1600	42
 60.1800	60
 60.2000	73
 60.2200	75
 60.2400	70
 60.2600	69
 60.2800	68
 60.3000	58
 60.3200	50
 60.3400	70
 60.3600	70
 60.3800	50
 60.4000	69
 60.4200	57
 60.4400	74
 60.4600	86
 60.4800	94
 60.5000	76
 60.5200	75
 60.5400	80
 60.5600	101
 60.5800	97
 60.6000	107
 60.6200	94
 60.6400	116
 60.6600	100
 60.6800	108
 60.7000	135
 60.7200	124
 60.7400	144
 60.7600	153
 60.7800	167
 60.8000	166
 60.8200	190
 60.8400	172
 60.8600	193
 60.8800	177
 60.9000	203
 60.9200	215
 60.9400	183
 60.9600	186
 60.9800	167
 61.0000	168
 61.0200	160
 61.0400	143
 61.0600	137
 61.0800	141
 61.1000	140
 61.1200	144
 61.1400	127
 61.1600	105
 61.1800	91
 61.2000	100
 61.2200	86
 61.2400	95
 61.2600	83
 61.2800	85
 61.3000	66
 61.3200	80
 61.3400	76
 61.3600	75
 61.3800	81
 61.4000	68
 61.4200	65
 61.4400	59
 61.4600	77
 61.4800	73
 61.5000	69
 61.5200	65
 61.5400	60
 61.5600	62
 61.5800	65
 61.6000	60
 61.6200	68
 61.6400	52
 61.6600	66
 61.6800	59
 61.7000	56
 61.7200	43
 61.7400	67
 61.7600	64
 61.7800	51
 61.8000	53
 61.8200	49
 61.8400	66
 61.8600	63
 61.8800	57
 61.9000	70
 61.9200	59
 61.9400	52
 61.9600	55
 61.9800	60
 62.0000	50
 62.0200	50
 62.0400	48
 62.0600	61
 62.0800	61
 62.1000	50
 62.1200	43
 62.1400	47
 62.1600	60
 62.1800	62
 62.2000	57
 62.2200	60
 62.2400	55
 62.2600	60
 62.2800	61
 62.3000	56
 62.3200	49
 62.3400	60
 62.3600	63
 62.3800	58
 62.4000	44
 62.4200	71
 62.4400	83
 62.4600	62
 62.4800	67
 62.5000	58
 62.5200	74
 62.5400	66
 62.5600	68
 62.5800	67
 62.6000	77
 62.6200	74
 62.6400	67
 62.6600	62
 62.6800	73
 62.7000	69
 62.7200	71
 62.7400	70
 62.7600	80
 62.7800	69
 62.8000	78
 62.8200	74
 62.8400	80
 62.8600	68
 62.8800	71
 62.9000	73
 62.9200	74
 62.9400	89
 62.9600	82
 62.9800	68
 63.0000	72
 63.0200	63
 63.0400	68
 63.0600	79
 63.0800	73
 63.1000	69
 63.1200	82
 63.1400	79
 63.1600	87
 63.1800	60
 63.2000	62
 63.2200	57
 63.2400	60
 63.2600	74
 63.2800	62
 63.3000	48
 63.3200	49
 63.3400	61
 63.3600	59
 63.3800	58
 63.4000	62
 63.4200	61
 63.4400	64
 63.4600	65
 63.4800	56
 63.5000	57
 63.5200	54
 63.5400	63
 63.5600	53
 63.5800	53
 63.6000	51
 63.6200	55
 63.6400	73
 63.6600	49
 63.6800	56
 63.7000	62
 63.7200	56
 63.7400	47
 63.7600	43
 63.7800	48
 63.8000	52
 63.8200	60
 63.8400	73
 63.8600	52
 63.8800	69
 63.9000	54
 63.9200	60
 63.9400	52
 63.9600	64
 63.9800	62
 64.0000	50
 64.0200	43
 64.0400	53
 64.0600	63
 64.0800	47
 64.1000	58
 64.1200	45
 64.1400	58
 64.1600	70
 64.1800	57
 64.2000	54
 64.2200	66
 64.2400	52
 64.2600	53
 64.2800	47
 64.3000	59
 64.3200	49
 64.3400	55
 64.3600	50
 64.3800	56
 64.4000	54
 64.4200	55
 64.4400	56
 64.4600	39
 64.4800	58
 64.5000	37
 64.5200	60
 64.5400	47
 64.5600	56
 64.5800	41
 64.6000	47
 64.6200	56
 64.6400	38
 64.6600	55
 64.6800	53
 64.7000	45
 64.7200	51
 64.7400	53
 64.7600	48
 64.7800	48
 64.8000	45
 64.8200	57
 64.8400	49
 64.8600	63
 64.8800	56
 64.9000	37
 64.9200	38
 64.9400	57
 64.9600	54
 64.9800	48
 65.0000	54
 65.0200	52
 65.0400	49
 65.0600	43
 65.0800	62
 65.1000	57
 65.1200	58
 65.1400	65
 65.1600	58
 65.1800	70
 65.2000	62
 65.2200	59
 65.2400	55
 65.2600	62
 65.2800	57
 65.3000	47
 65.3200	65
 65.3400	48
 65.3600	64
 65.3800	55
 65.4000	44
 65.4200	55
 65.4400	70
 65.4600	67
 65.4800	59
 65.5000	66
 65.5200	63
 65.5400	57
 65.5600	92
 65.5800	63
 65.6000	75
 65.6200	79
 65.6400	72
 65.6600	61
 65.6800	51
 65.7000	68
 65.7200	46
 65.7400	66
 65.7600	65
 65.7800	70
 65.8000	59
 65.8200	66
 65.8400	81
 65.8600	70
 65.8800	83
 65.9000	59
 65.9200	75
 65.9400	74
 65.9600	80
 65.9800	84
 66.0000	78
 66.0200	88
 66.0400	71
 66.0600	84
 66.0800	102
 66.1000	89
 66.1200	87
 66.1400	103
 66.1600	102
 66.1800	102
 66.2000	106
 66.2200	111
 66.2400	134
 66.2600	124
 66.2800	143
 66.3000	134
 66.3200	154
 66.3400	166
 66.3600	173
 66.3800	191
 66.4000	172
 66.4200	208
 66.4400	210
 66.4600	253
 66.4800	205
 66.5000	228
 66.5200	224
 66.5400	251
 66.5600	274
 66.5800	234
 66.6000	249
 66.6200	215
 66.6400	220
 66.6600	242
 66.6800	211
 66.7000	219
 66.7200	203
 66.7400	184
 66.7600	204
 66.7800	176
 66.8000	199
 66.8200	171
 66.8400	150
 66.8600	151
 66.8800	133
 66.9000	130
 66.9200	142
 66.9400	122
 66.9600	114
 66.9800	126
 67.0000	105
 67.0200	97
 67.0400	108
 67.0600	111
 67.0800	109
 67.1000	98
 67.1200	105
 67.1400	89
 67.1600	107
 67.1800	98
 67.2000	98
 67.2200	97
 67.2400	77
 67.2600	97
 67.2800	81
 67.3000	99
 67.3200	79
 67.3400	72
 67.3600	93
 67.3800	89
 67.4000	78
 67.4200	88
 67.4400	71
 67.4600	80
 67.4800	82
 67.5000	65
 67.5200	77
 67.5400	79
 67.5600	52
 67.5800	79
 67.6000	69
 67.6200	63
 67.6400	68
 67.6600	68
 67.6800	66
 67.7000	58
 67.7200	75
 67.7400	85
 67.7600	67
 67.7800	75
 67.8000	62
 67.8200	60
 67.8400	66
 67.8600	53
 67.8800	55
 67.9000	65
 67.9200	59
 67.9400	77
 67.9600	48
 67.9800	66
 68.0000	53
 68.0200	76
 68.0400	63
 68.0600	49
 68.0800	64
 68.1000	73
 68.1200	59
 68.1400	76
 68.1600	67
 68.1800	56
 68.2000	58
 68.2200	72
 68.2400	58
 68.2600	78
 68.2800	72
 68.3000	65
 68.3200	67
 68.3400	71
 68.3600	74
 68.3800	67
 68.4000	83
 68.4200	88
 68.4400	80
 68.4600	116
 68.4800	90
 68.5000	101
 68.5200	91
 68.5400	115
 68.5600	141
 68.5800	133
 68.6000	164
 68.6200	161
 68.6400	192
 68.6600	162
 68.6800	174
 68.7000	185
 68.7200	198
 68.7400	210
 68.7600	201
 68.7800	188
 68.8000	186
 68.8200	185
 68.8400	201
 68.8600	188
 68.8800	189
 68.9000	174
 68.9200	165
 68.9400	162
 68.9600	144
 68.9800	142
 69.0000	136
 69.0200	129
 69.0400	117
 69.0600	117
 69.0800	113
 69.1000	109
 69.1200	121
 69.1400	121
 69.1600	81
 69.1800	82
 69.2000	104
 69.2200	73
 69.2400	70
 69.2600	78
 69.2800	86
 69.3000	85
 69.3200	70
 69.3400	81
 69.3600	75
 69.3800	66
 69.4000	91
 69.4200	82
 69.4400	82
 69.4600	68
 69.4800	67
 69.5000	94
 69.5200	78
 69.5400	82
 69.5600	57
 69.5800	73
 69.6000	69
 69.6200	75
 69.6400	83
 69.6600	87
 69.6800	76
 69.7000	84
 69.7200	76
 69.7400	74
 69.7600	75
 69.7800	68
 69.8000	80
 69.8200	63
 69.8400	76
 69.8600	77
 69.8800	95
 69.9000	64
 69.9200	62
 69.9400	65
 69.9600	72
 69.9800	70
 70.0000	75
 70.0200	79
 70.0400	63
 70.0600	81
 70.0800	84
 70.1000	61
 70.1200	76
 70.1400	86
 70.1600	81
 70.1800	82
 70.2000	78
 70.2200	65
 70.2400	86
 70.2600	97
 70.2800	80
 70.3000	108
 70.3200	103
 70.3400	111
 70.3600	100
 70.3800	118
 70.4000	105
 70.4200	133
 70.4400	124
 70.4600	126
 70.4800	127
 70.5000	149
 70.5200	140
 70.5400	141
 70.5600	168
 70.5800	181
 70.6000	193
 70.6200	206
 70.6400	196
 70.6600	223
 70.6800	224
 70.7000	251
 70.7200	283
 70.7400	231
 70.7600	269
 70.7800	269
 70.8000	245
 70.8200	282
 70.8400	253
 70.8600	265
 70.8800	225
 70.9000	259
 70.9200	253
 70.9400	252
 70.9600	252
 70.9800	220
 71.0000	197
 71.0200	208
 71.0400	209
 71.0600	214
 71.0800	174
 71.1000	163
 71.1200	164
 71.1400	177
 71.1600	168
 71.1800	170
 71.2000	153
 71.2200	130
 71.2400	142
 71.2600	145
 71.2800	152
 71.3000	156
 71.3200	178
 71.3400	120
 71.3600	148
 71.3800	142
 71.4000	147
 71.4200	129
 71.4400	145
 71.4600	132
 71.4800	142
 71.5000	149
 71.5200	147
 71.5400	135
 71.5600	138
 71.5800	135
 71.6000	125
 71.6200	135
 71.6400	138
 71.6600	114
 71.6800	145
 71.7000	104
 71.7200	131
 71.7400	101
 71.7600	105
 71.7800	94
 71.8000	87
 71.8200	89
 71.8400	96
 71.8600	96
 71.8800	87
 71.9000	95
 71.9200	91
 71.9400	79
 71.9600	76
 71.9800	77
 72.0000	69
 72.0200	93
 72.0400	74
 72.0600	71
 72.0800	72
 72.1000	89
 72.1200	73
 72.1400	76
 72.1600	67
 72.1800	76
 72.2000	64
 72.2200	78
 72.2400	68
 72.2600	62
 72.2800	72
 72.3000	53
 72.3200	75
 72.3400	59
 72.3600	64
 72.3800	76
 72.4000	62
 72.4200	52
 72.4400	53
 72.4600	62
 72.4800	56
 72.5000	55
 72.5200	58
 72.5400	62
 72.5600	57
 72.5800	64
 72.6000	52
 72.6200	52
 72.6400	49
 72.6600	57
 72.6800	55
 72.7000	68
 72.7200	62
 72.7400	64
 72.7600	48
 72.7800	42
 72.8000	50
 72.8200	54
 72.8400	53
 72.8600	54
 72.8800	53
 72.9000	43
 72.9200	60
 72.9400	70
 72.9600	59
 72.9800	51
 73.0000	62
 73.0200	42
 73.0400	49
 73.0600	46
 73.0800	56
 73.1000	51
 73.1200	56
 73.1400	52
 73.1600	45
 73.1800	46
 73.2000	55
 73.2200	52
 73.2400	56
 73.2600	55
 73.2800	51
 73.3000	63
 73.3200	38
 73.3400	46
 73.3600	59
 73.3800	48
 73.4000	44
 73.4200	50
 73.4400	54
 73.4600	55
 73.4800	61
 73.5000	61
 73.5200	50
 73.5400	54
 73.5600	52
 73.5800	67
 73.6000	41
 73.6200	45
 73.6400	45
 73.6600	55
 73.6800	46
 73.7000	44
 73.7200	48
 73.7400	66
 73.7600	49
 73.7800	57
 73.8000	41
 73.8200	49
 73.8400	50
 73.8600	55
 73.8800	56
 73.9000	61
 73.9200	59
 73.9400	51
 73.9600	45
 73.9800	55
 74.0000	64
 74.0200	58
 74.0400	50
 74.0600	40
 74.0800	62
 74.1000	38
 74.1200	44
 74.1400	59
 74.1600	48
 74.1800	67
 74.2000	50
 74.2200	51
 74.2400	48
 74.2600	53
 74.2800	53
 74.3000	42
 74.3200	55
 74.3400	55
 74.3600	46
 74.3800	63
 74.4000	52
 74.4200	58
 74.4400	46
 74.4600	57
 74.4800	50
 74.5000	65
 74.5200	48
 74.5400	70
 74.5600	69
 74.5800	63
 74.6000	60
 74.6200	62
 74.6400	65
 74.6600	59
 74.6800	67
 74.7000	55
 74.7200	74
 74.7400	67
 74.7600	79
 74.7800	81
 74.8000	72
 74.8200	87
 74.8400	76
 74.8600	91
 74.8800	86
 74.9000	67
 74.9200	86
 74.9400	96
 74.9600	72
 74.9800	74
 75.0000	84
