  5.0000	60
  5.0200	72
  5.0400	49
  5.0600	57
  5.0800	67
  5.1000	66
  5.1200	71
  5.1400	53
  5.1600	62
  5.1800	55
  5.2000	48
  5.2200	49
  5.2400	59
  5.2600	59
  5.2800	57
  5.3000	42
  5.3200	53
  5.3400	59
  5.3600	36
  5.3800	64
  5.4000	46
  5.4200	43
  5.4400	62
  5.4600	46
  5.4800	48
  5.5000	62
  5.5200	57
  5.5400	46
  5.5600	52
  5.5800	48
  5.6000	51
  5.6200	49
  5.6400	62
  5.6600	68
  5.6800	47
  5.7000	52
  5.7200	54
  5.7400	47
  5.7600	67
  5.7800	52
  5.8000	54
  5.8200	38
  5.8400	41
  5.8600	65
  5.8800	43
  5.9000	57
  5.9200	54
  5.9400	50
  5.9600	57
  5.9800	30
  6.0000	58
  6.0200	54
  6.0400	64
  6.0600	48
  6.0800	42
  6.1000	59
  6.1200	55
  6.1400	41
  6.1600	39
  6.1800	52
  6.2000	51
  6.2200	61
  6.2400	52
  6.2600	53
  6.2800	44
  6.3000	47
  6.3200	51
  6.3400	59
  6.3600	50
  6.3800	53
  6.4000	60
  6.4200	43
  6.4400	49
  6.4600	43
  6.4800	46
  6.5000	49
  6.5200	48
  6.5400	39
  6.5600	47
  6.5800	48
  6.6000	43
  6.6200	51
  6.6400	44
  6.6600	54
  6.6800	54
  6.7000	44
  6.7200	58
  6.7400	28
  6.7600	50
  6.7800	41
  6.8000	43
  6.8200	45
  6.8400	37
  6.8600	40
  6.8800	47
  6.9000	47
  6.9200	37
  6.9400	53
  6.9600	42
  6.9800	44
  7.0000	43
  7.0200	51
  7.0400	44
  7.0600	49
  7.0800	42
  7.1000	33
  7.1200	59
  7.1400	35
  7.1600	52
  7.1800	39
  7.2000	39
  7.2200	53
  7.2400	37
  7.2600	37
  7.2800	41
  7.3000	53
  7.3200	49
  7.3400	46
  7.3600	38
  7.3800	50
  7.4000	36
  7.4200	35
  7.4400	39
  7.4600	38
  7.4800	38
  7.5000	36
  7.5200	35
  7.5400	33
  7.5600	40
  7.5800	50
  7.6000	49
  7.6200	39
  7.6400	37
  7.6600	47
  7.6800	48
  7.7000	37
  7.7200	46
  7.7400	43
  7.7600	48
  7.7800	35
  7.8000	42
  7.8200	44
  7.8400	48
  7.8600	45
  7.8800	30
  7.9000	31
  7.9200	38
  7.9400	43
  7.9600	40
  7.9800	39
  8.0000	52
  8.0200	39
  8.0400	36
  8.0600	37
  8.0800	52
  8.1000	53
  8.1200	42
  8.1400	42
  8.1600	34
  8.1800	31
  8.2000	39
  8.2200	50
  8.2400	40
  8.2600	37
  8.2800	49
  8.3000	37
  8.3200	30
  8.3400	40
  8.3600	38
  8.3800	46
  8.4000	42
  8.4200	45
  8.4400	50
  8.4600	43
  8.4800	39
  8.5000	34
  8.5200	49
  8.5400	45
  8.5600	33
  8.5800	47
  8.6000	47
  8.6200	38
  8.6400	31
  8.6600	46
  8.6800	41
  8.7000	45
  8.7200	36
  8.7400	35
  8.7600	35
  8.7800	40
  8.8000	41
  8.8200	37
  8.8400	39
  8.8600	37
  8.8800	33
  8.9000	31
  8.9200	35
  8.9400	31
  8.9600	34
  8.9800	45
  9.0000	33
  9.0200	33
  9.0400	45
  9.0600	43
  9.0800	33
  9.1000	37
  9.1200	50
  9.1400	27
  9.1600	48
  9.1800	37
  9.2000	50
  9.2200	48
  9.2400	85
  9.2600	184
  9.2800	495
  9.3000	764
  9.3200	823
  9.3400	725
  9.3600	734
  9.3800	675
  9.4000	381
  9.4200	115
  9.4400	89
  9.4600	57
  9.4800	55
  9.5000	57
  9.5200	35
  9.5400	40
  9.5600	39
  9.5800	38
  9.6000	39
  9.6200	32
  9.6400	34
  9.6600	33
  9.6800	36
  9.7000	39
  9.7200	26
  9.7400	38
  9.7600	41
  9.7800	54
  9.8000	46
  9.8200	26
  9.8400	32
  9.8600	35
  9.8800	40
  9.9000	36
  9.9200	40
  9.9400	23
  9.9600	22
  9.9800	35
 10.0000	31
 10.0200	46
 10.0400	37
 10.0600	38
 10.0800	39
 10.1000	39
 10.1200	37
 10.1400	42
 10.1600	44
 10.1800	31
 10.2000	30
 10.2200	37
 10.2400	42
 10.2600	34
 10.2800	33
 10.3000	45
 10.3200	34
 10.3400	42
 10.3600	42
 10.3800	46
 10.4000	29
 10.4200	29
 10.4400	42
 10.4600	33
 10.4800	29
 10.5000	29
 10.5200	31
 10.5400	29
 10.5600	34
 10.5800	43
 10.6000	41
 10.6200	28
 10.6400	29
 10.6600	49
 10.6800	28
 10.7000	35
 10.7200	32
 10.7400	40
 10.7600	34
 10.7800	33
 10.8000	39
 10.8200	34
 10.8400	33
 10.8600	40
 10.8800	36
 10.9000	39
 10.9200	36
 10.9400	38
 10.9600	35
 10.9800	37
 11.0000	31
 11.0200	39
 11.0400	38
 11.0600	32
 11.0800	37
 11.1000	38
 11.1200	29
 11.1400	34
 11.1600	31
 11.1800	23
 11.2000	23
 11.2200	38
 11.2400	29
 11.2600	34
 11.2800	22
 11.3000	34
 11.3200	36
 11.3400	26
 11.3600	32
 11.3800	26
 11.4000	43
 11.4200	32
 11.4400	38
 11.4600	31
 11.4800	22
 11.5000	32
 11.5200	42
 11.5400	38
 11.5600	41
 11.5800	40
 11.6000	25
 11.6200	26
 11.6400	45
 11.6600	30
 11.6800	31
 11.7000	26
 11.7200	27
 11.7400	28
 11.7600	34
 11.7800	27
 11.8000	38
 11.8200	27
 11.8400	36
 11.8600	27
 11.8800	33
 11.9000	37
 11.9200	37
 11.9400	30
 11.9600	36
 11.9800	33
 12.0000	33
 12.0200	37
 12.0400	39
 12.0600	28
 12.0800	36
 12.1000	45
 12.1200	42
 12.1400	35
 12.1600	37
 12.1800	40
 12.2000	39
 12.2200	36
 12.2400	33
 12.2600	47
 12.2800	37
 12.3000	44
 12.3200	45
 12.3400	49
 12.3600	46
 12.3800	52
 12.4000	38
 12.4200	41
 12.4400	49
 12.4600	37
 12.4800	28
 12.5000	37
 12.5200	32
 12.5400	35
 12.5600	46
 12.5800	33
 12.6000	37
 12.6200	34
 12.6400	36
 12.6600	38
 12.6800	28
 12.7000	33
 12.7200	39
 12.7400	33
 12.7600	40
 12.7800	31
 12.8000	25
 12.8200	32
 12.8400	44
 12.8600	28
 12.8800	26
 12.9000	29
 12.9200	33
 12.9400	26
 12.9600	29
 12.9800	33
 13.0000	35
 13.0200	33
 13.0400	37
 13.0600	28
 13.0800	29
 13.1000	34
 13.1200	29
 13.1400	25
 13.1600	28
 13.1800	29
 13.2000	32
 13.2200	36
 13.2400	27
 13.2600	28
 13.2800	38
 13.3000	32
 13.3200	26
 13.3400	20
 13.3600	32
 13.3800	34
 13.4000	38
 13.4200	30
 13.4400	31
 13.4600	37
 13.4800	25
 13.5000	25
 13.5200	26
 13.5400	20
 13.5600	23
 13.5800	32
 13.6000	25
 13.6200	29
 13.6400	29
 13.6600	29
 13.6800	31
 13.7000	31
 13.7200	20
 13.7400	24
 13.7600	25
 13.7800	36
 13.8000	29
 13.8200	32
 13.8400	25
 13.8600	32
 13.8800	28
 13.9000	25
 13.9200	29
 13.9400	40
 13.9600	34
 13.9800	28
 14.0000	27
 14.0200	44
 14.0400	36
 14.0600	22
 14.0800	29
 14.1000	31
 14.1200	23
 14.1400	43
 14.1600	38
 14.1800	28
 14.2000	37
 14.2200	32
 14.2400	45
 14.2600	39
 14.2800	25
 14.3000	33
 14.3200	31
 14.3400	30
 14.3600	41
 14.3800	25
 14.4000	28
 14.4200	33
 14.4400	33
 14.4600	34
 14.4800	31
 14.5000	30
 14.5200	29
 14.5400	33
 14.5600	42
 14.5800	30
 14.6000	35
 14.6200	30
 14.6400	25
 14.6600	31
 14.6800	33
 14.7000	41
 14.7200	33
 14.7400	26
 14.7600	33
 14.7800	33
 14.8000	26
 14.8200	40
 14.8400	31
 14.8600	33
 14.8800	24
 14.9000	37
 14.9200	33
 14.9400	27
 14.9600	26
 14.9800	32
 15.0000	32
 15.0200	41
 15.0400	20
 15.0600	18
 15.0800	33
 15.1000	32
 15.1200	41
 15.1400	32
 15.1600	41
 15.1800	19
 15.2000	32
 15.2200	26
 15.2400	30
 15.2600	29
 15.2800	32
 15.3000	35
 15.3200	30
 15.3400	27
 15.3600	23
 15.3800	22
 15.4000	27
 15.4200	35
 15.4400	27
 15.4600	37
 15.4800	29
 15.5000	31
 15.5200	23
 15.5400	22
 15.5600	22
 15.5800	35
 15.6000	31
 15.6200	34
 15.6400	34
 15.6600	32
 15.6800	28
 15.7000	37
 15.7200	29
 15.7400	34
 15.7600	24
 15.7800	26
 15.8000	48
 15.8200	36
 15.8400	33
 15.8600	16
 15.8800	33
 15.9000	33
 15.9200	28
 15.9400	33
 15.9600	29
 15.9800	32
 16.0000	26
 16.0200	22
 16.0400	33
 16.0600	25
 16.0800	28
 16.1000	40
 16.1200	24
 16.1400	39
 16.1600	27
 16.1800	30
 16.2000	20
 16.2200	34
 16.2400	26
 16.2600	37
 16.2800	23
 16.3000	28
 16.3200	28
 16.3400	23
 16.3600	33
 16.3800	30
 16.4000	21
 16.4200	31
 16.4400	36
 16.4600	30
 16.4800	33
 16.5000	27
 16.5200	28
 16.5400	30
 16.5600	37
 16.5800	37
 16.6000	27
 16.6200	34
 16.6400	30
 16.6600	38
 16.6800	29
 16.7000	27
 16.7200	36
 16.7400	39
 16.7600	38
 16.7800	31
 16.8000	33
 16.8200	30
 16.8400	28
 16.8600	29
 16.8800	21
 16.9000	29
 16.9200	32
 16.9400	31
 16.9600	43
 16.9800	29
 17.0000	39
 17.0200	37
 17.0400	24
 17.0600	22
 17.0800	33
 17.1000	23
 17.1200	33
 17.1400	34
 17.1600	35
 17.1800	28
 17.2000	22
 17.2200	34
 17.2400	27
 17.2600	32
 17.2800	24
 17.3000	30
 17.3200	30
 17.3400	44
 17.3600	34
 17.3800	25
 17.4000	23
 17.4200	24
 17.4400	19
 17.4600	28
 17.4800	30
 17.5000	28
 17.5200	32
 17.5400	34
 17.5600	40
 17.5800	35
 17.6000	33
 17.6200	34
 17.6400	25
 17.6600	30
 17.6800	37
 17.7000	32
 17.7200	27
 17.7400	38
 17.7600	35
 17.7800	31
 17.8000	30
 17.8200	35
 17.8400	27
 17.8600	34
 17.8800	38
 17.9000	22
 17.9200	32
 17.9400	31
 17.9600	28
 17.9800	31
 18.0000	36
 18.0200	35
 18.0400	36
 18.0600	39
 18.0800	31
 18.1000	29
 18.1200	46
 18.1400	42
 18.1600	42
 18.1800	37
 18.2000	40
 18.2200	50
 18.2400	58
 18.2600	45
 18.2800	49
 18.3000	55
 18.3200	49
 18.3400	59
 18.3600	41
 18.3800	65
 18.4000	88
 18.4200	80
 18.4400	102
 18.4600	155
 18.4800	187
 18.5000	280
 18.5200	449
 18.5400	807
 18.5600	1533
 18.5800	6199
 18.6000	21042
 18.6200	29982
 18.6400	33275
 18.6600	34832
 18.6800	34034
 18.7000	25246
 18.7200	10218
 18.7400	2407
 18.7600	740
 18.7800	382
 18.8000	260
 18.8200	172
 18.8400	152
 18.8600	115
 18.8800	105
 18.9000	94
 18.9200	69
 18.9400	66
 18.9600	60
 18.9800	73
 19.0000	53
 19.0200	52
 19.0400	47
 19.0600	42
 19.0800	53
 19.1000	37
 19.1200	44
 19.1400	52
 19.1600	49
 19.1800	56
 19.2000	31
 19.2200	47
 19.2400	35
 19.2600	33
 19.2800	40
 19.3000	29
 19.3200	38
 19.3400	34
 19.3600	28
 19.3800	29
 19.4000	46
 19.4200	27
 19.4400	34
 19.4600	39
 19.4800	34
 19.5000	33
 19.5200	36
 19.5400	30
 19.5600	42
 19.5800	41
 19.6000	29
 19.6200	26
 19.6400	30
 19.6600	25
 19.6800	22
 19.7000	30
 19.7200	34
 19.7400	34
 19.7600	30
 19.7800	33
 19.8000	32
 19.8200	30
 19.8400	41
 19.8600	24
 19.8800	26
 19.9000	40
 19.9200	33
 19.9400	26
 19.9600	22
 19.9800	34
 20.0000	27
 20.0200	31
 20.0400	29
 20.0600	32
 20.0800	25
 20.1000	36
 20.1200	41
 20.1400	28
 20.1600	21
 20.1800	23
 20.2000	31
 20.2200	33
 20.2400	34
 20.2600	33
 20.2800	32
 20.3000	27
 20.3200	28
 20.3400	29
 20.3600	33
 20.3800	42
 20.4000	32
 20.4200	32
 20.4400	35
 20.4600	21
 20.4800	38
 20.5000	32
 20.5200	30
 20.5400	24
 20.5600	39
 20.5800	36
 20.6000	35
 20.6200	30
 20.6400	23
 20.6600	24
 20.6800	25
 20.7000	24
 20.7200	34
 20.7400	22
 20.7600	29
 20.7800	24
 20.8000	26
 20.8200	23
 20.8400	19
 20.8600	31
 20.8800	32
 20.9000	28
 20.9200	20
 20.9400	30
 20.9600	27
 20.9800	28
 21.0000	30
 21.0200	32
 21.0400	25
 21.0600	30
 21.0800	28
 21.1000	33
 21.1200	22
 21.1400	22
 21.1600	33
 21.1800	26
 21.2000	25
 21.2200	36
 21.2400	22
 21.2600	44
 21.2800	29
 21.3000	32
 21.3200	34
 21.3400	36
 21.3600	43
 21.3800	46
 21.4000	56
 21.4200	48
 21.4400	50
 21.4600	58
 21.4800	46
 21.5000	34
 21.5200	23
 21.5400	38
 21.5600	44
 21.5800	33
 21.6000	29
 21.6200	28
 21.6400	25
 21.6600	22
 21.6800	23
 21.7000	20
 21.7200	26
 21.7400	26
 21.7600	27
 21.7800	26
 21.8000	22
 21.8200	37
 21.8400	20
 21.8600	23
 21.8800	26
 21.9000	20
 21.9200	20
 21.9400	20
 21.9600	29
 21.9800	25
 22.0000	24
 22.0200	21
 22.0400	21
 22.0600	32
 22.0800	25
 22.1000	20
 22.1200	21
 22.1400	34
 22.1600	19
 22.1800	32
 22.2000	18
 22.2200	28
 22.2400	18
 22.2600	17
 22.2800	26
 22.3000	27
 22.3200	21
 22.3400	29
 22.3600	18
 22.3800	25
 22.4000	27
 22.4200	36
 22.4400	22
 22.4600	22
 22.4800	25
 22.5000	28
 22.5200	27
 22.5400	20
 22.5600	24
 22.5800	21
 22.6000	25
 22.6200	27
 22.6400	23
 22.6600	22
 22.6800	28
 22.7000	34
 22.7200	20
 22.7400	29
 22.7600	27
 22.7800	25
 22.8000	31
 22.8200	20
 22.8400	25
 22.8600	27
 22.8800	24
 22.9000	18
 22.9200	20
 22.9400	30
 22.9600	18
 22.9800	17
 23.0000	23
 23.0200	27
 23.0400	30
 23.0600	28
 23.0800	26
 23.1000	22
 23.1200	26
 23.1400	28
 23.1600	20
 23.1800	24
 23.2000	17
 23.2200	33
 23.2400	26
 23.2600	19
 23.2800	21
 23.3000	20
 23.3200	27
 23.3400	21
 23.3600	21
 23.3800	31
 23.4000	20
 23.4200	29
 23.4400	24
 23.4600	18
 23.4800	20
 23.5000	19
 23.5200	27
 23.5400	19
 23.5600	16
 23.5800	25
 23.6000	17
 23.6200	19
 23.6400	23
 23.6600	10
 23.6800	29
 23.7000	31
 23.7200	25
 23.7400	26
 23.7600	34
 23.7800	33
 23.8000	25
 23.8200	35
 23.8400	27
 23.8600	27
 23.8800	29
 23.9000	32
 23.9200	19
 23.9400	21
 23.9600	24
 23.9800	19
 24.0000	31
 24.0200	27
 24.0400	21
 24.0600	26
 24.0800	23
 24.1000	22
 24.1200	22
 24.1400	27
 24.1600	19
 24.1800	19
 24.2000	25
 24.2200	21
 24.2400	18
 24.2600	26
 24.2800	26
 24.3000	19
 24.3200	13
 24.3400	26
 24.3600	27
 24.3800	27
 24.4000	16
 24.4200	31
 24.4400	26
 24.4600	20
 24.4800	27
 24.5000	22
 24.5200	20
 24.5400	23
 24.5600	19
 24.5800	17
 24.6000	22
 24.6200	27
 24.6400	20
 24.6600	25
 24.6800	22
 24.7000	21
 24.7200	27
 24.7400	21
 24.7600	26
 24.7800	25
 24.8000	25
 24.8200	36
 24.8400	34
 24.8600	23
 24.8800	27
 24.9000	38
 24.9200	32
 24.9400	35
 24.9600	27
 24.9800	30
 25.0000	26
 25.0200	21
 25.0400	31
 25.0600	20
 25.0800	28
 25.1000	24
 25.1200	23
 25.1400	26
 25.1600	29
 25.1800	25
 25.2000	25
 25.2200	26
 25.2400	28
 25.2600	19
 25.2800	24
 25.3000	19
 25.3200	24
 25.3400	24
 25.3600	27
 25.3800	20
 25.4000	20
 25.4200	22
 25.4400	20
 25.4600	15
 25.4800	20
 25.5000	25
 25.5200	25
 25.5400	18
 25.5600	20
 25.5800	14
 25.6000	22
 25.6200	25
 25.6400	16
 25.6600	21
 25.6800	18
 25.7000	20
 25.7200	27
 25.7400	29
 25.7600	23
 25.7800	21
 25.8000	15
 25.8200	25
 25.8400	16
 25.8600	19
 25.8800	16
 25.9000	15
 25.9200	16
 25.9400	20
 25.9600	18
 25.9800	24
 26.0000	32
 26.0200	17
 26.0400	16
 26.0600	19
 26.0800	15
 26.1000	19
 26.1200	31
 26.1400	23
 26.1600	21
 26.1800	20
 26.2000	24
 26.2200	28
 26.2400	18
 26.2600	23
 26.2800	25
 26.3000	12
 26.3200	23
 26.3400	18
 26.3600	24
 26.3800	26
 26.4000	18
 26.4200	24
 26.4400	18
 26.4600	21
 26.4800	22
 26.5000	26
 26.5200	21
 26.5400	20
 26.5600	19
 26.5800	21
 26.6000	30
 26.6200	19
 26.6400	17
 26.6600	31
 26.6800	28
 26.7000	25
 26.7200	21
 26.7400	16
 26.7600	30
 26.7800	20
 26.8000	17
 26.8200	17
 26.8400	20
 26.8600	17
 26.8800	20
 26.9000	34
 26.9200	24
 26.9400	26
 26.9600	26
 26.9800	17
 27.0000	19
 27.0200	17
 27.0400	25
 27.0600	19
 27.0800	21
 27.1000	19
 27.1200	21
 27.1400	25
 27.1600	16
 27.1800	21
 27.2000	34
 27.2200	37
 27.2400	28
 27.2600	19
 27.2800	15
 27.3000	20
 27.3200	25
 27.3400	27
 27.3600	35
 27.3800	19
 27.4000	21
 27.4200	21
 27.4400	27
 27.4600	22
 27.4800	20
 27.5000	23
 27.5200	19
 27.5400	34
 27.5600	26
 27.5800	26
 27.6000	24
 27.6200	16
 27.6400	23
 27.6600	26
 27.6800	31
 27.7000	24
 27.7200	20
 27.7400	19
 27.7600	16
 27.7800	19
 27.8000	18
 27.8200	23
 27.8400	26
 27.8600	33
 27.8800	45
 27.9000	40
 27.9200	52
 27.9400	70
 27.9600	91
 27.9800	150
 28.0000	551
 28.0200	2267
 28.0400	4817
 28.0600	6924
 28.0800	8678
 28.1000	9225
 28.1200	8797
 28.1400	7094
 28.1600	3615
 28.1800	1796
 28.2000	458
 28.2200	154
 28.2400	67
 28.2600	47
 28.2800	38
 28.3000	39
 28.3200	35
 28.3400	34
 28.3600	23
 28.3800	35
 28.4000	21
 28.4200	19
 28.4400	23
 28.4600	18
 28.4800	27
 28.5000	30
 28.5200	21
 28.5400	22
 28.5600	18
 28.5800	32
 28.6000	27
 28.6200	25
 28.6400	16
 28.6600	24
 28.6800	11
 28.7000	21
 28.7200	23
 28.7400	24
 28.7600	17
 28.7800	16
 28.8000	16
 28.8200	17
 28.8400	18
 28.8600	13
 28.8800	17
 28.9000	24
 28.9200	15
 28.9400	15
 28.9600	18
 28.9800	23
 29.0000	20
 29.0200	13
 29.0400	20
 29.0600	25
 29.0800	23
 29.1000	19
 29.1200	22
 29.1400	22
 29.1600	25
 29.1800	14
 29.2000	14
 29.2200	14
 29.2400	17
 29.2600	29
 29.2800	20
 29.3000	19
 29.3200	18
 29.3400	15
 29.3600	17
 29.3800	12
 29.4000	21
 29.4200	21
 29.4400	28
 29.4600	28
 29.4800	22
 29.5000	17
 29.5200	17
 29.5400	21
 29.5600	19
 29.5800	9
 29.6000	17
 29.6200	13
 29.6400	14
 29.6600	16
 29.6800	18
 29.7000	13
 29.7200	16
 29.7400	18
 29.7600	22
 29.7800	22
 29.8000	25
 29.8200	14
 29.8400	14
 29.8600	18
 29.8800	15
 29.9000	16
 29.9200	23
 29.9400	14
 29.9600	24
 29.9800	13
 30.0000	11
 30.0200	21
 30.0400	11
 30.0600	15
 30.0800	24
 30.1000	17
 30.1200	22
 30.1400	15
 30.1600	13
 30.1800	15
 30.2000	15
 30.2200	15
 30.2400	20
 30.2600	23
 30.2800	13
 30.3000	15
 30.3200	14
 30.3400	14
 30.3600	21
 30.3800	18
 30.4000	21
 30.4200	9
 30.4400	13
 30.4600	16
 30.4800	14
 30.5000	11
 30.5200	21
 30.5400	11
 30.5600	17
 30.5800	13
 30.6000	17
 30.6200	18
 30.6400	19
 30.6600	16
 30.6800	13
 30.7000	19
 30.7200	23
 30.7400	18
 30.7600	19
 30.7800	15
 30.8000	9
 30.8200	17
 30.8400	13
 30.8600	18
 30.8800	21
 30.9000	17
 30.9200	16
 30.9400	24
 30.9600	11
 30.9800	23
 31.0000	12
 31.0200	22
 31.0400	12
 31.0600	15
 31.0800	16
 31.1000	20
 31.1200	17
 31.1400	16
 31.1600	18
 31.1800	13
 31.2000	11
 31.2200	19
 31.2400	24
 31.2600	19
 31.2800	9
 31.3000	18
 31.3200	17
 31.3400	22
 31.3600	15
 31.3800	19
 31.4000	28
 31.4200	16
 31.4400	14
 31.4600	21
 31.4800	14
 31.5000	17
 31.5200	23
 31.5400	23
 31.5600	21
 31.5800	13
 31.6000	7
 31.6200	16
 31.6400	20
 31.6600	19
 31.6800	18
 31.7000	13
 31.7200	17
 31.7400	16
 31.7600	15
 31.7800	9
 31.8000	14
 31.8200	21
 31.8400	15
 31.8600	13
 31.8800	17
 31.9000	16
 31.9200	21
 31.9400	23
 31.9600	15
 31.9800	12
 32.0000	20
 32.0200	19
 32.0400	14
 32.0600	15
 32.0800	10
 32.1000	17
 32.1200	15
 32.1400	14
 32.1600	10
 32.1800	16
 32.2000	16
 32.2200	20
 32.2400	12
 32.2600	16
 32.2800	20
 32.3000	12
 32.3200	13
 32.3400	16
 32.3600	15
 32.3800	23
 32.4000	12
 32.4200	16
 32.4400	22
 32.4600	19
 32.4800	19
 32.5000	11
 32.5200	15
 32.5400	22
 32.5600	13
 32.5800	15
 32.6000	22
 32.6200	18
 32.6400	12
 32.6600	16
 32.6800	12
 32.7000	22
 32.7200	13
 32.7400	22
 32.7600	16
 32.7800	15
 32.8000	6
 32.8200	20
 32.8400	11
 32.8600	16
 32.8800	7
 32.9000	8
 32.9200	14
 32.9400	17
 32.9600	11
 32.9800	12
 33.0000	24
 33.0200	20
 33.0400	20
 33.0600	16
 33.0800	15
 33.1000	20
 33.1200	11
 33.1400	16
 33.1600	17
 33.1800	11
 33.2000	14
 33.2200	11
 33.2400	14
 33.2600	16
 33.2800	15
 33.3000	15
 33.3200	13
 33.3400	26
 33.3600	12
 33.3800	17
 33.4000	10
 33.4200	16
 33.4400	14
 33.4600	11
 33.4800	15
 33.5000	19
 33.5200	17
 33.5400	13
 33.5600	18
 33.5800	9
 33.6000	15
 33.6200	7
 33.6400	9
 33.6600	13
 33.6800	11
 33.7000	12
 33.7200	16
 33.7400	9
 33.7600	22
 33.7800	11
 33.8000	15
 33.8200	21
 33.8400	17
 33.8600	18
 33.8800	13
 33.9000	12
 33.9200	16
 33.9400	14
 33.9600	14
 33.9800	17
 34.0000	23
 34.0200	13
 34.0400	11
 34.0600	9
 34.0800	12
 34.1000	17
 34.1200	10
 34.1400	10
 34.1600	12
 34.1800	14
 34.2000	14
 34.2200	13
 34.2400	13
 34.2600	13
 34.2800	19
 34.3000	14
 34.3200	16
 34.3400	23
 34.3600	22
 34.3800	13
 34.4000	16
 34.4200	13
 34.4400	16
 34.4600	19
 34.4800	16
 34.5000	10
 34.5200	11
 34.5400	15
 34.5600	24
 34.5800	11
 34.6000	14
 34.6200	17
 34.6400	18
 34.6600	14
 34.6800	15
 34.7000	16
 34.7200	19
 34.7400	12
 34.7600	16
 34.7800	19
 34.8000	16
 34.8200	7
 34.8400	16
 34.8600	15
 34.8800	15
 34.9000	22
 34.9200	16
 34.9400	15
 34.9600	15
 34.9800	12
 35.0000	15
 35.0200	10
 35.0400	14
 35.0600	19
 35.0800	10
 35.1000	11
 35.1200	20
 35.1400	25
 35.1600	12
 35.1800	13
 35.2000	16
 35.2200	10
 35.2400	13
 35.2600	17
 35.2800	10
 35.3000	12
 35.3200	13
 35.3400	17
 35.3600	15
 35.3800	12
 35.4000	13
 35.4200	16
 35.4400	16
 35.4600	18
 35.4800	15
 35.5000	23
 35.5200	14
 35.5400	15
 35.5600	20
 35.5800	10
 35.6000	9
 35.6200	17
 35.6400	17
 35.6600	16
 35.6800	19
 35.7000	12
 35.7200	12
 35.7400	9
 35.7600	18
 35.7800	12
 35.8000	12
 35.8200	15
 35.8400	12
 35.8600	16
 35.8800	15
 35.9000	15
 35.9200	15
 35.9400	16
 35.9600	15
 35.9800	15
 36.0000	13
 36.0200	16
 36.0400	23
 36.0600	14
 36.0800	8
 36.1000	16
 36.1200	14
 36.1400	17
 36.1600	16
 36.1800	12
 36.2000	14
 36.2200	16
 36.2400	18
 36.2600	9
 36.2800	19
 36.3000	11
 36.3200	8
 36.3400	14
 36.3600	15
 36.3800	11
 36.4000	15
 36.4200	11
 36.4400	9
 36.4600	8
 36.4800	11
 36.5000	8
 36.5200	19
 36.5400	11
 36.5600	12
 36.5800	18
 36.6000	15
 36.6200	14
 36.6400	13
 36.6600	15
 36.6800	20
 36.7000	19
 36.7200	16
 36.7400	10
 36.7600	8
 36.7800	13
 36.8000	25
 36.8200	8
 36.8400	9
 36.8600	8
 36.8800	17
 36.9000	14
 36.9200	10
 36.9400	15
 36.9600	7
 36.9800	12
 37.0000	17
 37.0200	15
 37.0400	13
 37.0600	21
 37.0800	14
 37.1000	15
 37.1200	11
 37.1400	22
 37.1600	15
 37.1800	11
 37.2000	14
 37.2200	9
 37.2400	12
 37.2600	10
 37.2800	13
 37.3000	15
 37.3200	9
 37.3400	16
 37.3600	9
 37.3800	9
 37.4000	18
 37.4200	11
 37.4400	7
 37.4600	22
 37.4800	10
 37.5000	25
 37.5200	25
 37.5400	18
 37.5600	16
 37.5800	27
 37.6000	38
 37.6200	105
 37.6400	838
 37.6600	1827
 37.6800	2429
 37.7000	3216
 37.7200	3694
 37.7400	4313
 37.7600	4003
 37.7800	3083
 37.8000	1953
 37.8200	1258
 37.8400	641
 37.8600	249
 37.8800	80
 37.9000	40
 37.9200	37
 37.9400	28
 37.9600	18
 37.9800	15
 38.0000	23
 38.0200	18
 38.0400	18
 38.0600	10
 38.0800	4
 38.1000	13
 38.1200	8
 38.1400	10
 38.1600	16
 38.1800	15
 38.2000	18
 38.2200	14
 38.2400	12
 38.2600	19
 38.2800	8
 38.3000	15
 38.3200	15
 38.3400	14
 38.3600	20
 38.3800	18
 38.4000	22
 38.4200	11
 38.4400	20
 38.4600	19
 38.4800	14
 38.5000	24
 38.5200	11
 38.5400	18
 38.5600	19
 38.5800	19
 38.6000	13
 38.6200	13
 38.6400	20
 38.6600	16
 38.6800	15
 38.7000	17
 38.7200	13
 38.7400	4
 38.7600	10
 38.7800	15
 38.8000	14
 38.8200	9
 38.8400	9
 38.8600	10
 38.8800	6
 38.9000	12
 38.9200	10
 38.9400	14
 38.9600	12
 38.9800	14
 39.0000	10
 39.0200	17
 39.0400	11
 39.0600	11
 39.0800	7
 39.1000	9
 39.1200	14
 39.1400	17
 39.1600	19
 39.1800	13
 39.2000	12
 39.2200	10
 39.2400	18
 39.2600	13
 39.2800	15
 39.3000	18
 39.3200	11
 39.3400	13
 39.3600	15
 39.3800	16
 39.4000	11
 39.4200	14
 39.4400	11
 39.4600	16
 39.4800	11
 39.5000	19
 39.5200	7
 39.5400	9
 39.5600	5
 39.5800	6
 39.6000	16
 39.6200	10
 39.6400	14
 39.6600	10
 39.6800	14
 39.7000	9
 39.7200	12
 39.7400	16
 39.7600	13
 39.7800	11
 39.8000	9
 39.8200	8
 39.8400	14
 39.8600	9
 39.8800	14
 39.9000	15
 39.9200	11
 39.9400	9
 39.9600	19
 39.9800	11
 40.0000	11
 40.0200	17
 40.0400	8
 40.0600	18
 40.0800	8
 40.1000	11
 40.1200	12
 40.1400	13
 40.1600	10
 40.1800	10
 40.2000	8
 40.2200	12
 40.2400	10
 40.2600	14
 40.2800	19
 40.3000	13
 40.3200	13
 40.3400	15
 40.3600	7
 40.3800	16
 40.4000	7
 40.4200	10
 40.4400	9
 40.4600	8
 40.4800	14
 40.5000	17
 40.5200	8
 40.5400	10
 40.5600	9
 40.5800	13
 40.6000	11
 40.6200	19
 40.6400	11
 40.6600	17
 40.6800	11
 40.7000	15
 40.7200	11
 40.7400	7
 40.7600	13
 40.7800	14
 40.8000	12
 40.8200	14
 40.8400	5
 40.8600	7
 40.8800	4
 40.9000	7
 40.9200	7
 40.9400	17
 40.9600	13
 40.9800	12
 41.0000	10
 41.0200	11
 41.0400	9
 41.0600	9
 41.0800	11
 41.1000	11
 41.1200	20
 41.1400	13
 41.1600	12
 41.1800	7
 41.2000	14
 41.2200	10
 41.2400	12
 41.2600	10
 41.2800	9
 41.3000	15
 41.3200	8
 41.3400	9
 41.3600	15
 41.3800	17
 41.4000	12
 41.4200	11
 41.4400	12
 41.4600	9
 41.4800	12
 41.5000	6
 41.5200	9
 41.5400	11
 41.5600	7
 41.5800	8
 41.6000	11
 41.6200	12
 41.6400	14
 41.6600	8
 41.6800	10
 41.7000	6
 41.7200	8
 41.7400	8
 41.7600	8
 41.7800	6
 41.8000	8
 41.8200	8
 41.8400	12
 41.8600	15
 41.8800	7
 41.9000	6
 41.9200	7
 41.9400	13
 41.9600	11
 41.9800	11
 42.0000	8
 42.0200	9
 42.0400	13
 42.0600	13
 42.0800	11
 42.1000	18
 42.1200	10
 42.1400	7
 42.1600	5
 42.1800	13
 42.2000	6
 42.2200	7
 42.2400	11
 42.2600	8
 42.2800	12
 42.3000	8
 42.3200	7
 42.3400	10
 42.3600	11
 42.3800	12
 42.4000	14
 42.4200	11
 42.4400	9
 42.4600	10
 42.4800	10
 42.5000	6
 42.5200	8
 42.5400	13
 42.5600	7
 42.5800	6
 42.6000	9
 42.6200	12
 42.6400	14
 42.6600	10
 42.6800	6
 42.7000	9
 42.7200	12
 42.7400	11
 42.7600	10
 42.7800	16
 42.8000	22
 42.8200	6
 42.8400	8
 42.8600	12
 42.8800	6
 42.9000	9
 42.9200	10
 42.9400	9
 42.9600	11
 42.9800	8
 43.0000	14
 43.0200	14
 43.0400	12
 43.0600	12
 43.0800	12
 43.1000	12
 43.1200	18
 43.1400	12
 43.1600	12
 43.1800	14
 43.2000	16
 43.2200	6
 43.2400	15
 43.2600	14
 43.2800	4
 43.3000	11
 43.3200	12
 43.3400	8
 43.3600	12
 43.3800	14
 43.4000	14
 43.4200	13
 43.4400	6
 43.4600	9
 43.4800	9
 43.5000	18
 43.5200	13
 43.5400	11
 43.5600	10
 43.5800	12
 43.6000	10
 43.6200	16
 43.6400	13
 43.6600	12
 43.6800	5
 43.7000	13
 43.7200	11
 43.7400	11
 43.7600	13
 43.7800	18
 43.8000	11
 43.8200	10
 43.8400	20
 43.8600	8
 43.8800	6
 43.9000	17
 43.9200	10
 43.9400	19
 43.9600	16
 43.9800	7
 44.0000	9
 44.0200	11
 44.0400	16
 44.0600	14
 44.0800	10
 44.1000	12
 44.1200	10
 44.1400	11
 44.1600	15
 44.1800	12
 44.2000	9
 44.2200	8
 44.2400	13
 44.2600	11
 44.2800	5
 44.3000	7
 44.3200	9
 44.3400	11
 44.3600	11
 44.3800	10
 44.4000	7
 44.4200	9
 44.4400	9
 44.4600	6
 44.4800	17
 44.5000	7
 44.5200	11
 44.5400	13
 44.5600	14
 44.5800	5
 44.6000	12
 44.6200	9
 44.6400	8
 44.6600	10
 44.6800	7
 44.7000	11
 44.7200	10
 44.7400	12
 44.7600	8
 44.7800	14
 44.8000	7
 44.8200	8
 44.8400	8
 44.8600	7
 44.8800	17
 44.9000	10
 44.9200	15
 44.9400	7
 44.9600	14
 44.9800	20
 45.0000	13
 45.0200	7
 45.0400	10
 45.0600	12
 45.0800	7
 45.1000	9
 45.1200	6
 45.1400	15
 45.1600	15
 45.1800	17
 45.2000	11
 45.2200	6
 45.2400	20
 45.2600	8
 45.2800	11
 45.3000	14
 45.3200	12
 45.3400	13
 45.3600	13
 45.3800	16
 45.4000	6
 45.4200	17
 45.4400	16
 45.4600	14
 45.4800	23
 45.5000	19
 45.5200	14
 45.5400	10
 45.5600	11
 45.5800	14
 45.6000	15
 45.6200	16
 45.6400	8
 45.6600	20
 45.6800	10
 45.7000	15
 45.7200	19
 45.7400	20
 45.7600	21
 45.7800	10
 45.8000	23
 45.8200	5
 45.8400	10
 45.8600	16
 45.8800	13
 45.9000	10
 45.9200	18
 45.9400	20
 45.9600	15
 45.9800	19
 46.0000	16
 46.0200	15
 46.0400	23
 46.0600	18
 46.0800	13
 46.1000	16
 46.1200	19
 46.1400	11
 46.1600	16
 46.1800	12
 46.2000	25
 46.2200	21
 46.2400	17
 46.2600	19
 46.2800	22
 46.3000	20
 46.3200	22
 46.3400	16
 46.3600	26
 46.3800	14
 46.4000	14
 46.4200	16
 46.4400	20
 46.4600	22
 46.4800	15
 46.5000	24
 46.5200	18
 46.5400	16
 46.5600	24
 46.5800	30
 46.6000	23
 46.6200	23
 46.6400	34
 46.6600	32
 46.6800	26
 46.7000	31
 46.7200	28
 46.7400	20
 46.7600	33
 46.7800	32
 46.8000	35
 46.8200	37
 46.8400	45
 46.8600	37
 46.8800	31
 46.9000	49
 46.9200	31
 46.9400	58
 46.9600	49
 46.9800	63
 47.0000	38
 47.0200	64
 47.0400	50
 47.0600	57
 47.0800	70
 47.1000	57
 47.1200	51
 47.1400	74
 47.1600	81
 47.1800	81
 47.2000	90
 47.2200	88
 47.2400	92
 47.2600	123
 47.2800	111
 47.3000	139
 47.3200	142
 47.3400	200
 47.3600	194
 47.3800	242
 47.4000	266
 47.4200	326
 47.4400	418
 47.4600	530
 47.4800	648
 47.5000	886
 47.5200	1328
 47.5400	3397
 47.5600	19994
 47.5800	53492
 47.6000	77083
 47.6200	98406
 47.6400	119558
 47.6600	131248
 47.6800	129300
 47.7000	107236
 47.7200	79539
 47.7400	52527
 47.7600	33219
 47.7800	20135
 47.8000	9774
 47.8200	4024
 47.8400	1728
 47.8600	1017
 47.8800	661
 47.9000	449
 47.9200	340
 47.9400	280
 47.9600	201
 47.9800	166
 48.0000	155
 48.0200	142
 48.0400	138
 48.0600	94
 48.0800	91
 48.1000	89
 48.1200	82
 48.1400	71
 48.1600	70
 48.1800	65
 48.2000	73
 48.2200	59
 48.2400	45
 48.2600	59
 48.2800	52
 48.3000	41
 48.3200	52
 48.3400	46
 48.3600	49
 48.3800	36
 48.4000	41
 48.4200	40
 48.4400	46
 48.4600	33
 48.4800	44
 48.5000	29
 48.5200	36
 48.5400	34
 48.5600	39
 48.5800	36
 48.6000	30
 48.6200	24
 48.6400	26
 48.6600	25
 48.6800	21
 48.7000	32
 48.7200	23
 48.7400	18
 48.7600	30
 48.7800	37
 48.8000	18
 48.8200	29
 48.8400	21
 48.8600	24
 48.8800	23
 48.9000	23
 48.9200	24
 48.9400	19
 48.9600	25
 48.9800	19
 49.0000	29
 49.0200	14
 49.0400	20
 49.0600	19
 49.0800	16
 49.1000	17
 49.1200	16
 49.1400	27
 49.1600	16
 49.1800	28
 49.2000	18
 49.2200	18
 49.2400	19
 49.2600	25
 49.2800	22
 49.3000	18
 49.3200	21
 49.3400	17
 49.3600	15
 49.3800	16
 49.4000	17
 49.4200	21
 49.4400	26
 49.4600	22
 49.4800	14
 49.5000	8
 49.5200	17
 49.5400	13
 49.5600	23
 49.5800	15
 49.6000	18
 49.6200	8
 49.6400	16
 49.6600	17
 49.6800	18
 49.7000	11
 49.7200	12
 49.7400	20
 49.7600	18
 49.7800	12
 49.8000	10
 49.8200	9
 49.8400	12
 49.8600	10
 49.8800	8
 49.9000	9
 49.9200	14
 49.9400	8
 49.9600	10
 49.9800	9
 50.0000	10
 50.0200	9
 50.0400	13
 50.0600	13
 50.0800	12
 50.1000	15
 50.1200	10
 50.1400	17
 50.1600	5
 50.1800	16
 50.2000	13
 50.2200	6
 50.2400	9
 50.2600	7
 50.2800	16
 50.3000	10
 50.3200	9
 50.3400	13
 50.3600	13
 50.3800	7
 50.4000	13
 50.4200	13
 50.4400	11
 50.4600	19
 50.4800	12
 50.5000	15
 50.5200	9
 50.5400	11
 50.5600	2
 50.5800	9
 50.6000	15
 50.6200	15
 50.6400	9
 50.6600	11
 50.6800	11
 50.7000	13
 50.7200	7
 50.7400	6
 50.7600	11
 50.7800	9
 50.8000	12
 50.8200	10
 50.8400	13
 50.8600	12
 50.8800	11
 50.9000	11
 50.9200	11
 50.9400	9
 50.9600	9
 50.9800	12
 51.0000	7
 51.0200	13
 51.0400	9
 51.0600	10
 51.0800	15
 51.1000	14
 51.1200	10
 51.1400	11
 51.1600	9
 51.1800	6
 51.2000	9
 51.2200	10
 51.2400	15
 51.2600	10
 51.2800	8
 51.3000	10
 51.3200	10
 51.3400	7
 51.3600	10
 51.3800	4
 51.4000	10
 51.4200	9
 51.4400	4
 51.4600	17
 51.4800	5
 51.5000	5
 51.5200	11
 51.5400	8
 51.5600	4
 51.5800	12
 51.6000	16
 51.6200	11
 51.6400	8
 51.6600	9
 51.6800	9
 51.7000	14
 51.7200	7
 51.7400	7
 51.7600	9
 51.7800	13
 51.8000	7
 51.8200	6
 51.8400	15
 51.8600	9
 51.8800	8
 51.9000	7
 51.9200	6
 51.9400	9
 51.9600	9
 51.9800	12
 52.0000	9
 52.0200	7
 52.0400	5
 52.0600	9
 52.0800	13
 52.1000	11
 52.1200	8
 52.1400	10
 52.1600	7
 52.1800	6
 52.2000	1
 52.2200	3
 52.2400	8
 52.2600	7
 52.2800	5
 52.3000	8
 52.3200	10
 52.3400	5
 52.3600	10
 52.3800	8
 52.4000	4
 52.4200	13
 52.4400	10
 52.4600	7
 52.4800	5
 52.5000	13
 52.5200	11
 52.5400	9
 52.5600	9
 52.5800	6
 52.6000	4
 52.6200	7
 52.6400	9
 52.6600	6
 52.6800	8
 52.7000	5
 52.7200	6
 52.7400	12
 52.7600	9
 52.7800	11
 52.8000	12
 52.8200	14
 52.8400	5
 52.8600	9
 52.8800	7
 52.9000	6
 52.9200	10
 52.9400	6
 52.9600	8
 52.9800	9
 53.0000	10
 53.0200	3
 53.0400	6
 53.0600	12
 53.0800	7
 53.1000	6
 53.1200	12
 53.1400	17
 53.1600	11
 53.1800	8
 53.2000	6
 53.2200	6
 53.2400	9
 53.2600	4
 53.2800	9
 53.3000	9
 53.3200	4
 53.3400	9
 53.3600	6
 53.3800	9
 53.4000	9
 53.4200	9
 53.4400	8
 53.4600	6
 53.4800	8
 53.5000	3
 53.5200	8
 53.5400	5
 53.5600	7
 53.5800	8
 53.6000	5
 53.6200	8
 53.6400	10
 53.6600	4
 53.6800	10
 53.7000	6
 53.7200	11
 53.7400	0
 53.7600	3
 53.7800	5
 53.8000	4
 53.8200	6
 53.8400	6
 53.8600	8
 53.8800	9
 53.9000	9
 53.9200	2
 53.9400	6
 53.9600	8
 53.9800	6
 54.0000	5
 54.0200	10
 54.0400	4
 54.0600	12
 54.0800	5
 54.1000	9
 54.1200	7
 54.1400	10
 54.1600	5
 54.1800	7
 54.2000	9
 54.2200	7
 54.2400	14
 54.2600	6
 54.2800	5
 54.3000	4
 54.3200	3
 54.3400	9
 54.3600	5
 54.3800	8
 54.4000	6
 54.4200	5
 54.4400	6
 54.4600	5
 54.4800	6
 54.5000	7
 54.5200	2
 54.5400	5
 54.5600	8
 54.5800	3
 54.6000	4
 54.6200	4
 54.6400	6
 54.6600	9
 54.6800	5
 54.7000	7
 54.7200	11
 54.7400	13
 54.7600	8
 54.7800	11
 54.8000	10
 54.8200	7
 54.8400	8
 54.8600	11
 54.8800	9
 54.9000	9
 54.9200	3
 54.9400	5
 54.9600	9
 54.9800	11
 55.0000	11
 55.0200	11
 55.0400	12
 55.0600	13
 55.0800	7
 55.1000	7
 55.1200	9
 55.1400	9
 55.1600	8
 55.1800	17
 55.2000	7
 55.2200	6
 55.2400	16
 55.2600	9
 55.2800	10
 55.3000	9
 55.3200	12
 55.3400	6
 55.3600	4
 55.3800	8
 55.4000	7
 55.4200	10
 55.4400	7
 55.4600	8
 55.4800	6
 55.5000	8
 55.5200	5
 55.5400	7
 55.5600	13
 55.5800	7
 55.6000	7
 55.6200	6
 55.6400	8
 55.6600	12
 55.6800	14
 55.7000	4
 55.7200	14
 55.7400	6
 55.7600	10
 55.7800	5
 55.8000	6
 55.8200	11
 55.8400	4
 55.8600	10
 55.8800	10
 55.9000	8
 55.9200	12
 55.9400	7
 55.9600	6
 55.9800	5
 56.0000	3
 56.0200	5
 56.0400	6
 56.0600	6
 56.0800	6
 56.1000	11
 56.1200	5
 56.1400	9
 56.1600	6
 56.1800	5
 56.2000	11
 56.2200	9
 56.2400	6
 56.2600	7
 56.2800	11
 56.3000	9
 56.3200	7
 56.3400	5
 56.3600	7
 56.3800	12
 56.4000	6
 56.4200	10
 56.4400	9
 56.4600	15
 56.4800	12
 56.5000	6
 56.5200	12
 56.5400	8
 56.5600	7
 56.5800	10
 56.6000	6
 56.6200	4
 56.6400	9
 56.6600	12
 56.6800	11
 56.7000	6
 56.7200	12
 56.7400	11
 56.7600	16
 56.7800	12
 56.8000	13
 56.8200	14
 56.8400	11
 56.8600	12
 56.8800	16
 56.9000	12
 56.9200	7
 56.9400	10
 56.9600	13
 56.9800	12
 57.0000	11
 57.0200	15
 57.0400	10
 57.0600	10
 57.0800	14
 57.1000	15
 57.1200	6
 57.1400	14
 57.1600	13
 57.1800	14
 57.2000	13
 57.2200	7
 57.2400	8
 57.2600	9
 57.2800	8
 57.3000	13
 57.3200	12
 57.3400	14
 57.3600	17
 57.3800	21
 57.4000	14
 57.4200	15
 57.4400	11
 57.4600	13
 57.4800	15
 57.5000	21
 57.5200	22
 57.5400	21
 57.5600	18
 57.5800	16
 57.6000	16
 57.6200	22
 57.6400	28
 57.6600	36
 57.6800	21
 57.7000	39
 57.7200	49
 57.7400	69
 57.7600	56
 57.7800	96
 57.8000	96
 57.8200	133
 57.8400	237
 57.8600	729
 57.8800	3784
 57.9000	9241
 57.9200	13757
 57.9400	17993
 57.9600	22014
 57.9800	23489
 58.0000	21277
 58.0200	17605
 58.0400	13895
 58.0600	9979
 58.0800	6433
 58.1000	4109
 58.1200	2597
 58.1400	1313
 58.1600	635
 58.1800	213
 58.2000	143
 58.2200	71
 58.2400	55
 58.2600	49
 58.2800	41
 58.3000	33
 58.3200	34
 58.3400	22
 58.3600	19
 58.3800	18
 58.4000	26
 58.4200	15
 58.4400	16
 58.4600	15
 58.4800	19
 58.5000	12
 58.5200	12
 58.5400	10
 58.5600	7
 58.5800	10
 58.6000	12
 58.6200	10
 58.6400	8
 58.6600	13
 58.6800	9
 58.7000	6
 58.7200	5
 58.7400	6
 58.7600	9
 58.7800	7
 58.8000	6
 58.8200	7
 58.8400	12
 58.8600	9
 58.8800	7
 58.9000	7
 58.9200	13
 58.9400	9
 58.9600	13
 58.9800	5
 59.0000	6
 59.0200	7
 59.0400	8
 59.0600	10
 59.0800	7
 59.1000	7
 59.1200	6
 59.1400	8
 59.1600	11
 59.1800	7
 59.2000	6
 59.2200	11
 59.2400	7
 59.2600	6
 59.2800	6
 59.3000	4
 59.3200	9
 59.3400	11
 59.3600	6
 59.3800	3
 59.4000	6
 59.4200	6
 59.4400	10
 59.4600	13
 59.4800	7
 59.5000	5
 59.5200	6
 59.5400	7
 59.5600	4
 59.5800	8
 59.6000	3
 59.6200	4
 59.6400	6
 59.6600	8
 59.6800	9
 59.7000	5
 59.7200	4
 59.7400	4
 59.7600	5
 59.7800	4
 59.8000	10
 59.8200	8
 59.8400	5
 59.8600	5
 59.8800	5
 59.9000	9
 59.9200	7
 59.9400	2
 59.9600	7
 59.9800	5
 60.0000	3
 60.0200	5
 60.0400	5
 60.0600	5
 60.0800	5
 60.1000	6
 60.1200	6
 60.1400	2
 60.1600	2
 60.1800	5
 60.2000	5
 60.2200	3
 60.2400	5
 60.2600	10
 60.2800	6
 60.3000	6
 60.3200	8
 60.3400	6
 60.3600	4
 60.3800	0
 60.4000	2
 60.4200	4
 60.4400	7
 60.4600	9
 60.4800	8
 60.5000	5
 60.5200	4
 60.5400	8
 60.5600	3
 60.5800	7
 60.6000	5
 60.6200	5
 60.6400	4
 60.6600	4
 60.6800	7
 60.7000	3
 60.7200	5
 60.7400	4
 60.7600	7
 60.7800	10
 60.8000	4
 60.8200	5
 60.8400	7
 60.8600	5
 60.8800	5
 60.9000	5
 60.9200	5
 60.9400	6
 60.9600	2
 60.9800	4
 61.0000	7
 61.0200	7
 61.0400	4
 61.0600	7
 61.0800	4
 61.1000	6
 61.1200	5
 61.1400	1
 61.1600	3
 61.1800	4
 61.2000	2
 61.2200	10
 61.2400	5
 61.2600	4
 61.2800	4
 61.3000	2
 61.3200	8
 61.3400	4
 61.3600	4
 61.3800	7
 61.4000	8
 61.4200	6
 61.4400	4
 61.4600	2
 61.4800	3
 61.5000	11
 61.5200	1
 61.5400	6
 61.5600	10
 61.5800	4
 61.6000	1
 61.6200	2
 61.6400	5
 61.6600	4
 61.6800	9
 61.7000	3
 61.7200	4
 61.7400	3
 61.7600	7
 61.7800	3
 61.8000	4
 61.8200	5
 61.8400	5
 61.8600	9
 61.8800	1
 61.9000	7
 61.9200	6
 61.9400	5
 61.9600	10
 61.9800	7
 62.0000	6
 62.0200	2
 62.0400	2
 62.0600	6
 62.0800	2
 62.1000	7
 62.1200	4
 62.1400	4
 62.1600	5
 62.1800	3
 62.2000	5
 62.2200	8
 62.2400	7
 62.2600	7
 62.2800	3
 62.3000	5
 62.3200	4
 62.3400	3
 62.3600	5
 62.3800	4
 62.4000	6
 62.4200	8
 62.4400	7
 62.4600	12
 62.4800	3
 62.5000	4
 62.5200	2
 62.5400	3
 62.5600	4
 62.5800	4
 62.6000	7
 62.6200	6
 62.6400	4
 62.6600	1
 62.6800	5
 62.7000	5
 62.7200	7
 62.7400	9
 62.7600	2
 62.7800	4
 62.8000	6
 62.8200	7
 62.8400	6
 62.8600	3
 62.8800	6
 62.9000	7
 62.9200	4
 62.9400	5
 62.9600	3
 62.9800	2
 63.0000	3
 63.0200	7
 63.0400	5
 63.0600	4
 63.0800	4
 63.1000	7
 63.1200	6
 63.1400	4
 63.1600	4
 63.1800	3
 63.2000	7
 63.2200	6
 63.2400	9
 63.2600	2
 63.2800	3
 63.3000	9
 63.3200	6
 63.3400	6
 63.3600	5
 63.3800	4
 63.4000	9
 63.4200	4
 63.4400	3
 63.4600	8
 63.4800	5
 63.5000	6
 63.5200	11
 63.5400	10
 63.5600	6
 63.5800	7
 63.6000	9
 63.6200	7
 63.6400	6
 63.6600	6
 63.6800	4
 63.7000	11
 63.7200	14
 63.7400	4
 63.7600	8
 63.7800	3
 63.8000	7
 63.8200	1
 63.8400	7
 63.8600	7
 63.8800	5
 63.9000	7
 63.9200	6
 63.9400	3
 63.9600	9
 63.9800	4
 64.0000	7
 64.0200	7
 64.0400	5
 64.0600	4
 64.0800	4
 64.1000	3
 64.1200	5
 64.1400	4
 64.1600	5
 64.1800	5
 64.2000	7
 64.2200	6
 64.2400	9
 64.2600	6
 64.2800	9
 64.3000	5
 64.3200	9
 64.3400	8
 64.3600	4
 64.3800	8
 64.4000	6
 64.4200	3
 64.4400	3
 64.4600	13
 64.4800	3
 64.5000	6
 64.5200	8
 64.5400	7
 64.5600	10
 64.5800	7
 64.6000	4
 64.6200	6
 64.6400	11
 64.6600	3
 64.6800	4
 64.7000	5
 64.7200	5
 64.7400	7
 64.7600	5
 64.7800	7
 64.8000	3
 64.8200	8
 64.8400	5
 64.8600	1
 64.8800	9
 64.9000	2
 64.9200	9
 64.9400	7
 64.9600	7
 64.9800	5
 65.0000	2
 65.0200	9
 65.0400	4
 65.0600	5
 65.0800	4
 65.1000	4
 65.1200	6
 65.1400	7
 65.1600	6
 65.1800	2
 65.2000	7
 65.2200	3
 65.2400	6
 65.2600	8
 65.2800	3
 65.3000	6
 65.3200	5
 65.3400	2
 65.3600	9
 65.3800	4
 65.4000	9
 65.4200	6
 65.4400	11
 65.4600	5
 65.4800	8
 65.5000	4
 65.5200	8
 65.5400	11
 65.5600	6
 65.5800	7
 65.6000	5
 65.6200	11
 65.6400	7
 65.6600	1
 65.6800	3
 65.7000	6
 65.7200	7
 65.7400	6
 65.7600	6
 65.7800	10
 65.8000	4
 65.8200	5
 65.8400	2
 65.8600	6
 65.8800	7
 65.9000	8
 65.9200	5
 65.9400	9
 65.9600	15
 65.9800	10
 66.0000	5
 66.0200	7
 66.0400	10
 66.0600	6
 66.0800	5
 66.1000	8
 66.1200	4
 66.1400	2
 66.1600	6
 66.1800	7
 66.2000	3
 66.2200	5
 66.2400	6
 66.2600	6
 66.2800	11
 66.3000	3
 66.3200	8
 66.3400	4
 66.3600	7
 66.3800	6
 66.4000	14
 66.4200	9
 66.4400	6
 66.4600	6
 66.4800	10
 66.5000	9
 66.5200	7
 66.5400	6
 66.5600	9
 66.5800	5
 66.6000	11
 66.6200	8
 66.6400	6
 66.6600	9
 66.6800	8
 66.7000	6
 66.7200	5
 66.7400	11
 66.7600	7
 66.7800	8
 66.8000	10
 66.8200	10
 66.8400	10
 66.8600	3
 66.8800	6
 66.9000	5
 66.9200	13
 66.9400	11
 66.9600	5
 66.9800	11
 67.0000	4
 67.0200	10
 67.0400	5
 67.0600	10
 67.0800	13
 67.1000	13
 67.1200	11
 67.1400	7
 67.1600	10
 67.1800	8
 67.2000	7
 67.2200	10
 67.2400	5
 67.2600	2
 67.2800	7
 67.3000	6
 67.3200	14
 67.3400	3
 67.3600	8
 67.3800	11
 67.4000	9
 67.4200	5
 67.4400	16
 67.4600	8
 67.4800	9
 67.5000	11
 67.5200	15
 67.5400	11
 67.5600	9
 67.5800	11
 67.6000	17
 67.6200	19
 67.6400	7
 67.6600	9
 67.6800	13
 67.7000	14
 67.7200	11
 67.7400	9
 67.7600	15
 67.7800	16
 67.8000	11
 67.8200	19
 67.8400	15
 67.8600	17
 67.8800	16
 67.9000	18
 67.9200	16
 67.9400	16
 67.9600	22
 67.9800	18
 68.0000	12
 68.0200	15
 68.0400	14
 68.0600	25
 68.0800	12
 68.1000	16
 68.1200	27
 68.1400	23
 68.1600	21
 68.1800	26
 68.2000	38
 68.2200	23
 68.2400	25
 68.2600	34
 68.2800	23
 68.3000	20
 68.3200	30
 68.3400	39
 68.3600	27
 68.3800	30
 68.4000	33
 68.4200	56
 68.4400	43
 68.4600	41
 68.4800	49
 68.5000	68
 68.5200	74
 68.5400	71
 68.5600	93
 68.5800	96
 68.6000	126
 68.6200	149
 68.6400	192
 68.6600	218
 68.6800	336
 68.7000	587
 68.7200	1776
 68.7400	6852
 68.7600	16869
 68.7800	26353
 68.8000	38601
 68.8200	49617
 68.8400	52873
 68.8600	47420
 68.8800	39059
 68.9000	32423
 68.9200	25085
 68.9400	17245
 68.9600	11319
 68.9800	7073
 69.0000	4379
 69.0200	2147
 69.0400	1023
 69.0600	542
 69.0800	341
 69.1000	201
 69.1200	192
 69.1400	145
 69.1600	114
 69.1800	108
 69.2000	74
 69.2200	55
 69.2400	69
 69.2600	41
 69.2800	37
 69.3000	50
 69.3200	34
 69.3400	42
 69.3600	31
 69.3800	30
 69.4000	28
 69.4200	28
 69.4400	19
 69.4600	42
 69.4800	31
 69.5000	30
 69.5200	23
 69.5400	19
 69.5600	18
 69.5800	25
 69.6000	24
 69.6200	20
 69.6400	16
 69.6600	14
 69.6800	20
 69.7000	20
 69.7200	19
 69.7400	20
 69.7600	19
 69.7800	15
 69.8000	10
 69.8200	9
 69.8400	16
 69.8600	11
 69.8800	18
 69.9000	12
 69.9200	11
 69.9400	16
 69.9600	12
 69.9800	15
 70.0000	16
 70.0200	12
 70.0400	11
 70.0600	15
 70.0800	12
 70.1000	11
 70.1200	13
 70.1400	8
 70.1600	14
 70.1800	9
 70.2000	17
 70.2200	9
 70.2400	14
 70.2600	13
 70.2800	12
 70.3000	14
 70.3200	18
 70.3400	4
 70.3600	12
 70.3800	9
 70.4000	20
 70.4200	9
 70.4400	8
 70.4600	9
 70.4800	11
 70.5000	7
 70.5200	11
 70.5400	10
 70.5600	6
 70.5800	8
 70.6000	13
 70.6200	9
 70.6400	9
 70.6600	11
 70.6800	9
 70.7000	4
 70.7200	6
 70.7400	9
 70.7600	10
 70.7800	8
 70.8000	8
 70.8200	8
 70.8400	8
 70.8600	9
 70.8800	6
 70.9000	6
 70.9200	9
 70.9400	7
 70.9600	4
 70.9800	6
 71.0000	8
 71.0200	3
 71.0400	11
 71.0600	7
 71.0800	13
 71.1000	3
 71.1200	13
 71.1400	7
 71.1600	8
 71.1800	6
 71.2000	9
 71.2200	8
 71.2400	2
 71.2600	4
 71.2800	5
 71.3000	2
 71.3200	2
 71.3400	6
 71.3600	4
 71.3800	5
 71.4000	7
 71.4200	12
 71.4400	6
 71.4600	6
 71.4800	4
 71.5000	8
 71.5200	8
 71.5400	5
 71.5600	7
 71.5800	4
 71.6000	5
 71.6200	5
 71.6400	9
 71.6600	7
 71.6800	5
 71.7000	11
 71.7200	7
 71.7400	9
 71.7600	6
 71.7800	2
 71.8000	5
 71.8200	7
 71.8400	3
 71.8600	2
 71.8800	3
 71.9000	7
 71.9200	10
 71.9400	3
 71.9600	4
 71.9800	8
 72.0000	11
 72.0200	8
 72.0400	3
 72.0600	6
 72.0800	10
 72.1000	5
 72.1200	6
 72.1400	7
 72.1600	4
 72.1800	7
 72.2000	9
 72.2200	3
 72.2400	3
 72.2600	2
 72.2800	4
 72.3000	8
 72.3200	4
 72.3400	4
 72.3600	3
 72.3800	8
 72.4000	8
 72.4200	3
 72.4400	4
 72.4600	8
 72.4800	5
 72.5000	3
 72.5200	3
 72.5400	6
 72.5600	6
 72.5800	4
 72.6000	4
 72.6200	2
 72.6400	5
 72.6600	7
 72.6800	10
 72.7000	9
 72.7200	4
 72.7400	5
 72.7600	5
 72.7800	5
 72.8000	6
 72.8200	4
 72.8400	5
 72.8600	6
 72.8800	6
 72.9000	4
 72.9200	3
 72.9400	3
 72.9600	4
 72.9800	4
 73.0000	4
 73.0200	7
 73.0400	5
 73.0600	7
 73.0800	7
 73.1000	7
 73.1200	5
 73.1400	11
 73.1600	3
 73.1800	3
 73.2000	6
 73.2200	7
 73.2400	7
 73.2600	6
 73.2800	6
 73.3000	2
 73.3200	6
 73.3400	4
 73.3600	5
 73.3800	4
 73.4000	2
 73.4200	6
 73.4400	6
 73.4600	5
 73.4800	3
 73.5000	3
 73.5200	6
 73.5400	6
 73.5600	6
 73.5800	8
 73.6000	3
 73.6200	4
 73.6400	5
 73.6600	5
 73.6800	8
 73.7000	5
 73.7200	2
 73.7400	5
 73.7600	7
 73.7800	3
 73.8000	9
 73.8200	3
 73.8400	2
 73.8600	6
 73.8800	3
 73.9000	6
 73.9200	2
 73.9400	4
 73.9600	2
 73.9800	7
 74.0000	5
 74.0200	0
 74.0400	7
 74.0600	4
 74.0800	3
 74.1000	3
 74.1200	5
 74.1400	8
 74.1600	3
 74.1800	2
 74.2000	5
 74.2200	2
 74.2400	4
 74.2600	6
 74.2800	7
 74.3000	8
 74.3200	4
 74.3400	4
 74.3600	3
 74.3800	2
 74.4000	4
 74.4200	4
 74.4400	7
 74.4600	9
 74.4800	6
 74.5000	5
 74.5200	5
 74.5400	3
 74.5600	2
 74.5800	4
 74.6000	3
 74.6200	6
 74.6400	4
 74.6600	6
 74.6800	3
 74.7000	10
 74.7200	5
 74.7400	5
 74.7600	2
 74.7800	7
 74.8000	3
 74.8200	6
 74.8400	7
 74.8600	5
 74.8800	7
 74.9000	6
 74.9200	5
 74.9400	5
 74.9600	5
 74.9800	3
 75.0000	2
 75.0200	7
 75.0400	3
 75.0600	5
 75.0800	4
 75.1000	4
 75.1200	4
 75.1400	6
 75.1600	4
 75.1800	5
 75.2000	4
 75.2200	4
 75.2400	5
 75.2600	3
 75.2800	6
 75.3000	2
 75.3200	9
 75.3400	3
 75.3600	3
 75.3800	5
 75.4000	1
 75.4200	4
 75.4400	4
 75.4600	6
 75.4800	2
 75.5000	3
 75.5200	4
 75.5400	5
 75.5600	3
 75.5800	6
 75.6000	3
 75.6200	4
 75.6400	3
 75.6600	4
 75.6800	5
 75.7000	5
 75.7200	6
 75.7400	2
 75.7600	4
 75.7800	1
 75.8000	3
 75.8200	4
 75.8400	7
 75.8600	4
 75.8800	7
 75.9000	0
 75.9200	2
 75.9400	3
 75.9600	2
 75.9800	7
 76.0000	8
 76.0200	4
 76.0400	6
 76.0600	8
 76.0800	2
 76.1000	4
 76.1200	3
 76.1400	3
 76.1600	4
 76.1800	5
 76.2000	3
 76.2200	3
 76.2400	8
 76.2600	5
 76.2800	13
 76.3000	5
 76.3200	5
 76.3400	3
 76.3600	8
 76.3800	4
 76.4000	3
 76.4200	3
 76.4400	3
 76.4600	3
 76.4800	2
 76.5000	4
 76.5200	4
 76.5400	6
 76.5600	3
 76.5800	3
 76.6000	6
 76.6200	2
 76.6400	2
 76.6600	2
 76.6800	3
 76.7000	6
 76.7200	3
 76.7400	2
 76.7600	1
 76.7800	5
 76.8000	2
 76.8200	2
 76.8400	3
 76.8600	2
 76.8800	5
 76.9000	8
 76.9200	2
 76.9400	3
 76.9600	2
 76.9800	1
 77.0000	5
 77.0200	2
 77.0400	2
 77.0600	7
 77.0800	3
 77.1000	3
 77.1200	4
 77.1400	4
 77.1600	2
 77.1800	2
 77.2000	3
 77.2200	3
 77.2400	4
 77.2600	6
 77.2800	1
 77.3000	4
 77.3200	2
 77.3400	3
 77.3600	4
 77.3800	3
 77.4000	3
 77.4200	10
 77.4400	9
 77.4600	4
 77.4800	1
 77.5000	7
 77.5200	10
 77.5400	4
 77.5600	5
 77.5800	4
 77.6000	1
 77.6200	1
 77.6400	2
 77.6600	6
 77.6800	2
 77.7000	4
 77.7200	4
 77.7400	4
 77.7600	4
 77.7800	7
 77.8000	6
 77.8200	3
 77.8400	4
 77.8600	4
 77.8800	4
 77.9000	3
 77.9200	2
 77.9400	6
 77.9600	3
 77.9800	2
 78.0000	7
 78.0200	3
 78.0400	4
 78.0600	3
 78.0800	4
 78.1000	7
 78.1200	4
 78.1400	4
 78.1600	2
 78.1800	3
 78.2000	7
 78.2200	1
 78.2400	3
 78.2600	6
 78.2800	8
 78.3000	6
 78.3200	4
 78.3400	4
 78.3600	2
 78.3800	7
 78.4000	2
 78.4200	2
 78.4400	5
 78.4600	8
 78.4800	9
 78.5000	2
 78.5200	5
 78.5400	7
 78.5600	3
 78.5800	3
 78.6000	7
 78.6200	5
 78.6400	3
 78.6600	3
 78.6800	2
 78.7000	5
 78.7200	7
 78.7400	5
 78.7600	6
 78.7800	3
 78.8000	4
 78.8200	3
 78.8400	1
 78.8600	6
 78.8800	3
 78.9000	5
 78.9200	4
 78.9400	4
 78.9600	9
 78.9800	5
 79.0000	5
 79.0200	1
 79.0400	3
 79.0600	5
 79.0800	1
 79.1000	5
 79.1200	4
 79.1400	5
 79.1600	3
 79.1800	4
 79.2000	1
 79.2200	2
 79.2400	4
 79.2600	8
 79.2800	4
 79.3000	1
 79.3200	3
 79.3400	3
 79.3600	4
 79.3800	3
 79.4000	2
 79.4200	6
 79.4400	7
 79.4600	3
 79.4800	4
 79.5000	3
 79.5200	4
 79.5400	3
 79.5600	2
 79.5800	2
 79.6000	4
 79.6200	5
 79.6400	6
 79.6600	9
 79.6800	7
 79.7000	6
 79.7200	2
 79.7400	1
 79.7600	4
 79.7800	3
 79.8000	4
 79.8200	3
 79.8400	6
 79.8600	4
 79.8800	5
 79.9000	5
 79.9200	1
 79.9400	1
 79.9600	5
 79.9800	6
 80.0000	5
 80.0200	1
 80.0400	6
 80.0600	5
 80.0800	3
 80.1000	3
 80.1200	5
 80.1400	6
 80.1600	4
 80.1800	7
 80.2000	6
 80.2200	2
 80.2400	8
 80.2600	7
 80.2800	15
 80.3000	18
 80.3200	20
 80.3400	48
 80.3600	160
 80.3800	386
 80.4000	543
 80.4200	962
 80.4400	1262
 80.4600	1367
 80.4800	1208
 80.5000	935
 80.5200	810
 80.5400	581
 80.5600	401
 80.5800	226
 80.6000	136
 80.6200	82
 80.6400	64
 80.6600	38
 80.6800	30
 80.7000	9
 80.7200	9
 80.7400	3
 80.7600	5
 80.7800	7
 80.8000	3
 80.8200	8
 80.8400	5
 80.8600	2
 80.8800	5
 80.9000	3
 80.9200	1
 80.9400	3
 80.9600	3
 80.9800	4
 81.0000	1
 81.0200	3
 81.0400	9
 81.0600	5
 81.0800	5
 81.1000	1
 81.1200	8
 81.1400	5
 81.1600	4
 81.1800	5
 81.2000	3
 81.2200	5
 81.2400	2
 81.2600	4
 81.2800	2
 81.3000	3
 81.3200	4
 81.3400	0
 81.3600	2
 81.3800	3
 81.4000	3
 81.4200	3
 81.4400	3
 81.4600	3
 81.4800	3
 81.5000	3
 81.5200	4
 81.5400	2
 81.5600	5
 81.5800	1
 81.6000	4
 81.6200	3
 81.6400	4
 81.6600	4
 81.6800	5
 81.7000	3
 81.7200	4
 81.7400	4
 81.7600	2
 81.7800	5
 81.8000	1
 81.8200	2
 81.8400	4
 81.8600	5
 81.8800	4
 81.9000	4
 81.9200	1
 81.9400	6
 81.9600	3
 81.9800	3
 82.0000	5
 82.0200	6
 82.0400	0
 82.0600	6
 82.0800	3
 82.1000	2
 82.1200	2
 82.1400	4
 82.1600	1
 82.1800	4
 82.2000	5
 82.2200	2
 82.2400	2
 82.2600	2
 82.2800	9
 82.3000	4
 82.3200	4
 82.3400	5
 82.3600	4
 82.3800	2
 82.4000	6
 82.4200	2
 82.4400	0
 82.4600	1
 82.4800	4
 82.5000	4
 82.5200	3
 82.5400	3
 82.5600	4
 82.5800	2
 82.6000	2
 82.6200	2
 82.6400	5
 82.6600	4
 82.6800	1
 82.7000	5
 82.7200	4
 82.7400	5
 82.7600	1
 82.7800	8
 82.8000	1
 82.8200	1
 82.8400	3
 82.8600	6
 82.8800	4
 82.9000	1
 82.9200	12
 82.9400	2
 82.9600	4
 82.9800	5
 83.0000	3
 83.0200	1
 83.0400	1
 83.0600	3
 83.0800	5
 83.1000	4
 83.1200	1
 83.1400	1
 83.1600	3
 83.1800	3
 83.2000	7
 83.2200	3
 83.2400	2
 83.2600	4
 83.2800	1
 83.3000	2
 83.3200	1
 83.3400	5
 83.3600	6
 83.3800	4
 83.4000	1
 83.4200	5
 83.4400	2
 83.4600	4
 83.4800	5
 83.5000	5
 83.5200	5
 83.5400	3
 83.5600	4
 83.5800	2
 83.6000	2
 83.6200	3
 83.6400	2
 83.6600	2
 83.6800	4
 83.7000	2
 83.7200	1
 83.7400	2
 83.7600	1
 83.7800	1
 83.8000	3
 83.8200	2
 83.8400	3
 83.8600	1
 83.8800	2
 83.9000	3
 83.9200	0
 83.9400	6
 83.9600	1
 83.9800	0
 84.0000	4
 84.0200	5
 84.0400	5
 84.0600	5
 84.0800	3
 84.1000	2
 84.1200	6
 84.1400	3
 84.1600	4
 84.1800	3
 84.2000	3
 84.2200	6
 84.2400	0
 84.2600	1
 84.2800	2
 84.3000	2
 84.3200	4
 84.3400	5
 84.3600	5
 84.3800	3
 84.4000	2
 84.4200	2
 84.4400	4
 84.4600	3
 84.4800	3
 84.5000	1
 84.5200	1
 84.5400	1
 84.5600	6
 84.5800	2
 84.6000	3
 84.6200	3
 84.6400	3
 84.6600	4
 84.6800	0
 84.7000	1
 84.7200	0
 84.7400	4
 84.7600	4
 84.7800	3
 84.8000	2
 84.8200	1
 84.8400	3
 84.8600	2
 84.8800	2
 84.9000	3
 84.9200	2
 84.9400	2
 84.9600	4
 84.9800	4
 85.0000	1
