36000	100.0959	-3.516891E-4
36000	100.0524	-3.489564E-4
36000	100.0136	-3.479474E-4
30000	99.98947	-2.402011E-4
30000	99.98705	-2.404828E-4
30000	99.98946	-2.41614E-4
24000	99.98705	-1.443975E-4
24000	99.98463	-1.442295E-4
24000	99.98946	-1.458967E-4
18000	99.99187	-8.360667E-6
18000	99.98221	-8.60456E-5
18000	100.0064	-8.69232E-5
12000	99.99187	9.175776E-5
12000	99.98705	9.241721E-5
12000	99.99431	9.194246E-5
6000	99.98463	1.899105E-4
6000	99.98463	1.807201E-4
6000	99.98705	1.83738E-4
5000	99.98947	2.010805E-4
5000	99.98705	1.989182E-4
5000	99.99431	1.995973E-4
4333.333	99.99431	2.110213E-4
4333.333	99.98221	2.018894E-4
4333.333	99.99188	2.03575E-4
3666.667	99.99188	2.173602E-4
3666.667	99.98705	2.149035E-4
3666.667	99.99188	2.200823E-4
3000	99.97737	2.173029E-4
3000	99.9798	2.239527E-4
3000	99.98947	2.193616E-4
2333.333	99.99428	2.388301E-4
2333.333	99.98221	2.345059E-4
2333.333	99.99914	2.256734E-4
1666.667	99.98705	2.23847E-4
1666.667	99.97737	2.430734E-4
1666.667	99.97737	2.287614E-4
1000	99.98463	2.468368E-4
1000	99.9919	2.425932E-4
1000	99.97496	2.426168E-4
800	99.99432	2.286282E-4
800	99.98705	2.427589E-4
800	99.99429	2.376308E-4
533.3333	99.98464	2.477365E-4
533.3333	99.97012	2.325899E-4
533.3333	99.99188	2.318843E-4
266.6667	99.98705	2.461273E-4
266.6667	99.99188	2.305104E-4
266.6667	99.97979	2.200102E-4
0	99.98946	2.229764E-4
0	99.98947	2.138272E-4
0	99.97014	2.165929E-4
-266.6667	99.99672	2.057291E-4
-266.6667	99.98705	2.003226E-4
-266.6667	99.98705	2.03232E-4
-533.3333	99.99911	1.90852E-4
-533.3333	99.97255	2.055273E-4
-533.3333	99.99429	1.884657E-4
-800	99.98705	1.903186E-4
-800	99.97739	1.818379E-4
-800	99.98705	1.818669E-4
-1000	99.99915	1.786625E-4
-1000	99.99188	1.824772E-4
-1000	99.98705	1.776159E-4
-1800	99.97496	1.542869E-4
-1800	99.98463	1.715529E-4
-1800	99.99672	1.313112E-4
-2600	99.98463	8.40889E-5
-2600	99.98705	9.005234E-5
-2600	99.99188	1.174795E-4
-3400	99.98221	5.336333E-5
-3400	99.98221	6.420873E-5
-3400	99.98463	5.748115E-5
-4200	100.0016	4.270969E-5
-4200	99.99429	3.000678E-5
-4200	99.9798	3.192139E-5
-5000	99.98947	5.043173E-5
-5000	99.97737	1.508649E-5
-5000	99.98463	1.85924E-5
-6000	99.99673	4.889573E-6
-6000	100.0015	7.205239E-7
-6000	99.97738	8.846722E-6
-12000	99.99673	4.71647E-6
-12000	99.97738	5.634862E-6
-12000	99.98946	4.651251E-6
-18000	99.98463	8.594543E-5
-18000	99.99188	8.632408E-5
-18000	100.0016	8.651316E-5
-24000	99.98463	1.662711E-4
-24000	99.98221	1.648571E-4
-24000	99.97496	1.652299E-4
-30000	99.9919	2.589035E-4
-30000	99.98221	2.595775E-4
-30000	99.98221	2.593109E-4
-36000	99.98221	3.40656E-4
-36000	99.97737	3.621223E-4
-36000	99.98947	3.609623E-4
-36000	99.98462	3.611501E-4
-36000	99.99672	3.641738E-4
-36000	99.98221	3.608836E-4
-30000	99.99431	2.512281E-4
-30000	99.98463	2.521808E-4
-30000	100.004	2.514661E-4
-24000	99.99431	1.536183E-4
-24000	99.99188	1.552757E-4
-24000	99.98463	1.560246E-4
-18000	99.98705	3.197119E-5
-18000	99.98221	-5.723574E-5
-18000	99.99671	-5.543376E-5
-12000	99.98946	-8.428644E-5
-12000	99.98463	-8.439515E-5
-12000	99.99914	-8.385618E-5
-6000	100.0016	-1.711224E-4
-6000	99.98946	-1.701053E-4
-6000	99.98706	-1.758424E-4
-5000	99.98221	-1.891518E-4
-5000	99.98221	-1.852683E-4
-5000	99.9919	-1.847117E-4
-4333.333	99.99429	-1.94764E-4
-4333.333	99.98947	-1.994565E-4
-4333.333	99.97979	-1.955342E-4
-3666.667	99.98463	-2.019911E-4
-3666.667	99.98705	-2.071044E-4
-3666.667	99.98947	-2.058866E-4
-3000	99.97255	-2.184098E-4
-3000	99.98221	-2.138835E-4
-3000	99.98705	-2.132808E-4
-2333.333	99.9967	-2.29681E-4
-2333.333	99.98463	-2.246643E-4
-2333.333	99.99673	-2.300086E-4
-1666.667	99.98705	-2.338237E-4
-1666.667	99.97496	-2.329026E-4
-1666.667	99.99914	-2.378341E-4
-1000	99.9967	-2.27606E-4
-1000	99.9919	-2.344321E-4
-1000	99.98705	-2.425908E-4
-800	99.9919	-2.410387E-4
-800	100.004	-2.408033E-4
-800	99.98947	-2.243158E-4
-533.3333	99.97496	-2.27603E-4
-533.3333	99.97496	-2.350685E-4
-533.3333	99.98221	-2.358924E-4
-266.6667	99.97498	-2.396104E-4
-266.6667	99.9798	-2.265206E-4
-266.6667	99.99671	-2.294461E-4
0	99.99188	-2.213054E-4
0	99.99431	-2.136654E-4
0	99.98947	-2.097735E-4
266.6667	99.99431	-1.979527E-4
266.6667	99.98947	-2.058926E-4
266.6667	99.98463	-2.010205E-4
533.3333	99.9798	-1.933593E-4
533.3333	99.97254	-1.935105E-4
533.3333	99.97737	-1.936996E-4
800	99.98463	-2.112041E-4
800	99.97737	-1.893735E-4
800	99.9919	-1.931179E-4
1000	99.98463	-1.829344E-4
1000	99.98463	-1.834774E-4
1000	99.99671	-1.859338E-4
1800	99.99187	-1.453743E-4
1800	99.98705	-1.924779E-4
1800	99.99429	-1.191705E-4
2600	99.98463	-1.125075E-4
2600	99.97496	-1.107798E-4
2600	99.99431	-1.132007E-4
3400	99.98462	-7.521294E-5
3400	99.97738	-7.139557E-5
3400	99.98463	-5.789804E-5
4200	99.97738	-4.264892E-5
4200	99.99429	-2.928764E-5
4200	100.0016	-3.210476E-5
5000	99.98463	-4.171678E-5
5000	99.97979	2.578162E-5
5000	99.97012	-1.756981E-5
6000	99.98705	-9.388399E-6
6000	99.9798	3.820701E-6
6000	99.98463	-1.094362E-6
12000	99.98705	-2.199453E-7
12000	99.98463	-9.338916E-7
12000	99.98463	-4.702623E-7
18000	99.9798	-8.37296E-5
18000	99.97496	-8.400927E-5
18000	99.99671	-8.363638E-5
24000	99.9798	-1.589139E-4
24000	99.97496	-1.574377E-4
24000	99.98463	-1.591567E-4
30000	99.98946	-2.524692E-4
30000	99.97981	-2.523287E-4
30000	99.99431	-2.528258E-4
36000	100.0016	-3.56222E-4
36000	99.98946	-3.603389E-4
36000	99.98221	-3.573138E-4
