time,abs_time,angle,is_rotating,Freq_272-y,V_272-y_R,V_272-y_theta,V_272-y_X,V_272-y_Y,Harm_272-y,Freq_363-y,V_363-y_R,V_363-y_theta,V_363-y_X,V_363-y_Y,Harm_363-y,Freq_272-x,V_272-x_R,V_272-x_theta,V_272-x_X,V_272-x_Y,Vout_272-x,Harm_272-x,Freq_363-x,V_363-x_R,V_363-x_theta,V_363-x_X,V_363-x_Y,Vout_363-x,Harm_363-x,CFMS_1st stage A,CFMS_1st stage B,CFMS_2nd stage A,CFMS_2nd stage B,CFMS_Inner Magnet,CFMS_Outer Magnet,CFMS_Switch,CFMS_He Pot,Tvti,Tsample,sC,H1,H2,SP1,SP2,Magnet_output_field,Magnet_magnet_field,Vti-Pressure,Hanalog
57709.348038,1619409014.967295,227.0007,0,36.8309,9.30211e-06,-28.578,8.168803382936955e-06,-4.449708051436378e-06,1,13.217,1.94592e-05,0.174,1.9459110267889178e-05,5.909502627087694e-08,1,36.83,1.66391e-05,-5.13,1.6572450153695352e-05,-1.4877986131472706e-06,5.0,1,13.217,4.50949e-06,17.466,4.301580979228995e-06,1.353477424723192e-06,5.0,1,39.24,48.6,3.668,3.812,3.618,3.79,8.037,3.633,2.27331,3.00856,4106.4,0.5,9.1,2.273,3.0,15.9702,15.9702,0.009654425084590912,15.768415186346221
57711.652297,1619409017.271554,227.1594,1,36.829,9.31142e-06,-28.584,8.176512631515751e-06,-4.4550178005327175e-06,1,13.2165,1.94554e-05,0.174,1.94553102854121e-05,5.908348617160104e-08,1,36.83,1.66391e-05,-5.13,1.6572450153695352e-05,-1.4877986131472706e-06,5.0,1,13.217,4.50949e-06,17.484,4.301155559488047e-06,1.3548287394298465e-06,5.0,1,39.235,48.6,3.668,3.812,3.618,3.79,8.037,3.633,2.2734,3.01212,4106.4,0.5,8.7,2.273,3.0,15.9723,15.9723,0.010441969148814678,15.768415186346221
57711.835237,1619409017.454494,227.1745,1,36.8299,9.3226e-06,-28.578,8.18679701893098e-06,-4.4595095392680565e-06,1,13.2165,1.94517e-05,0.192,1.945159078448112e-05,6.518315034620356e-08,1,36.83,1.6641e-05,-5.136,1.6574186632448825e-05,-1.489704156117798e-06,5.0,1,13.217,4.51136e-06,17.49,4.3027972073848226e-06,1.3558411565229073e-06,5.0,1,39.236,48.605,3.718,3.744,3.618,3.79,7.982,3.633,2.27338,3.01319,4106.5,0.5,8.7,2.273,3.0,15.9723,15.9723,0.010048212483525276,15.76869383490073
57712.340076,1619409017.959333,227.226,1,36.8299,9.38686e-06,-28.62,8.239934273468275e-06,-4.496290007164001e-06,1,13.2165,1.94461e-05,0.258,1.944590285038543e-05,8.756450977294305e-08,1,36.83,1.6654e-05,-5.16,1.658650848918118e-05,-1.497815789181216e-06,5.0,1,13.217,4.52067e-06,17.574,4.309680298607793e-06,1.3649589637391476e-06,5.0,1,39.236,48.593,3.748,3.654,3.617,3.79,7.929,3.633,2.27367,3.01557,4106.7,0.5,8.9,2.273,3.0,15.9723,15.9723,0.010048212483525276,15.769251132009753
57712.645978,1619409018.265235,227.2411,1,36.8299,9.412e-06,-28.668,8.25822277309933e-06,-4.515252000704239e-06,1,13.2165,1.94461e-05,0.276,1.944587438156699e-05,9.367361590503607e-08,1,36.83,1.66559e-05,-5.178,1.658792936430824e-05,-1.5031979958476867e-06,5.0,1,13.217,4.52439e-06,17.58,4.313083598512163e-06,1.3665338431028237e-06,5.0,1,39.235,48.589,3.748,3.654,3.617,3.79,7.929,3.633,2.27357,3.01427,4106.8,0.5,8.8,2.273,3.0,15.9723,15.9723,0.010048212483525276,15.769529780564264
57712.830918,1619409018.450175,227.2567,1,36.8299,9.43529e-06,-28.74,8.272963142143495e-06,-4.5368246861472655e-06,1,13.217,1.94461e-05,0.288,1.9445854336115146e-05,9.774634822741946e-08,1,36.83,1.66596e-05,-5.19,1.659129900219122e-05,-1.5070068280829556e-06,5.0,1,13.217,4.52812e-06,17.61,4.315922696161185e-06,1.3699204411792554e-06,5.0,1,39.235,48.589,3.693,3.6,3.617,3.789,7.874,3.633,2.27391,3.01481,4106.8,0.5,8.8,2.273,3.0,15.9723,15.9723,0.010441969148814678,15.769529780564264
57713.383742,1619409019.002999,227.3112,1,36.8299,9.49955e-06,-29.052,8.304310422822262e-06,-4.613011879879082e-06,1,13.217,1.9448e-05,0.312,1.9447711658070553e-05,1.0590214609130593e-07,1,36.83,1.66708e-05,-5.232,1.6601343187556063e-05,-1.5201897937382233e-06,5.0,1,13.217,4.53743e-06,17.682,4.3230679632967284e-06,1.3781706678120374e-06,5.0,1,39.238,48.599,3.565,3.618,3.616,3.789,7.817,3.633,2.27429,3.0147,4106.9,0.5,8.8,2.273,3.0,15.974,15.974,0.010048212483525276,15.769808429118772
57713.684643,1619409019.3039,227.3294,1,36.8309,9.51538e-06,-29.154,8.30990957122847e-06,-4.635499915047511e-06,1,13.2165,1.94461e-05,0.318,1.9445800490653605e-05,1.0792815988418017e-07,1,36.83,1.66727e-05,-5.25,1.6602756815974064e-05,-1.5255790374893088e-06,5.0,1,13.217,4.5393e-06,17.718,4.323982478114595e-06,1.3814557607675913e-06,5.0,1,39.238,48.599,3.565,3.618,3.615,3.789,7.817,3.633,2.27419,3.01729,4107.0,0.5,8.8,2.273,3.0,15.974,15.974,0.010048212483525276,15.770087077673285
57713.866585,1619409019.485842,227.3444,1,36.8309,9.52749e-06,-29.244,8.31318444228131e-06,-4.654463463033306e-06,1,13.217,1.94443e-05,0.324,1.944398911059931e-05,1.0995434004821381e-07,1,36.83,1.66727e-05,-5.256,1.6602596966676332e-05,-1.527317665749288e-06,5.0,1,13.217,4.54302e-06,17.742,4.326946506643125e-06,1.384400465562208e-06,5.0,1,39.242,48.604,3.526,3.681,3.615,3.788,7.76,3.633,2.27435,3.01543,4107.0,0.5,9.0,2.273,3.0,15.974,15.974,0.010048212483525276,15.770087077673285
57714.358427,1619409019.977684,227.3836,1,36.8309,9.54798e-06,-29.46,8.313419123446134e-06,-4.695847586785595e-06,1,13.217,1.94405e-05,0.342,1.9440153675598207e-05,1.1604016169207073e-07,1,36.83,1.66727e-05,-5.268,1.660227672187908e-05,-1.5307948720034437e-06,5.0,1,13.217,4.54488e-06,17.778,4.327846986993019e-06,1.387686806010435e-06,5.0,1,39.242,48.601,3.538,3.681,3.615,3.788,7.704,3.633,2.27423,3.01646,4107.0,0.5,8.9,2.273,3.0,15.974,15.974,0.008866876363754272,15.770087077673285
57714.575358,1619409020.194615,227.4018,1,36.829,9.5517e-06,-29.52,8.311734169476908e-06,-4.7063837482668165e-06,1,13.217,1.94387e-05,0.354,1.9438328980189457e-05,1.2010057421481546e-07,1,36.83,1.66727e-05,-5.274,1.660211632638307e-05,-1.5325334499594878e-06,5.0,1,13.217,4.54675e-06,17.796,4.329191340630782e-06,1.3896178966562895e-06,5.0,1,39.245,48.601,3.538,3.752,3.615,3.788,7.704,3.633,2.27432,3.01765,4107.1,0.5,8.7,2.273,3.0,15.974,15.974,0.010048212483525276,15.770365726227796
57714.7543,1619409020.373557,227.417,1,36.829,9.55357e-06,-29.556,8.310402085246554e-06,-4.712527657895466e-06,1,13.217,1.94368e-05,0.366,1.943640343881887e-05,1.241595887153573e-07,1,36.83,1.66727e-05,-5.28,1.6601955748824483e-05,-1.5342720111094226e-06,5.0,1,13.217,4.54675e-06,17.82,4.3286088790652555e-06,1.3914311821205656e-06,5.0,1,39.245,48.606,3.608,3.752,3.614,3.788,7.65,3.633,2.27449,3.02126,4107.2,0.5,8.9,2.273,3.0,15.974,15.974,0.010048212483525276,15.770644374782306
57715.34411,1619409020.963367,227.4686,1,36.8309,9.54891e-06,-29.49,8.311768754639074e-06,-4.700657651595745e-06,1,13.2165,1.94405e-05,0.414,1.9439992505940706e-05,1.4046928122969808e-07,1,36.83,1.66708e-05,-5.274,1.660022437001007e-05,-1.5323588043678965e-06,5.0,1,13.217,4.54861e-06,17.856,4.329504166784246e-06,1.3947209763597351e-06,5.0,1,39.245,48.596,3.7,3.801,3.614,3.787,7.595,3.633,2.27441,3.01825,4107.1,0.5,8.9,2.273,3.0,15.9729,15.9729,0.010048212483525276,15.770365726227796
57715.572037,1619409021.191294,227.4867,1,36.8299,9.54425e-06,-29.418,8.31361007350869e-06,-4.687920179371106e-06,1,13.2165,1.94424e-05,0.426,1.944186260724024e-05,1.4455490719340655e-07,1,36.83,1.66708e-05,-5.262,1.660054494240156e-05,-1.5288820279230072e-06,5.0,1,13.217,4.54861e-06,17.856,4.329504166784246e-06,1.3947209763597351e-06,5.0,1,39.238,48.596,3.7,3.804,3.614,3.787,7.595,3.633,2.27462,3.01762,4107.2,0.5,8.8,2.273,3.0,15.9729,15.9729,0.010048212483525276,15.770644374782306
57715.753979,1619409021.373236,227.5018,1,36.8299,9.5396e-06,-29.34,8.315930767414759e-06,-4.674319590225359e-06,1,13.2165,1.94424e-05,0.432,1.9441847362883845e-05,1.465908534883747e-07,1,36.83,1.66727e-05,-5.256,1.6602596966676332e-05,-1.527317665749288e-06,5.0,1,13.217,4.54861e-06,17.88,4.32891956761831e-06,1.3965343924126276e-06,5.0,1,39.238,48.599,3.736,3.804,3.613,3.786,7.54,3.633,2.27458,3.01808,4107.2,0.5,8.9,2.273,3.0,15.9729,15.9729,0.010441969148814678,15.770644374782306
57716.328795,1619409021.948052,227.5501,1,36.8299,9.51352e-06,-28.986,8.321838812164519e-06,-4.610212747233279e-06,1,13.2165,1.94499e-05,0.414,1.94493922605538e-05,1.4053720187183995e-07,1,36.83,1.66745e-05,-5.226,1.6605186910154445e-05,-1.5187883094215344e-06,5.0,1,13.217,4.55047e-06,17.91,4.329957616341546e-06,1.3993728100780877e-06,5.0,1,39.237,48.596,3.725,3.607,3.613,3.786,7.486,3.633,2.27479,3.01868,4107.3,0.5,8.8,2.273,3.0,15.9729,15.9729,0.010441969148814678,15.770923023336817
57716.633697,1619409022.252954,227.5744,1,36.8309,9.50327e-06,-28.872,8.322019229348116e-06,-4.588696616606967e-06,1,13.217,1.94499e-05,0.396,1.944943545182814e-05,1.3442698825286178e-07,1,36.83,1.66745e-05,-5.214,1.6605504640239302e-05,-1.51531049392231e-06,5.0,1,13.217,4.55047e-06,17.91,4.329957616341546e-06,1.3993728100780877e-06,5.0,1,39.24,48.596,3.725,3.607,3.612,3.786,7.486,3.633,2.27476,3.01775,4107.5,0.5,8.9,2.273,3.0,15.9729,15.9729,0.010048212483525276,15.771480320445837
57716.832632,1619409022.451889,227.59,1,36.829,9.4921e-06,-28.752,8.32181866350369e-06,-4.56588398251222e-06,1,13.217,1.9448e-05,0.39,1.9447549466361467e-05,1.3237731461188572e-07,1,36.83,1.66764e-05,-5.214,1.660739677846332e-05,-1.5154831581664223e-06,5.0,1,13.217,4.55233e-06,17.934,4.331140694616229e-06,1.4017591491904924e-06,5.0,1,39.24,48.599,3.631,3.6,3.612,3.785,7.43,3.633,2.27464,3.0188,4107.5,0.5,8.8,2.273,3.0,15.9734,15.9734,0.010048212483525276,15.771480320445837
57717.330473,1619409022.94973,227.6416,1,36.829,9.45391e-06,-28.398,8.316275392198098e-06,-4.496218176336685e-06,1,13.217,1.9435e-05,0.336,1.94346658152754e-05,1.139721394274236e-07,1,36.83,1.6682e-05,-5.196,1.6613449050040755e-05,-1.5107728689978303e-06,5.0,1,13.217,4.55233e-06,17.934,4.331140694616229e-06,1.4017591491904924e-06,5.0,1,39.236,48.598,3.54,3.634,3.611,3.785,7.38,3.633,2.27472,3.01874,4107.4,0.5,8.8,2.273,3.0,15.9734,15.9734,0.009260665625333786,15.771201671891326
57717.631375,1619409023.250632,227.6567,1,36.8299,9.43994e-06,-28.296,8.311965807595453e-06,-4.4747839743348605e-06,1,13.217,1.94275e-05,0.312,1.942721196200975e-05,1.0579051538404185e-07,1,36.83,1.6682e-05,-5.196,1.6613449050040755e-05,-1.5107728689978303e-06,5.0,1,13.217,4.55047e-06,17.94,4.329224312943844e-06,1.401639778657808e-06,5.0,1,39.237,48.598,3.54,3.634,3.611,3.785,7.38,3.633,2.27477,3.01866,4107.6,0.5,8.8,2.273,3.0,15.9734,15.9734,0.010441969148814678,15.771758969000349
57717.827312,1619409023.446569,227.6748,1,36.8299,9.42597e-06,-28.206,8.306673406613508e-06,-4.455119230364091e-06,1,13.217,1.94182e-05,0.288,1.9417954688577715e-05,9.760610812192042e-08,1,36.83,1.6682e-05,-5.196,1.6613449050040755e-05,-1.5107728689978303e-06,5.0,1,13.217,4.54675e-06,17.922,4.326124945520883e-06,1.3991349178124082e-06,5.0,1,39.237,48.602,3.516,3.72,3.611,3.784,7.33,3.633,2.27484,3.01792,4107.5,0.5,8.9,2.273,3.0,15.9734,15.9734,0.010835726745426655,15.771480320445837
57718.352145,1619409023.971402,227.7261,1,36.8309,9.38406e-06,-28.05,8.281785466752698e-06,-4.412778214037476e-06,1,13.217,1.93847e-05,0.204,1.938457713061068e-05,6.901852943592596e-08,1,36.83,1.66782e-05,-5.19,1.6609822745945015e-05,-1.5086893610970942e-06,5.0,1,13.217,4.54302e-06,17.898,4.323161147094872e-06,1.3961763558552875e-06,5.0,1,39.242,48.602,3.565,3.791,3.61,3.784,7.282,3.633,2.27464,3.01822,4107.6,0.5,8.8,2.273,3.0,15.9745,15.9745,0.010441969148814678,15.771758969000349
57718.651047,1619409024.270304,227.7414,1,36.8299,9.37289e-06,-28.038,8.272850450721373e-06,-4.4057930468985035e-06,1,13.2165,1.93754e-05,0.18,1.9375304386312084e-05,6.08695141739109e-08,1,36.83,1.66764e-05,-5.19,1.6608030125581745e-05,-1.5085265353215323e-06,5.0,1,13.217,4.54302e-06,17.886,4.3234534667673786e-06,1.3952708844869993e-06,5.0,1,39.241,48.602,3.565,3.791,3.609,3.784,7.282,3.633,2.27485,3.01802,4107.5,0.5,8.8,2.273,3.0,15.9745,15.9745,0.010048212483525276,15.771480320445837
57718.831991,1619409024.451248,227.7565,1,36.8299,9.36171e-06,-28.044,8.262521711320617e-06,-4.401403082433535e-06,1,13.217,1.93679e-05,0.162,1.9367822582879588e-05,5.4761374155979115e-08,1,36.83,1.66727e-05,-5.19,1.6604345294835024e-05,-1.5081918378939888e-06,5.0,1,13.217,4.54116e-06,17.892,4.3215372852403e-06,1.3951521916543364e-06,5.0,1,39.242,48.608,3.657,3.809,3.609,3.783,7.233,3.633,2.27473,3.01829,4107.6,0.5,8.9,2.273,3.0,15.9745,15.9745,0.010048212483525276,15.771758969000349
57719.322834,1619409024.942091,227.8079,1,36.8309,9.32632e-06,-28.134,8.224389240250584e-06,-4.397688752884907e-06,1,13.2165,1.93474e-05,0.108,1.9347365628797024e-05,3.6468968227571584e-08,1,36.83,1.66689e-05,-5.184,1.660071868452829e-05,-1.506109679655918e-06,5.0,1,13.217,4.53557e-06,17.862,4.31694664174893e-06,1.3911746537342592e-06,5.0,1,39.242,48.601,3.711,3.809,3.609,3.783,7.184,3.633,2.27473,3.01841,4107.7,0.5,8.8,2.273,3.0,15.9745,15.9745,0.009260665625333786,15.772037617554858
57719.631736,1619409025.250993,227.8229,1,36.8309,9.31515e-06,-28.194,8.20993477041623e-06,-4.401021539144134e-06,1,13.2165,1.934e-05,0.096,1.933997285289181e-05,3.2404465862420654e-08,1,36.83,1.66652e-05,-5.178,1.6597191412176447e-05,-1.5040373225344094e-06,5.0,1,13.217,4.53557e-06,17.862,4.31694664174893e-06,1.3911746537342592e-06,5.0,1,39.238,48.601,3.711,3.772,3.608,3.783,7.184,3.632,2.27464,3.01807,4107.7,0.5,8.8,2.273,3.0,15.9745,15.9745,0.010441969148814678,15.772037617554858
57719.843664,1619409025.462921,227.8409,1,36.8299,9.30397e-06,-28.266,8.194550922449841e-06,-4.406040505973186e-06,1,13.217,1.93344e-05,0.078,1.9334382083854652e-05,2.632100910392278e-08,1,36.83,1.66596e-05,-5.166,1.6591928800165157e-05,-1.5000569490022513e-06,5.0,1,13.217,4.53557e-06,17.844,4.3173834791161674e-06,1.3898183763192854e-06,5.0,1,39.238,48.601,3.746,3.664,3.608,3.782,7.136,3.633,2.27465,3.01846,4107.7,0.5,8.9,2.273,3.0,15.9745,15.9745,0.009654425084590912,15.772037617554858
57720.373496,1619409025.992753,227.8953,1,36.828,9.26858e-06,-28.5,8.145386714076439e-06,-4.422584142167001e-06,1,13.216,1.93195e-05,0.048,1.9319493220415606e-05,1.618506457905698e-08,1,36.83,1.66503e-05,-5.142,1.658329311352096e-05,-1.4922732997169872e-06,5.0,1,13.217,4.53743e-06,17.814,4.3198814161495685e-06,1.3881266351834064e-06,5.0,1,39.233,48.593,3.671,3.601,3.607,3.781,7.089,3.633,2.27463,3.01766,4107.9,0.5,8.9,2.273,3.0,15.9745,15.9745,0.010441969148814678,15.772594914663879
57720.663402,1619409026.282659,227.9106,1,36.8299,9.25647e-06,-28.554,8.130577885208236e-06,-4.424470602621603e-06,1,13.2165,1.93157e-05,0.042,1.9315694810401583e-05,1.4159146349695554e-08,1,36.83,1.66484e-05,-5.13,1.6581712901465928e-05,-1.4886301801852876e-06,5.0,1,13.217,4.5393e-06,17.808,4.321807158873857e-06,1.3882461494658206e-06,5.0,1,39.24,48.593,3.671,3.601,3.606,3.781,7.089,3.633,2.27476,3.01721,4107.8,0.5,8.7,2.273,3.0,15.9745,15.9745,0.010048212483525276,15.77231626610937
57720.845343,1619409026.4646,227.9242,1,36.829,9.2453e-06,-28.596,8.117524951587484e-06,-4.425083134852339e-06,1,13.2165,1.93083e-05,0.042,1.930829481238976e-05,1.4153721866866158e-08,1,36.83,1.66447e-05,-5.118,1.6578339067331476e-05,-1.4848272150627377e-06,5.0,1,13.217,4.5393e-06,17.802,4.321952511973451e-06,1.3877935632673847e-06,5.0,1,39.24,48.599,3.569,3.609,3.606,3.781,7.047,3.632,2.27463,3.01594,4107.8,0.5,9.0,2.273,3.0,15.9745,15.9745,0.011229513213038445,15.77231626610937
57721.323189,1619409026.942446,227.9727,1,36.8299,9.21084e-06,-28.668,8.081722125730368e-06,-4.418748803460117e-06,1,13.217,1.92748e-05,0.018,1.9274799048826755e-05,6.055356908334623e-09,1,36.83,1.66429e-05,-5.1,1.6577011847524895e-05,-1.4794588933184993e-06,5.0,1,13.217,4.54302e-06,17.808,4.325348921399139e-06,1.3893838305347107e-06,5.0,1,39.246,48.596,3.525,3.69,3.606,3.78,7.005,3.632,2.27473,3.01608,4107.7,0.5,8.9,2.273,3.0,15.9745,15.9745,0.010048212483525276,15.772037617554858
57721.63209,1619409027.251347,227.991,1,36.829,9.19873e-06,-28.68,8.070172218509836e-06,-4.414629540119082e-06,1,13.2165,1.92636e-05,0.012,1.9263599577501975e-05,4.03455891995023e-09,1,36.83,1.66429e-05,-5.1,1.6577011847524895e-05,-1.4794588933184993e-06,5.0,1,13.217,4.54488e-06,17.802,4.327265334438766e-06,1.3894995285226072e-06,5.0,1,39.24,48.596,3.525,3.69,3.605,3.78,7.005,3.632,2.27474,3.01793,4107.9,0.5,8.7,2.273,3.0,15.9745,15.9745,0.010441969148814678,15.772594914663879
57721.832025,1619409027.451282,228.0066,1,36.8309,9.18942e-06,-28.698,8.060618536670158e-06,-4.412694045896389e-06,1,13.2165,1.92487e-05,0.012,1.924869957782877e-05,4.0314382712704785e-09,1,36.83,1.6641e-05,-5.1,1.6575119369500615e-05,-1.479289994154453e-06,5.0,1,13.217,4.54675e-06,17.82,4.3286088790652555e-06,1.3914311821205656e-06,5.0,1,39.24,48.61,3.528,3.766,3.605,3.779,6.963,3.632,2.27473,3.01603,4107.9,0.5,8.9,2.273,3.0,15.974,15.974,0.009260665625333786,15.772594914663879
57722.369853,1619409027.98911,228.0608,1,36.8299,9.17265e-06,-28.848,8.034349630967297e-06,-4.425690232028859e-06,1,13.2165,1.92059e-05,0.066,1.92058872577176e-05,2.2123603700693986e-08,1,36.83,1.66335e-05,-5.106,1.6567494129599497e-05,-1.4803582389699543e-06,5.0,1,13.217,4.54861e-06,17.88,4.32891956761831e-06,1.3965343924126276e-06,5.0,1,39.245,48.608,3.597,3.797,3.605,3.779,6.924,3.632,2.27492,3.01574,4107.9,0.5,9.1,2.273,3.0,15.974,15.974,0.009654425084590912,15.772594914663879
57722.674755,1619409028.294012,228.0789,1,36.8299,9.16986e-06,-28.92,8.026339727179804e-06,-4.4344337861214304e-06,1,13.2165,1.91965e-05,0.102,1.9196469580853704e-05,3.4174279194540636e-08,1,36.83,1.66279e-05,-5.106,1.656191635179412e-05,-1.4798598468012447e-06,5.0,1,13.217,4.54861e-06,17.916,4.3280412447440625e-06,1.3992540569511543e-06,5.0,1,39.247,48.608,3.597,3.797,3.604,3.779,6.924,3.632,2.27481,3.01622,4107.9,0.5,8.6,2.273,3.0,15.974,15.974,0.010048212483525276,15.772594914663879
57722.856697,1619409028.475954,228.0944,1,36.8309,9.168e-06,-28.992,8.019133998914397e-06,-4.443614959405819e-06,1,13.2165,1.91854e-05,0.132,1.918534908529074e-05,4.4199949477503104e-08,1,36.83,1.66224e-05,-5.106,1.6556438177163836e-05,-1.4793703544926905e-06,5.0,1,13.217,4.54861e-06,17.964,4.326867489750654e-06,1.4028794168562262e-06,5.0,1,39.239,48.604,3.691,3.806,3.604,3.778,6.884,3.632,2.27495,3.01515,4108.0,0.5,8.8,2.273,3.0,15.974,15.974,0.010441969148814678,15.77287356321839
57723.396523,1619409029.01578,228.1398,1,36.8299,9.16334e-06,-29.274,7.993101370105806e-06,-4.4807511025287605e-06,1,13.2165,1.91649e-05,0.24,1.916473186692905e-05,8.027751063751983e-08,1,36.83,1.66037e-05,-5.106,1.653781238342088e-05,-1.4777060806436069e-06,5.0,1,13.217,4.54861e-06,18.048,4.324806111799997e-06,1.4092214259786827e-06,5.0,1,39.239,48.599,3.727,3.806,3.603,3.777,6.884,3.632,2.27495,3.0142,4108.0,0.5,8.9,2.273,3.0,15.9751,15.9751,0.010441969148814678,15.77287356321839
57723.632448,1619409029.251705,228.158,1,36.8299,9.16334e-06,-29.382,7.984641158289055e-06,-4.495809774551902e-06,1,13.2165,1.91574e-05,0.276,1.9157177731135364e-05,9.228292199151182e-08,1,36.83,1.65944e-05,-5.112,1.652839453916559e-05,-1.4786092511820241e-06,5.0,1,13.217,4.55047e-06,18.09,4.325539996766525e-06,1.4129688451176324e-06,5.0,1,39.239,48.599,3.727,3.726,3.603,3.777,6.845,3.632,2.27495,3.01474,4108.0,0.5,8.7,2.273,3.0,15.9751,15.9751,0.009654425084590912,15.77287356321839
57723.825386,1619409029.444643,228.1733,1,36.829,9.16241e-06,-29.466,7.977231675844506e-06,-4.5070535605873425e-06,1,13.2165,1.91537e-05,0.306,1.915342683865586e-05,1.022938231633303e-07,1,36.83,1.6587e-05,-5.112,1.6521023973216244e-05,-1.4779498896830394e-06,5.0,1,13.217,4.55047e-06,18.108,4.325095886062628e-06,1.4143276838357273e-06,5.0,1,39.241,48.608,3.726,3.611,3.603,3.777,6.806,3.632,2.27473,3.01495,4108.0,0.5,8.8,2.273,3.0,15.9751,15.9751,0.008866876363754272,15.77287356321839
57724.356215,1619409029.975472,228.2275,1,36.8299,9.16427e-06,-29.7,7.960373728820482e-06,-4.540517011355058e-06,1,13.2165,1.91407e-05,0.366,1.9140309480027596e-05,1.2226814288998393e-07,1,36.83,1.65646e-05,-5.118,1.6498558418879222e-05,-1.4776817177016244e-06,5.0,1,13.217,4.5542e-06,18.186,4.326710154502974e-06,1.421378513598984e-06,5.0,1,39.238,48.59,3.61,3.611,3.602,3.776,6.771,3.632,2.27466,3.01544,4108.0,0.5,8.8,2.273,3.0,15.9751,15.9751,0.010441969148814678,15.77287356321839
57724.641125,1619409030.260382,228.2425,1,36.8299,9.1652e-06,-29.748,7.957374522186432e-06,-4.547645737484206e-06,1,13.2165,1.91351e-05,0.378,1.913468357432329e-05,1.2623993236076138e-07,1,36.83,1.65609e-05,-5.124,1.6494718372102738e-05,-1.4790789820075049e-06,5.0,1,13.217,4.55792e-06,18.216,4.329498900825667e-06,1.4248066514967334e-06,5.0,1,39.239,48.59,3.61,3.596,3.602,3.776,6.771,3.632,2.27464,3.01491,4108.1,0.5,8.8,2.273,3.0,15.9751,15.9751,0.010048212483525276,15.773152211772901
57724.849056,1619409030.468313,228.2577,1,36.8309,9.16613e-06,-29.796,7.954368957588521e-06,-4.554772624780748e-06,1,13.2174,1.91313e-05,0.384,1.913087033493412e-05,1.2821824338932032e-07,1,36.83,1.65553e-05,-5.124,1.648914075114713e-05,-1.4785788375528412e-06,5.0,1,13.217,4.55978e-06,18.252,4.330369233895054e-06,1.4281092208004117e-06,5.0,1,39.239,48.601,3.539,3.645,3.601,3.776,6.736,3.632,2.27453,3.01474,4108.1,0.5,8.7,2.273,3.0,15.9734,15.9734,0.008866876363754272,15.773152211772901
57725.346898,1619409030.966155,228.3094,1,36.8299,9.168e-06,-29.886,7.948825851759727e-06,-4.568193469895538e-06,1,13.2165,1.91202e-05,0.402,1.911972938312594e-05,1.341504976903298e-07,1,36.83,1.65497e-05,-5.124,1.6483563130191517e-05,-1.478078693098177e-06,5.0,1,13.217,4.5691e-06,18.3,4.338019949893623e-06,1.43466293056067e-06,5.0,1,39.239,48.6,3.513,3.645,3.601,3.775,6.706,3.632,2.27461,3.01492,4108.1,0.5,8.8,2.273,3.0,15.9734,15.9734,0.010048212483525276,15.773152211772901
57725.641802,1619409031.261059,228.3245,1,36.8309,9.168e-06,-29.892,7.94834742807478e-06,-4.569025843942779e-06,1,13.2165,1.91146e-05,0.414,1.911410101355697e-05,1.3811445811543874e-07,1,36.83,1.65497e-05,-5.124,1.6483563130191517e-05,-1.478078693098177e-06,5.0,1,13.217,4.57096e-06,18.336,4.3388832324430595e-06,1.4379734409315283e-06,5.0,1,39.239,48.6,3.513,3.712,3.6,3.775,6.706,3.632,2.27464,3.01544,4108.1,0.5,8.8,2.273,3.0,15.9734,15.9734,0.010048212483525276,15.773152211772901
57725.832741,1619409031.451998,228.3399,1,36.8309,9.168e-06,-29.886,7.948825851759727e-06,-4.568193469895538e-06,1,13.217,1.91127e-05,0.426,1.9112171720230042e-05,1.421035764471167e-07,1,36.83,1.65497e-05,-5.124,1.6483563130191517e-05,-1.478078693098177e-06,5.0,1,13.217,4.57469e-06,18.366,4.341669722145918e-06,1.44142034809468e-06,5.0,1,39.244,48.599,3.555,3.783,3.6,3.774,6.675,3.632,2.27455,3.01445,4108.0,0.5,8.8,2.273,3.0,15.9734,15.9734,0.010441969148814678,15.77287356321839
57726.375567,1619409031.994824,228.394,1,36.829,9.17172e-06,-29.808,7.958265254732163e-06,-4.55921724572572e-06,1,13.2165,1.91071e-05,0.462,1.9106478843385736e-05,1.5406692459186339e-07,1,36.83,1.6559e-05,-5.124,1.64928259649928e-05,-1.478909290138958e-06,5.0,1,13.217,4.57841e-06,18.414,4.3439901689679225e-06,1.4462321874477965e-06,5.0,1,39.244,48.606,3.641,3.806,3.6,3.774,6.645,3.632,2.27456,3.01432,4108.1,0.5,8.7,2.273,3.0,15.9734,15.9734,0.010441969148814678,15.773152211772901
57726.672471,1619409032.291728,228.4123,1,36.8309,9.17265e-06,-29.772,7.961935571968032e-06,-4.5546778119127244e-06,1,13.2165,1.91071e-05,0.474,1.910644615663277e-05,1.580685727548989e-07,1,36.83,1.65609e-05,-5.118,1.649487317044884e-05,-1.4773516510320097e-06,5.0,1,13.217,4.58027e-06,18.426,4.3454518183138914e-06,1.447729866933914e-06,5.0,1,39.249,48.606,3.641,3.806,3.599,3.774,6.645,3.632,2.27454,3.01617,4108.1,0.5,8.8,2.273,3.0,15.9729,15.9729,0.010441969148814678,15.773152211772901
57726.855413,1619409032.47467,228.4247,1,36.8309,9.17079e-06,-29.73,7.96365701385994e-06,-4.547917786163181e-06,1,13.217,1.9109e-05,0.486,1.910831256342576e-05,1.62086330161324e-07,1,36.83,1.65702e-05,-5.118,1.6504136092179253e-05,-1.478181278066446e-06,5.0,1,13.217,4.584e-06,18.456,4.348231348186839e-06,1.4511857712385602e-06,5.0,1,39.248,48.6,3.704,3.777,3.599,3.773,6.615,3.632,2.2745,3.01473,4108.1,0.5,9.0,2.273,3.0,15.9729,15.9729,0.010048212483525276,15.773152211772901
57727.475214,1619409033.094471,228.479,1,36.8319,9.16241e-06,-29.622,7.964930706564486e-06,-4.528756545424598e-06,1,13.2165,1.91109e-05,0.474,1.911024602659709e-05,1.5810000926679598e-07,1,36.83,1.65758e-05,-5.118,1.6509713765479288e-05,-1.4786808384312682e-06,5.0,1,13.217,4.58772e-06,18.468,4.351455739876439e-06,1.4532748337105389e-06,5.0,1,39.248,48.6,3.737,3.777,3.599,3.772,6.585,3.632,2.27453,3.01494,4108.2,0.5,8.7,2.273,3.0,15.9729,15.9729,0.010048212483525276,15.77343086032741
57727.67115,1619409033.290407,228.4941,1,36.8309,9.15775e-06,-29.592,7.963248698303252e-06,-4.52228429352596e-06,1,13.217,1.91109e-05,0.462,1.9110278719850763e-05,1.5409756526017251e-07,1,36.83,1.65777e-05,-5.13,1.651129609852188e-05,-1.482308482380147e-06,5.0,1,13.217,4.58772e-06,18.468,4.351455739876439e-06,1.4532748337105389e-06,5.0,1,39.245,48.6,3.737,3.673,3.599,3.772,6.585,3.632,2.27463,3.01512,4108.2,0.5,8.8,2.273,3.0,15.9729,15.9729,0.009260665625333786,15.77343086032741
57727.85309,1619409033.472347,228.5105,1,36.8299,9.15403e-06,-29.568,7.961906742782125e-06,-4.517112602109951e-06,1,13.217,1.91127e-05,0.444,1.911212613392773e-05,1.4810783516286223e-07,1,36.83,1.65795e-05,-5.13,1.651308888841296e-05,-1.4824694308391181e-06,5.0,1,13.217,4.58959e-06,18.498,4.35246759644585e-06,1.4561463490971244e-06,5.0,1,39.246,48.612,3.706,3.599,3.597,3.771,6.557,3.631,2.27442,3.01599,4108.2,0.5,9.0,2.273,3.0,15.9729,15.9729,0.010048212483525276,15.77343086032741
57728.478891,1619409034.098148,228.5616,1,36.8299,9.14658e-06,-29.472,7.96297811615138e-06,-4.500100578664241e-06,1,13.2165,1.91109e-05,0.342,1.911055954728478e-05,1.1407278239145055e-07,1,36.83,1.65926e-05,-5.16,1.6525357317016194e-05,-1.4922936389797195e-06,5.0,1,13.217,4.59704e-06,18.516,4.359074270625335e-06,1.4598795377606315e-06,5.0,1,39.246,48.612,3.575,3.599,3.597,3.771,6.53,3.631,2.27467,3.0145,4108.1,0.5,8.9,2.273,3.0,15.9745,15.9745,0.010835726745426655,15.773152211772901
57728.671829,1619409034.291086,228.5766,1,36.8299,9.14751e-06,-29.448,7.965672261317695e-06,-4.497221878601704e-06,1,13.2165,1.91053e-05,0.306,1.9105027528914614e-05,1.0203533414861748e-07,1,36.83,1.65963e-05,-5.16,1.652904232250496e-05,-1.4926264069886041e-06,5.0,1,13.217,4.59704e-06,18.534,4.358615420838093e-06,1.4612489092664435e-06,5.0,1,39.246,48.612,3.575,3.604,3.597,3.771,6.53,3.631,2.2746,3.01619,4108.1,0.5,8.7,2.273,3.0,15.9745,15.9745,0.010048212483525276,15.773152211772901
57728.856773,1619409034.47603,228.5916,1,36.8299,9.14844e-06,-29.424,7.968365391869064e-06,-4.494341711003223e-06,1,13.2165,1.9096e-05,0.27,1.9095787971681024e-05,8.998744691587489e-08,1,36.83,1.66093e-05,-5.172,1.6541676416465824e-05,-1.4972601053051488e-06,5.0,1,13.217,4.60076e-06,18.54,4.361989314393347e-06,1.4628881702708029e-06,5.0,1,39.246,48.61,3.524,3.68,3.597,3.77,6.505,3.632,2.27459,3.01462,4108.2,0.5,8.8,2.273,3.0,15.9745,15.9745,0.010048212483525276,15.77343086032741
57729.395596,1619409035.014853,228.6458,1,36.829,9.15868e-06,-29.394,7.979639287080176e-06,-4.4951947889370225e-06,1,13.217,1.90606e-05,0.18,1.9060505939786537e-05,5.9880542433356e-08,1,36.83,1.66261e-05,-5.172,1.6558408016460804e-05,-1.4987745562313844e-06,5.0,1,13.217,4.60635e-06,18.522,4.367749126780362e-06,1.4632935071301952e-06,5.0,1,39.249,48.616,3.521,3.731,3.596,3.77,6.482,3.632,2.2747,3.01546,4108.2,0.5,8.8,2.273,3.0,15.9745,15.9745,0.008473116904497147,15.77343086032741
57729.712494,1619409035.331751,228.6641,1,36.8299,9.15962e-06,-29.406,7.979516533334044e-06,-4.4973274773634895e-06,1,13.216,1.90475e-05,0.156,1.9047429398870325e-05,5.186082385111611e-08,1,36.83,1.66354e-05,-5.172,1.656767015217231e-05,-1.499612912994122e-06,5.0,1,13.217,4.60635e-06,18.51,4.368055502458134e-06,1.4623786958053044e-06,5.0,1,39.25,48.616,3.521,3.731,3.596,3.77,6.482,3.631,2.27463,3.01265,4108.2,0.5,8.6,2.273,3.0,15.9745,15.9745,0.009654425084590912,15.77343086032741
57730.374282,1619409035.993539,228.7278,1,36.8309,9.1652e-06,-29.496,7.9772990830242e-06,-4.512603503520029e-06,1,13.216,1.90065e-05,0.102,1.9006469881931386e-05,3.3836034564167244e-08,1,36.83,1.6654e-05,-5.178,1.6586037117969573e-05,-1.5030265205030875e-06,5.0,1,13.217,4.60449e-06,18.444,4.36797268540282e-06,1.45675762557636e-06,5.0,1,39.243,48.615,3.684,3.795,3.595,3.768,6.439,3.631,2.27452,3.01413,4108.2,0.5,8.9,2.273,3.0,15.9751,15.9751,0.010441969148814678,15.77343086032741
57730.676186,1619409036.295443,228.7431,1,36.8309,9.1652e-06,-29.526,7.974935195952066e-06,-4.516779788783707e-06,1,13.217,1.89991e-05,0.096,1.899907333140521e-05,3.1833282697348304e-08,1,36.83,1.66559e-05,-5.184,1.6587771858829004e-05,-1.504935071503279e-06,5.0,1,13.217,4.60449e-06,18.42,4.3685825073908135e-06,1.4549278457088486e-06,5.0,1,39.247,48.615,3.684,3.807,3.595,3.768,6.439,3.631,2.27476,3.01577,4108.2,0.5,8.7,2.273,3.0,15.9751,15.9751,0.010048212483525276,15.77343086032741
57730.855128,1619409036.474385,228.7582,1,36.8319,9.16427e-06,-29.556,7.971760139692536e-06,-4.520496090929536e-06,1,13.2165,1.89935e-05,0.096,1.8993473339265803e-05,3.182389981167977e-08,1,36.83,1.66578e-05,-5.184,1.658966408720044e-05,-1.505106745002511e-06,5.0,1,13.217,4.60076e-06,18.39,4.365804193999252e-06,1.4514635087588462e-06,5.0,1,39.247,48.612,3.718,3.733,3.595,3.768,6.416,3.631,2.27465,3.01498,4108.3,0.5,8.7,2.273,3.0,15.9751,15.9751,0.010441969148814678,15.773709508881922
57731.372962,1619409036.992219,228.8123,1,36.8309,9.15962e-06,-29.676,7.958234856484997e-06,-4.534879988867093e-06,1,13.2165,1.89805e-05,0.108,1.8980466280605243e-05,3.5777378430353556e-08,1,36.83,1.66596e-05,-5.178,1.659161426507301e-05,-1.5035319215187483e-06,5.0,1,13.217,4.59704e-06,18.354,4.36318455323792e-06,1.4475487266361745e-06,5.0,1,39.245,48.607,3.735,3.733,3.594,3.767,6.396,3.631,2.27465,3.01505,4108.2,0.5,8.9,2.273,3.0,15.9751,15.9751,0.010048212483525276,15.77343086032741
57731.669866,1619409037.289123,228.8275,1,36.8299,9.15868e-06,-29.7,7.955518078654774e-06,-4.537747397398522e-06,1,13.2165,1.89805e-05,0.114,1.8980462429934888e-05,3.7765008011511274e-08,1,36.83,1.66615e-05,-5.178,1.6593506511411676e-05,-1.5037033968633476e-06,5.0,1,13.217,4.59704e-06,18.318,4.3640932136090575e-06,1.4448069713741579e-06,5.0,1,39.249,48.607,3.735,3.615,3.594,3.767,6.396,3.631,2.27467,3.0148,4108.2,0.5,8.7,2.273,3.0,15.9718,15.9718,0.010048212483525276,15.77343086032741
57731.853807,1619409037.473064,228.843,1,36.8309,9.16055e-06,-29.712,7.95619166743424e-06,-4.540340345563312e-06,1,13.2165,1.89823e-05,0.12,1.8982258367172636e-05,3.975640708695752e-08,1,36.83,1.66633e-05,-5.178,1.659529916583778e-05,-1.5038658471898101e-06,5.0,1,13.217,4.59517e-06,18.294,4.3629225429378925e-06,1.4423918376170708e-06,5.0,1,39.249,48.609,3.612,3.595,3.593,3.766,6.376,3.631,2.27462,3.01468,4108.3,0.5,8.8,2.273,3.0,15.9718,15.9718,0.010026633739471436,15.773709508881922
57732.359646,1619409037.978903,228.8944,1,36.829,9.16334e-06,-29.724,7.95766346896787e-06,-4.543389931565881e-06,1,13.2165,1.89879e-05,0.186,1.8987799947675642e-05,6.164054711826214e-08,1,36.83,1.66689e-05,-5.172,1.6601033759305158e-05,-1.5026328002577466e-06,5.0,1,13.217,4.59331e-06,18.264,4.361910881449367e-06,1.4395243028145132e-06,5.0,1,39.244,48.61,3.535,3.595,3.593,3.766,6.357,3.631,2.27453,3.01365,4108.3,0.5,8.6,2.273,3.0,15.9718,15.9718,0.0104204211384058,15.773709508881922
57732.656549,1619409038.275806,228.9096,1,36.8309,9.16334e-06,-29.736,7.956711729081646e-06,-4.545056481045596e-06,1,13.2165,1.89898e-05,0.216,1.8989665056453987e-05,7.158968983262589e-08,1,36.83,1.66689e-05,-5.166,1.6601191023618394e-05,-1.5008943358318103e-06,5.0,1,13.217,4.59331e-06,18.246,4.362362906087694e-06,1.4381538970813003e-06,5.0,1,39.25,48.61,3.535,3.616,3.593,3.766,6.357,3.631,2.27445,3.01689,4108.3,0.5,8.8,2.273,3.0,15.9718,15.9718,0.0104204211384058,15.773709508881922
57732.843488,1619409038.462745,228.9247,1,36.8309,9.16241e-06,-29.76,7.953999857948177e-06,-4.547927359562855e-06,1,13.2165,1.89898e-05,0.246,1.898962496911957e-05,8.153264493752719e-08,1,36.83,1.66689e-05,-5.166,1.6601191023618394e-05,-1.5008943358318103e-06,5.0,1,13.217,4.59331e-06,18.246,4.362362906087694e-06,1.4381538970813003e-06,5.0,1,39.25,48.61,3.507,3.692,3.592,3.765,6.34,3.631,2.27453,3.01474,4108.2,0.5,8.8,2.273,3.0,15.9718,15.9718,0.0104204211384058,15.77343086032741
57733.36832,1619409038.987577,228.9703,1,36.829,9.15682e-06,-29.898,7.938176817041612e-06,-4.564285413269321e-06,1,13.2165,1.89898e-05,0.33,1.898948502810054e-05,1.0937279161411704e-07,1,36.83,1.66633e-05,-5.154,1.6595927647769824e-05,-1.4969142928000825e-06,5.0,1,13.217,4.59331e-06,18.216,4.363115323689655e-06,1.4358695721703015e-06,5.0,1,39.254,48.614,3.507,3.692,3.591,3.764,6.34,3.631,2.27446,3.01424,4108.3,0.5,8.8,2.273,3.0,15.9729,15.9729,0.008845298551023006,15.773709508881922
57733.581251,1619409039.200508,228.9854,1,36.8299,9.15403e-06,-29.964,7.930496785305605e-06,-4.572033024722968e-06,1,13.217,1.89861e-05,0.354,1.8985737618810675e-05,1.1730421849711699e-07,1,36.83,1.66615e-05,-5.154,1.6594134925453955e-05,-1.4967525933931799e-06,5.0,1,13.217,4.59331e-06,18.216,4.363115323689655e-06,1.4358695721703015e-06,5.0,1,39.254,48.614,3.53,3.776,3.591,3.764,6.324,3.631,2.27441,3.01577,4108.3,0.5,8.7,2.273,3.0,15.9729,15.9729,0.0104204211384058,15.773709508881922
57733.764192,1619409039.383449,229.0034,1,36.8299,9.15217e-06,-30.024,7.924094198459907e-06,-4.57940463846929e-06,1,13.216,1.89842e-05,0.384,1.8983773638616102e-05,1.2723237710722926e-07,1,36.83,1.66578e-05,-5.154,1.659044988513801e-05,-1.4964202112789914e-06,5.0,1,13.217,4.59331e-06,18.216,4.363115323689655e-06,1.4358695721703015e-06,5.0,1,39.248,48.612,3.53,3.776,3.591,3.764,6.324,3.63,2.27438,3.01491,4108.3,0.5,8.8,2.273,3.0,15.9729,15.9729,0.010026633739471436,15.773709508881922
57734.337009,1619409039.956266,229.0581,1,36.8299,9.14099e-06,-30.228,7.898079322912977e-06,-4.601960580999634e-06,1,13.217,1.89749e-05,0.426,1.897437552905623e-05,1.4107902874666554e-07,1,36.83,1.66503e-05,-5.154,1.6582980208821894e-05,-1.4957464637502302e-06,5.0,1,13.217,4.59517e-06,18.144,4.366683760133563e-06,1.4309648031610731e-06,5.0,1,39.241,48.609,3.694,3.8,3.59,3.763,6.308,3.63,2.27464,3.01564,4108.3,0.5,8.8,2.273,3.0,15.9729,15.9729,0.009632875211536884,15.773709508881922
57734.636914,1619409040.256171,229.0732,1,36.8299,9.1382e-06,-30.276,7.891811759292607e-06,-4.607169021849633e-06,1,13.2165,1.8973e-05,0.42,1.897249024982645e-05,1.3907810841509558e-07,1,36.83,1.66466e-05,-5.148,1.6579451676995937e-05,-1.4936778937095874e-06,5.0,1,13.217,4.59517e-06,18.108,4.367581999828239e-06,1.4282208525562014e-06,5.0,1,39.241,48.609,3.694,3.78,3.59,3.763,6.291,3.63,2.27453,3.01397,4108.5,0.5,8.8,2.273,3.0,15.9729,15.9729,0.0104204211384058,15.774266805990944
57734.835847,1619409040.455104,229.0913,1,36.8309,9.13354e-06,-30.318,7.884409723551674e-06,-4.610600421069236e-06,1,13.217,1.89693e-05,0.396,1.8968846930645585e-05,1.3110534595370726e-07,1,36.83,1.66429e-05,-5.142,1.6575922893822815e-05,-1.4916100790892566e-06,5.0,1,13.217,4.59331e-06,18.018,4.368051270224308e-06,1.4207831843007604e-06,5.0,1,39.232,48.606,3.737,3.679,3.59,3.762,6.275,3.63,2.27465,3.01407,4108.3,0.5,8.8,2.273,3.0,15.9723,15.9723,0.00923908781260252,15.773709508881922
57735.370676,1619409040.989933,229.146,1,36.8309,9.10653e-06,-30.396,7.854828298768712e-06,-4.6076632947473744e-06,1,13.2165,1.896e-05,0.294,1.8959750392988587e-05,9.728841436250385e-08,1,36.83,1.66354e-05,-5.136,1.6568609116365556e-05,-1.4892028434999111e-06,5.0,1,13.217,4.59331e-06,17.892,4.371165170940272e-06,1.4111739100687445e-06,5.0,1,39.237,48.609,3.706,3.679,3.589,3.762,6.275,3.63,2.27441,3.01322,4108.4,0.5,8.7,2.273,3.0,15.9723,15.9723,0.010026633739471436,15.773988157436431
57735.680577,1619409041.299834,229.1611,1,36.8299,9.09535e-06,-30.408,7.844220986958645e-06,-4.603649501238938e-06,1,13.2165,1.89563e-05,0.264,1.8956098773395915e-05,8.734405107279579e-08,1,36.83,1.66354e-05,-5.136,1.6568609116365556e-05,-1.4892028434999111e-06,5.0,1,13.217,4.59331e-06,17.868,4.371755898586646e-06,1.409342796935108e-06,5.0,1,39.237,48.609,3.706,3.597,3.589,3.762,6.259,3.63,2.27445,3.01378,4108.5,0.5,8.8,2.273,3.0,15.9723,15.9723,0.010026633739471436,15.774266805990944
57735.863518,1619409041.482775,229.1772,1,36.8299,9.08511e-06,-30.42,7.834426298175637e-06,-4.600107421632018e-06,1,13.2165,1.89525e-05,0.24,1.8952333730307635e-05,7.938781419979204e-08,1,36.83,1.66335e-05,-5.136,1.6566716744837303e-05,-1.4890327552902708e-06,5.0,1,13.217,4.59145e-06,17.832,4.37086990894191e-06,1.4060260814103504e-06,5.0,1,39.242,48.612,3.585,3.593,3.588,3.761,6.245,3.63,2.27441,3.01391,4108.4,0.5,8.8,2.273,3.0,15.9723,15.9723,0.0104204211384058,15.773988157436431
57736.334367,1619409041.953624,229.2257,1,36.8299,9.05344e-06,-30.456,7.804234287966013e-06,-4.58897624880927e-06,1,13.2165,1.89358e-05,0.162,1.893572431006414e-05,5.35396418167581e-08,1,36.83,1.66298e-05,-5.166,1.6562249847594574e-05,-1.4973737094838797e-06,5.0,1,13.217,4.59145e-06,17.832,4.37086990894191e-06,1.4060260814103504e-06,5.0,1,39.24,48.607,3.53,3.593,3.588,3.76,6.245,3.63,2.27443,3.01294,4108.4,0.5,8.8,2.273,3.0,15.9723,15.9723,0.00923908781260252,15.773988157436431
57736.639271,1619409042.258528,229.2407,1,36.829,9.0432e-06,-30.462,7.794927161135368e-06,-4.584602141145304e-06,1,13.217,1.89265e-05,0.144,1.89264402249698e-05,4.756743260951102e-08,1,36.83,1.66298e-05,-5.172,1.6562092952173985e-05,-1.4991080960187102e-06,5.0,1,13.217,4.59331e-06,17.85,4.372198440939583e-06,1.4079692997879927e-06,5.0,1,39.24,48.607,3.53,3.656,3.588,3.76,6.234,3.63,2.27435,3.01313,4108.5,0.5,8.8,2.273,3.0,15.9729,15.9729,0.0104204211384058,15.774266805990944
57736.833206,1619409042.452463,229.2589,1,36.8299,9.03202e-06,-30.474,7.784331205425511e-06,-4.580564699318046e-06,1,13.2165,1.89171e-05,0.126,1.8917054257466547e-05,4.160084214002271e-08,1,36.83,1.66298e-05,-5.178,1.6561935875129725e-05,-1.5008424661139814e-06,5.0,1,13.217,4.59331e-06,17.868,4.371755898586646e-06,1.409342796935108e-06,5.0,1,39.239,48.605,3.508,3.656,3.587,3.76,6.234,3.63,2.27437,3.01285,4108.4,0.5,8.8,2.273,3.0,15.9729,15.9729,0.010441969148814678,15.773988157436431
57737.343043,1619409042.9623,229.3101,1,36.829,9.00036e-06,-30.45,7.758956033520134e-06,-4.56125875164976e-06,1,13.2165,1.8878e-05,0.078,1.8877982506775908e-05,2.5699686044762407e-08,1,36.83,1.66261e-05,-5.202,1.6557620990183386e-05,-1.5074443125497347e-06,5.0,1,13.217,4.59331e-06,17.916,4.370573676330869e-06,1.4130047755983273e-06,5.0,1,39.244,48.615,3.508,3.721,3.587,3.759,6.222,3.63,2.27418,3.01167,4108.5,0.5,8.7,2.273,3.0,15.9729,15.9729,0.010441969148814678,15.774266805990944
57737.639948,1619409043.259205,229.3252,1,36.829,8.99105e-06,-30.42,7.753314882066597e-06,-4.552481569652382e-06,1,13.2165,1.88668e-05,0.072,1.8866785103373774e-05,2.370871387081463e-08,1,36.83,1.66261e-05,-5.202,1.6557620990183386e-05,-1.5074443125497347e-06,5.0,1,13.217,4.59331e-06,17.916,4.370573676330869e-06,1.4130047755983273e-06,5.0,1,39.247,48.615,3.562,3.788,3.587,3.759,6.209,3.629,2.27431,3.01116,4108.5,0.5,8.8,2.273,3.0,15.9729,15.9729,0.010048212483525276,15.774266805990944
57737.833885,1619409043.453142,229.3411,1,36.8299,8.9808e-06,-30.372,7.748282740049571e-06,-4.540802045922056e-06,1,13.2165,1.88557e-05,0.054,1.8855691625577134e-05,1.7771075948585304e-08,1,36.83,1.66242e-05,-5.208,1.6555570883902088e-05,-1.509005748197619e-06,5.0,1,13.217,4.59331e-06,17.892,4.371165170940272e-06,1.4111739100687445e-06,5.0,1,39.247,48.613,3.652,3.788,3.586,3.759,6.209,3.629,2.27423,3.01158,4108.4,0.5,8.7,2.273,3.0,15.9729,15.9729,0.010441969148814678,15.773988157436431
57738.38271,1619409044.001967,229.3958,1,36.8299,8.9361e-06,-30.168,7.725755355065442e-06,-4.4907223699175215e-06,1,13.2165,1.88259e-05,0.036,1.882589628391641e-05,1.1828661049148477e-08,1,36.83,1.66205e-05,-5.262,1.655045691959505e-05,-1.5242690059921744e-06,5.0,1,13.217,4.59517e-06,17.796,4.375294479073262e-06,1.4044164447524236e-06,5.0,1,39.246,48.62,3.703,3.804,3.586,3.758,6.186,3.629,2.27438,3.01262,4108.4,0.5,8.6,2.273,3.0,15.9745,15.9745,0.010441969148814678,15.773988157436431
57738.675615,1619409044.294872,229.4109,1,36.829,8.92213e-06,-30.102,7.71883724825451e-06,-4.474813434307482e-06,1,13.216,1.88184e-05,0.03,1.8818397420414454e-05,9.85329074849641e-09,1,36.83,1.66186e-05,-5.268,1.654840523311879e-05,-1.5258277099615794e-06,5.0,1,13.217,4.59704e-06,17.772,4.37766313690981e-06,1.4031543825755458e-06,5.0,1,39.246,48.62,3.703,3.757,3.586,3.758,6.186,3.629,2.27436,3.01293,4108.4,0.5,8.8,2.273,3.0,15.9745,15.9745,0.010441969148814678,15.773988157436431
57738.855557,1619409044.474814,229.4263,1,36.8309,8.90816e-06,-30.048,7.710958712843585e-06,-4.460541482199396e-06,1,13.2165,1.88128e-05,0.024,1.8812798349556526e-05,7.880287006015159e-09,1,36.83,1.66168e-05,-5.286,1.654613271855326e-05,-1.5308606403005334e-06,5.0,1,13.217,4.59704e-06,17.748,4.378250504774396e-06,1.4013205482839202e-06,5.0,1,39.243,48.617,3.737,3.757,3.585,3.757,6.175,3.629,2.27431,3.01303,4108.5,0.5,8.8,2.273,3.0,15.9745,15.9745,0.008866876363754272,15.774266805990944
57739.374391,1619409044.993648,229.4779,1,36.8309,8.87277e-06,-29.922,7.690076602642365e-06,-4.425920166292255e-06,1,13.2165,1.87942e-05,0.012,1.879419958779707e-05,3.9362480145626265e-09,1,36.83,1.6613e-05,-5.328,1.6541222511836118e-05,-1.5426363193980409e-06,5.0,1,13.217,4.60263e-06,17.688,4.385041296823781e-06,1.3984333169836922e-06,5.0,1,39.245,48.616,3.655,3.647,3.585,3.757,6.175,3.629,2.27438,3.01219,4108.4,0.5,8.8,2.273,3.0,15.9745,15.9745,0.010441969148814678,15.773988157436431
57739.672294,1619409045.291551,229.493,1,36.8309,8.86532e-06,-29.904,7.685008545461093e-06,-4.419789854573399e-06,1,13.217,1.87886e-05,0.012,1.8788599587919892e-05,3.935075153313861e-09,1,36.83,1.6613e-05,-5.334,1.6541060876641408e-05,-1.5443685037072441e-06,5.0,1,13.217,4.60263e-06,17.688,4.385041296823781e-06,1.3984333169836922e-06,5.0,1,39.245,48.616,3.655,3.592,3.585,3.757,6.165,3.629,2.27435,3.01191,4108.5,0.5,8.8,2.273,3.0,15.9745,15.9745,0.010441969148814678,15.774266805990944
57739.868231,1619409045.487488,229.5112,1,36.828,8.8588e-06,-29.898,7.679819062382819e-06,-4.415735115364315e-06,1,13.217,1.87793e-05,0.012,1.8779299588123865e-05,3.933127365882876e-09,1,36.83,1.66112e-05,-5.34,1.6539106872110003e-05,-1.5459331527992093e-06,5.0,1,13.217,4.60076e-06,17.694,4.383113292688127e-06,1.3983241545008954e-06,5.0,1,39.245,48.614,3.538,3.592,3.584,3.756,6.156,3.629,2.2742,3.01137,4108.5,0.5,8.7,2.273,3.0,15.9745,15.9745,0.010441969148814678,15.774266805990944
57740.382066,1619409046.001323,229.5626,1,36.8299,8.85042e-06,-29.88,7.673939875000226e-06,-4.4091474199987366e-06,1,13.2165,1.87514e-05,0.006,1.8751399897183947e-05,1.963642012561831e-09,1,36.83,1.66112e-05,-5.34,1.6539106872110003e-05,-1.5459331527992093e-06,5.0,1,13.217,4.59517e-06,17.73,4.376909347505182e-06,1.399375536666898e-06,5.0,1,39.235,48.606,3.508,3.624,3.583,3.756,6.156,3.629,2.27416,3.01118,4108.6,0.5,8.9,2.273,3.0,15.9745,15.9745,0.008866876363754272,15.774545454545455
57740.673974,1619409046.293231,229.5779,1,36.8299,8.84949e-06,-29.886,7.672671780856151e-06,-4.409487612337028e-06,1,13.2165,1.87458e-05,0.012,1.87457995888586e-05,3.926111142341152e-09,1,36.83,1.6613e-05,-5.34,1.6540899060053667e-05,-1.5461006710805517e-06,5.0,1,13.217,4.59517e-06,17.754,4.376322794482792e-06,1.4012088093465325e-06,5.0,1,39.235,48.606,3.508,3.683,3.583,3.756,6.149,3.629,2.27417,3.01254,4108.5,0.5,8.7,2.273,3.0,15.9745,15.9745,0.010441969148814678,15.774266805990944
57740.857913,1619409046.47717,229.593,1,36.8309,8.84949e-06,-29.898,7.671748091656445e-06,-4.411094476234405e-06,1,13.2165,1.87383e-05,0.012,1.8738299589023093e-05,3.924540346025841e-09,1,36.83,1.6613e-05,-5.334,1.6541060876641408e-05,-1.5443685037072441e-06,5.0,1,13.217,4.59331e-06,17.784,4.373817404019886e-06,1.40293195572442e-06,5.0,1,39.242,48.61,3.537,3.764,3.583,3.755,6.141,3.629,2.27421,3.01213,4108.3,0.5,8.7,2.273,3.0,15.9745,15.9745,0.010441969148814678,15.773709508881922
57741.392742,1619409047.011999,229.6469,1,36.8299,8.8588e-06,-30.06,7.667303184445446e-06,-4.437431612745457e-06,1,13.2165,1.87253e-05,0.048,1.8725293428931822e-05,1.5687268809348878e-08,1,36.83,1.66149e-05,-5.328,1.6543114302769273e-05,-1.5428127480386753e-06,5.0,1,13.217,4.59145e-06,17.856,4.370280570675773e-06,1.4078568237124981e-06,5.0,1,39.243,48.609,3.615,3.764,3.583,3.755,6.134,3.628,2.27402,3.01004,4108.6,0.5,8.9,2.273,3.0,15.9745,15.9745,0.010835726745426655,15.774545454545455
57741.68265,1619409047.301907,229.6622,1,36.828,8.86532e-06,-30.144,7.666427606810062e-06,-4.451941874276944e-06,1,13.2165,1.87234e-05,0.066,1.8723387577835443e-05,2.156780372331283e-08,1,36.83,1.66168e-05,-5.322,1.6545167584432722e-05,-1.5412565792355055e-06,5.0,1,13.217,4.59331e-06,17.892,4.371165170940272e-06,1.4111739100687445e-06,5.0,1,39.237,48.609,3.615,3.797,3.583,3.755,6.134,3.628,2.2742,3.01041,4108.5,0.5,8.8,2.273,3.0,15.9729,15.9729,0.010441969148814678,15.774266805990944
57741.86559,1619409047.484847,229.6773,1,36.829,8.87184e-06,-30.234,7.665058182178065e-06,-4.467261806680364e-06,1,13.2165,1.87216e-05,0.084,1.872157988008249e-05,2.7447289311827848e-08,1,36.83,1.66186e-05,-5.322,1.6546959824915362e-05,-1.541423534476143e-06,5.0,1,13.217,4.59517e-06,17.91,4.372491487667028e-06,1.4131190746640514e-06,5.0,1,39.237,48.611,3.692,3.783,3.582,3.754,6.126,3.628,2.27431,3.01088,4108.5,0.5,8.8,2.273,3.0,15.9729,15.9729,0.010026633739471436,15.774266805990944
57742.39942,1619409048.018677,229.7286,1,36.8299,8.89978e-06,-30.564,7.66325967180616e-06,-4.525542536632414e-06,1,13.2165,1.87197e-05,0.15,1.8719635848636118e-05,4.900800401519861e-08,1,36.83,1.66205e-05,-5.328,1.6548690107624886e-05,-1.5433327482426499e-06,5.0,1,13.217,4.60263e-06,17.97,4.378105363290259e-06,1.4199987129673999e-06,5.0,1,39.244,48.613,3.731,3.783,3.582,3.753,6.126,3.628,2.27424,3.01073,4108.6,0.5,8.7,2.273,3.0,15.9729,15.9729,0.0104204211384058,15.774545454545455
57742.683327,1619409048.302584,229.7438,1,36.8299,8.90723e-06,-30.648,7.66302599543924e-06,-4.540570323882504e-06,1,13.2165,1.87197e-05,0.174,1.8719613677941798e-05,5.684926221442479e-08,1,36.83,1.66224e-05,-5.328,1.6550581898558038e-05,-1.5435091768832838e-06,5.0,1,13.217,4.60635e-06,17.976,4.381495048817149e-06,1.421605240455595e-06,5.0,1,39.244,48.613,3.731,3.686,3.582,3.753,6.117,3.628,2.27423,3.01121,4108.6,0.5,8.8,2.273,3.0,15.9729,15.9729,0.010026633739471436,15.774545454545455
57742.872268,1619409048.491525,229.7607,1,36.8309,8.91375e-06,-30.72,7.662919172029787e-06,-4.553527075294308e-06,1,13.2165,1.8716e-05,0.204,1.8715881369147285e-05,6.663764705787503e-08,1,36.83,1.66242e-05,-5.334,1.65522123773829e-05,-1.5454096719033269e-06,5.0,1,13.217,4.60821e-06,17.964,4.383562018934106e-06,1.4212612111284613e-06,5.0,1,39.241,48.609,3.691,3.686,3.581,3.753,6.109,3.628,2.27426,3.01139,4108.4,0.5,8.7,2.273,3.0,15.9729,15.9729,0.010026633739471436,15.773988157436431
57743.412094,1619409049.031351,229.8061,1,36.8299,8.9361e-06,-30.84,7.672555247029827e-06,-4.5810238147465546e-06,1,13.2165,1.87011e-05,0.3,1.8700843649948353e-05,9.79182832077607e-08,1,36.83,1.66279e-05,-5.346,1.6555572250314294e-05,-1.5492210541505265e-06,5.0,1,13.217,4.61194e-06,17.952,4.387407996230331e-06,1.4214927499689031e-06,5.0,1,39.243,48.611,3.563,3.594,3.58,3.752,6.109,3.628,2.27425,3.01251,4108.6,0.5,8.7,2.273,3.0,15.9729,15.9729,0.0104204211384058,15.774545454545455
57743.643019,1619409049.263275,229.8243,1,36.8309,8.94355e-06,-30.858,7.677511083699948e-06,-4.587255188254133e-06,1,13.216,1.86955e-05,0.324,1.8695201082950244e-05,1.0571999837337324e-07,1,36.83,1.66298e-05,-5.352,1.6557301642354026e-05,-1.551131962181388e-06,5.0,1,13.217,4.61194e-06,17.952,4.387407996230331e-06,1.4214927499689031e-06,5.0,1,39.243,48.611,3.563,3.593,3.58,3.752,6.102,3.628,2.27405,3.01331,4108.5,0.5,8.7,2.273,3.0,15.9729,15.9729,0.0104204211384058,15.774266805990944
57743.833958,1619409049.453215,229.8399,1,36.8299,8.95193e-06,-30.858,7.684704820290161e-06,-4.5915533918173235e-06,1,13.2165,1.8688e-05,0.354,1.86876433085433e-05,1.1546242963400184e-07,1,36.83,1.66298e-05,-5.358,1.655713911740952e-05,-1.5528658302466155e-06,5.0,1,13.217,4.61008e-06,17.91,4.3866789601829775e-06,1.4177042380863494e-06,5.0,1,39.242,48.606,3.516,3.593,3.58,3.752,6.102,3.628,2.27417,3.0119,4108.6,0.5,8.8,2.273,3.0,15.9729,15.9729,0.010026633739471436,15.774545454545455
57744.412773,1619409050.03203,229.8972,1,36.829,8.97242e-06,-30.9,7.698918721412943e-06,-4.607707800791766e-06,1,13.2165,1.86675e-05,0.426,1.86669840256685e-05,1.3879349926104375e-07,1,36.83,1.66242e-05,-5.364,1.6551400933866413e-05,-1.5540761778001494e-06,5.0,1,13.217,4.60076e-06,17.886,4.378402862361311e-06,1.4130042294580272e-06,5.0,1,39.248,48.608,3.517,3.661,3.579,3.751,6.096,3.628,2.27412,3.01243,4108.5,0.5,8.7,2.273,3.0,15.9729,15.9729,0.010026633739471436,15.774266805990944
57744.717675,1619409050.336932,229.9154,1,36.8299,8.97615e-06,-30.942,7.698738204096587e-06,-4.615268019008611e-06,1,13.217,1.86582e-05,0.444,1.865763978046275e-05,1.4458583088918447e-07,1,36.83,1.66224e-05,-5.364,1.654960881624987e-05,-1.5539079088235946e-06,5.0,1,13.217,4.59704e-06,17.874,4.375158255582559e-06,1.410945427792224e-06,5.0,1,39.248,48.608,3.517,3.729,3.579,3.751,6.092,3.628,2.27411,3.01196,4108.6,0.5,8.8,2.273,3.0,15.9729,15.9729,0.00923908781260252,15.774545454545455
57744.929606,1619409050.548863,229.9333,1,36.8309,8.98173e-06,-31.008,7.698199282606167e-06,-4.6270078450529865e-06,1,13.2165,1.86489e-05,0.432,1.864836991758654e-05,1.4060806112513635e-07,1,36.83,1.66168e-05,-5.364,1.6544033339220622e-05,-1.5533844053409802e-06,5.0,1,13.217,4.59145e-06,17.88,4.369690465601819e-06,1.4096873189926063e-06,5.0,1,39.246,48.61,3.584,3.788,3.579,3.751,6.086,3.628,2.27401,3.01151,4108.5,0.5,8.6,2.273,3.0,15.9729,15.9729,0.0104204211384058,15.774266805990944
57745.395456,1619409051.014713,229.9724,1,36.8299,8.99477e-06,-31.2,7.693804786363921e-06,-4.65953380309915e-06,1,13.2165,1.86322e-05,0.384,1.8631781544095772e-05,1.248732681249311e-07,1,36.83,1.66093e-05,-5.376,1.6536240626573235e-05,-1.5561466608481602e-06,5.0,1,13.217,4.58027e-06,17.922,4.358018431675578e-06,1.4094497586206935e-06,5.0,1,39.246,48.621,3.584,3.788,3.578,3.75,6.086,3.628,2.27405,3.01277,4108.5,0.5,8.7,2.273,3.0,15.9729,15.9729,0.00923908781260252,15.774266805990944
57745.623383,1619409051.24264,229.9906,1,36.8309,8.99943e-06,-31.308,7.688989549084306e-06,-4.676449512073483e-06,1,13.2165,1.86247e-05,0.354,1.8624344516728723e-05,1.1507133525280362e-07,1,36.83,1.66075e-05,-5.388,1.653412229832579e-05,-1.5594409491885119e-06,5.0,1,13.217,4.57841e-06,17.91,4.356543664771836e-06,1.407964994251059e-06,5.0,1,39.246,48.621,3.681,3.798,3.578,3.75,6.08,3.628,2.27406,3.01274,4108.5,0.5,8.7,2.273,3.0,15.9729,15.9729,0.010026633739471436,15.774266805990944
57745.818321,1619409051.437578,230.0057,1,36.8309,9.00222e-06,-31.404,7.683524598767913e-06,-4.690779750588208e-06,1,13.2165,1.86173e-05,0.324,1.8617002333267875e-05,1.0527779014824966e-07,1,36.83,1.66037e-05,-5.4,1.653001219168016e-05,-1.5625462018466163e-06,5.0,1,13.217,4.57469e-06,17.928,4.3525617525386424e-06,1.4081884768871468e-06,5.0,1,39.248,48.619,3.681,3.798,3.578,3.75,6.08,3.628,2.27412,3.01386,4108.6,0.5,8.8,2.273,3.0,15.9729,15.9729,0.00923908781260252,15.774545454545455
57746.389138,1619409052.008395,230.063,1,36.829,8.99012e-06,-31.662,7.652025399305823e-06,-4.718979222541521e-06,1,13.2165,1.85875e-05,0.216,1.8587367915240737e-05,7.007305815563796e-08,1,36.83,1.66e-05,-5.448,1.6525014069220444e-05,-1.5760425159450412e-06,5.0,1,13.217,4.56537e-06,17.922,4.343841434548342e-06,1.4048647011014975e-06,5.0,1,39.249,48.611,3.717,3.72,3.577,3.749,6.067,3.627,2.27411,3.01092,4108.5,0.5,8.8,2.273,3.0,15.9729,15.9729,0.010026633739471436,15.774266805990944
57746.685041,1619409052.304298,230.078,1,36.8299,8.98453e-06,-31.686,7.64529129495983e-06,-4.719247857033095e-06,1,13.217,1.85744e-05,0.192,1.8574295710260087e-05,6.224329533102627e-08,1,36.83,1.66e-05,-5.46,1.652468362121609e-05,-1.5795034722066138e-06,5.0,1,13.217,4.56351e-06,17.904,4.34251264576765e-06,1.4029281668881145e-06,5.0,1,39.249,48.611,3.717,3.603,3.577,3.749,6.067,3.627,2.27407,3.01456,4108.5,0.5,8.5,2.273,3.0,15.974,15.974,0.010026633739471436,15.774266805990944
57746.862985,1619409052.482242,230.0931,1,36.829,8.97894e-06,-31.704,7.639052493242579e-06,-4.718711744648569e-06,1,13.2165,1.8567e-05,0.168,1.8566920184961175e-05,5.444120940259357e-08,1,36.83,1.65981e-05,-5.466,1.6522626764884525e-05,-1.5810529397592967e-06,5.0,1,13.217,4.56537e-06,17.874,4.345016846772912e-06,1.4012251204426733e-06,5.0,1,39.249,48.61,3.601,3.603,3.577,3.748,6.061,3.627,2.27412,3.01227,4108.6,0.5,8.8,2.273,3.0,15.974,15.974,0.010048212483525276,15.774545454545455
57747.38082,1619409053.000077,230.1445,1,36.8309,8.96218e-06,-31.65,7.629229106643013e-06,-4.702715554948125e-06,1,13.217,1.85558e-05,0.108,1.85557670350968e-05,3.497683826442689e-08,1,36.83,1.66019e-05,-5.484,1.6525911854217715e-05,-1.5866067555089101e-06,5.0,1,13.217,4.58586e-06,17.664,4.369647353032465e-06,1.3915077972244253e-06,5.0,1,39.247,48.616,3.601,3.59,3.576,3.748,6.061,3.627,2.27428,3.01236,4108.7,0.5,8.7,2.273,3.0,15.974,15.974,0.010048212483525276,15.774824103099965
57747.671725,1619409053.290982,230.1594,1,36.8299,8.95938e-06,-31.614,7.629797926977588e-06,-4.696453297743787e-06,1,13.2165,1.85632e-05,0.09,1.8563177098574654e-05,2.915899438239977e-08,1,36.83,1.66019e-05,-5.484,1.6525911854217715e-05,-1.5866067555089101e-06,5.0,1,13.217,4.59704e-06,17.592,4.382049666274952e-06,1.3893946465635937e-06,5.0,1,39.247,48.616,3.524,3.633,3.576,3.748,6.057,3.627,2.27411,3.01174,4108.5,0.5,8.8,2.273,3.0,15.974,15.974,0.010048212483525276,15.774266805990944
57747.856666,1619409053.475923,230.1776,1,36.8319,8.95845e-06,-31.566,7.632937345505578e-06,-4.689572889089823e-06,1,13.2165,1.85726e-05,0.084,1.8572580040211308e-05,2.7228843980901943e-08,1,36.83,1.66037e-05,-5.484,1.6527703615482243e-05,-1.5867787775160247e-06,5.0,1,13.217,4.6138e-06,17.484,4.4006465299548174e-06,1.3861675794782615e-06,5.0,1,39.25,48.617,3.505,3.633,3.576,3.747,6.054,3.627,2.27425,3.01054,4108.6,0.5,8.8,2.273,3.0,15.974,15.974,0.010835726745426655,15.774545454545455
57748.43148,1619409054.050737,230.2324,1,36.8299,8.96218e-06,-31.404,7.64934988131659e-06,-4.669916139033109e-06,1,13.217,1.86154e-05,0.048,1.861539346749785e-05,1.559519921141734e-08,1,36.83,1.66075e-05,-5.472,1.6531818270247318e-05,-1.583679553924006e-06,5.0,1,13.217,4.65478e-06,17.304,4.444104827069022e-06,1.384524876779692e-06,5.0,1,39.261,48.623,3.56,3.702,3.575,3.747,6.051,3.627,2.27414,3.00948,4108.6,0.5,8.8,2.273,3.0,15.9718,15.9718,0.010441969148814678,15.774545454545455
57748.734385,1619409054.353642,230.2506,1,36.8299,8.96497e-06,-31.356,7.655641978670635e-06,-4.664957984303391e-06,1,13.217,1.8621e-05,0.042,1.8620994997048405e-05,1.3649904698130584e-08,1,36.83,1.66093e-05,-5.466,1.653377583735467e-05,-1.5821197963829649e-06,5.0,1,13.217,4.66223e-06,17.256,4.4523778314565275e-06,1.3830112865969223e-06,5.0,1,39.251,48.623,3.56,3.782,3.575,3.747,6.051,3.627,2.27404,3.00882,4108.6,0.5,8.8,2.273,3.0,15.9718,15.9718,0.010441969148814678,15.774545454545455
57748.92932,1619409054.548577,230.2658,1,36.8299,8.96683e-06,-31.308,7.6611365562503e-06,-4.6595092998496435e-06,1,13.2165,1.86228e-05,0.024,1.862279836622519e-05,7.800699994451602e-09,1,36.83,1.66186e-05,-5.436,1.6543860141425117e-05,-1.5743435396905226e-06,5.0,1,13.217,4.66968e-06,17.178,4.4613741461130545e-06,1.3791490241427916e-06,5.0,1,39.252,48.61,3.654,3.799,3.575,3.746,6.046,3.626,2.27397,3.00841,4108.6,0.5,8.8,2.273,3.0,15.9718,15.9718,0.010441969148814678,15.774545454545455
57749.528137,1619409055.147394,230.3171,1,36.8299,8.97242e-06,-31.182,7.676147214805464e-06,-4.645544595957974e-06,1,13.2165,1.86135e-05,0.018,1.86134990814606e-05,5.847603389570139e-09,1,36.83,1.66242e-05,-5.424,1.654976443407584e-05,-1.5714079090415452e-06,5.0,1,13.217,4.66968e-06,17.16,4.461807198390185e-06,1.3777473740833367e-06,5.0,1,39.252,48.61,3.701,3.799,3.575,3.746,6.041,3.626,2.27403,3.00802,4108.6,0.5,8.7,2.273,3.0,15.9718,15.9718,0.010048212483525276,15.774545454545455
57749.726066,1619409055.345323,230.332,1,36.829,8.97335e-06,-31.152,7.679374456012456e-06,-4.642005836580066e-06,1,13.217,1.86042e-05,0.018,1.860419908191954e-05,5.84468170845036e-09,1,36.83,1.66298e-05,-5.424,1.655533935983653e-05,-1.5719372508619417e-06,5.0,1,13.217,4.66968e-06,17.148,4.4620956552649545e-06,1.376812865158374e-06,5.0,1,39.249,48.61,3.701,3.75,3.575,3.746,6.041,3.626,2.27412,3.00851,4108.7,0.5,8.9,2.273,3.0,15.9718,15.9718,0.010441969148814678,15.774824103099965
57749.933997,1619409055.553254,230.3503,1,36.8299,8.97428e-06,-31.128,7.682114314640972e-06,-4.639269465679728e-06,1,13.2165,1.85875e-05,0.018,1.8587499082743652e-05,5.839435248805166e-09,1,36.83,1.66354e-05,-5.424,1.6560914285597217e-05,-1.572466592682338e-06,5.0,1,13.217,4.6585e-06,17.16,4.451124880869927e-06,1.3744488149438987e-06,5.0,1,39.246,48.605,3.732,3.665,3.574,3.745,6.036,3.626,2.2741,3.00798,4108.6,0.5,8.8,2.273,3.0,15.9745,15.9745,0.011623268015682697,15.774545454545455
57750.533815,1619409056.153072,230.399,1,36.8319,8.97894e-06,-31.128,7.68610334247454e-06,-4.641678460686578e-06,1,13.2165,1.85409e-05,0.018,1.8540899085043268e-05,5.824795427280253e-09,1,36.83,1.66484e-05,-5.418,1.657402078366425e-05,-1.571959803132851e-06,5.0,1,13.217,4.64733e-06,17.19,4.439733575400698e-06,1.3734780334463797e-06,5.0,1,39.246,48.605,3.671,3.665,3.574,3.745,6.032,3.626,2.27396,3.00825,4108.6,0.5,8.8,2.273,3.0,15.9745,15.9745,0.010048212483525276,15.774545454545455
57750.73374,1619409056.352997,230.4169,1,36.8299,8.98173e-06,-31.134,7.688005354462799e-06,-4.643925867480157e-06,1,13.2165,1.8526e-05,0.018,1.852599908577855e-05,5.8201144543034024e-09,1,36.83,1.66522e-05,-5.418,1.657780380659606e-05,-1.5723186032128526e-06,5.0,1,13.217,4.63802e-06,17.19,4.4308394534883355e-06,1.3707265437756686e-06,5.0,1,39.25,48.605,3.671,3.592,3.574,3.745,6.032,3.626,2.27389,3.00846,4108.6,0.5,8.8,2.273,3.0,15.9745,15.9745,0.010441969148814678,15.774545454545455
57750.929678,1619409056.548935,230.4334,1,36.8299,8.98453e-06,-31.158,7.688455519472892e-06,-4.648594523722932e-06,1,13.2165,1.85092e-05,0.024,1.8509198376191296e-05,7.75311533911676e-09,1,36.83,1.66578e-05,-5.412,1.6583543405020383e-05,-1.57111074523885e-06,5.0,1,13.217,4.6287e-06,17.208,4.4215057989601195e-06,1.3693612232577771e-06,5.0,1,39.25,48.611,3.546,3.595,3.573,3.744,6.029,3.626,2.27387,3.00755,4108.7,0.5,8.8,2.273,3.0,15.9745,15.9745,0.010441969148814678,15.774824103099965
57751.45151,1619409057.070767,230.4757,1,36.8299,8.98546e-06,-31.266,7.680474404940793e-06,-4.663561335143922e-06,1,13.2165,1.84701e-05,0.018,1.8470099088537107e-05,5.802552951658711e-09,1,36.83,1.66708e-05,-5.412,1.659648545404638e-05,-1.572336863915272e-06,5.0,1,13.217,4.6138e-06,17.268,4.405840974773793e-06,1.369567721948902e-06,5.0,1,39.252,48.624,3.51,3.595,3.573,3.744,6.026,3.626,2.27384,3.0076,4108.6,0.5,8.8,2.273,3.0,15.9745,15.9745,0.010441969148814678,15.774545454545455
57751.764411,1619409057.383668,230.503,1,36.8309,8.98173e-06,-31.32,7.67288923661651e-06,-4.668859020736705e-06,1,13.217,1.84608e-05,0.018,1.8460799088996046e-05,5.799631270538932e-09,1,36.83,1.66708e-05,-5.406,1.659665001777702e-05,-1.5705988754045521e-06,5.0,1,13.217,4.60635e-06,17.298,4.398010221595599e-06,1.369659232524878e-06,5.0,1,39.25,48.624,3.51,3.675,3.573,3.744,6.026,3.626,2.27373,3.00856,4108.7,0.5,8.8,2.273,3.0,15.9756,15.9756,0.010048212483525276,15.774824103099965
57751.947352,1619409057.566609,230.516,1,36.8299,8.97708e-06,-31.38,7.664025955999279e-06,-4.674470180904926e-06,1,13.217,1.8444e-05,0.018,1.8443999089825092e-05,5.794353394967719e-09,1,36.83,1.66745e-05,-5.394,1.660066221494093e-05,-1.5674706617453913e-06,5.0,1,13.217,4.59704e-06,17.358,4.3876874906835874e-06,1.371486509484787e-06,5.0,1,39.248,48.62,3.524,3.747,3.572,3.743,6.024,3.626,2.27382,3.00884,4108.6,0.5,8.7,2.273,3.0,15.9756,15.9756,0.010441969148814678,15.774545454545455
57752.453189,1619409058.072446,230.5675,1,36.829,8.95938e-06,-31.596,7.631272984755698e-06,-4.69405609431096e-06,1,13.2165,1.83993e-05,0.018,1.8399299092030945e-05,5.780310476037169e-09,1,36.83,1.66801e-05,-5.37,1.6606892761301636e-05,-1.561040942649268e-06,5.0,1,13.217,4.58214e-06,17.46,4.3710254626308765e-06,1.3748248559844016e-06,5.0,1,39.248,48.615,3.598,3.747,3.572,3.743,6.022,3.626,2.27374,3.00867,4108.5,0.5,8.8,2.273,3.0,15.9756,15.9756,0.010441969148814678,15.774266805990944
57752.739096,1619409058.358353,230.5826,1,36.8299,8.95472e-06,-31.674,7.6209097394337885e-06,-4.701993728388335e-06,1,13.2174,1.83826e-05,0.018,1.8382599092855058e-05,5.775064016391975e-09,1,36.83,1.6682e-05,-5.364,1.6608947821775456e-05,-1.5594794816028497e-06,5.0,1,13.217,4.57655e-06,17.496,4.364829376854574e-06,1.3758904074988345e-06,5.0,1,39.247,48.615,3.598,3.79,3.572,3.743,6.022,3.626,2.27379,3.00805,4108.7,0.5,8.8,2.273,3.0,15.9756,15.9756,0.010048212483525276,15.774824103099965
57752.934035,1619409058.553292,230.6006,1,36.8299,8.95007e-06,-31.758,7.610054272785179e-06,-4.710714061600859e-06,1,13.2165,1.83639e-05,0.012,1.8363899597234602e-05,3.846126193965511e-09,1,36.83,1.66838e-05,-5.352,1.661106622693635e-05,-1.556168771160317e-06,5.0,1,13.217,4.5691e-06,17.598,4.355271703040554e-06,1.3814062410074133e-06,5.0,1,39.247,48.615,3.683,3.79,3.572,3.743,6.018,3.625,2.27368,3.00778,4108.7,0.5,8.8,2.273,3.0,15.9756,15.9756,0.010441969148814678,15.774824103099965
57753.437872,1619409059.057129,230.6428,1,36.828,8.94262e-06,-31.986,7.5849295627966306e-06,-4.737013404225674e-06,1,13.217,1.83248e-05,0.036,1.8324796382829585e-05,1.1513810654122036e-08,1,36.83,1.66838e-05,-5.334,1.6611554292042977e-05,-1.550950174089624e-06,5.0,1,13.217,4.56165e-06,17.712,4.345417680582897e-06,1.3878025449528314e-06,5.0,1,39.245,48.622,3.712,3.79,3.571,3.742,6.018,3.625,2.27366,3.00758,4108.6,0.5,8.8,2.273,3.0,15.9723,15.9723,0.010048212483525276,15.774545454545455
57753.6618,1619409059.281057,230.6609,1,36.8299,8.94075e-06,-32.064,7.576889028705563e-06,-4.746342087247957e-06,1,13.217,1.83118e-05,0.054,1.8311791867140617e-05,1.7258462351188466e-08,1,36.83,1.66838e-05,-5.328,1.6611716616082075e-05,-1.549210607691148e-06,5.0,1,13.217,4.55978e-06,17.772,4.34218123366745e-06,1.3917815138829168e-06,5.0,1,39.245,48.622,3.712,3.723,3.571,3.742,6.014,3.625,2.27369,3.00783,4108.7,0.5,8.8,2.273,3.0,15.9723,15.9723,0.010048212483525276,15.774824103099965
57753.844743,1619409059.464,230.6764,1,36.8299,8.94169e-06,-32.136,7.571714599025869e-06,-4.7563597516376465e-06,1,13.217,1.83006e-05,0.072,1.8300585550427316e-05,2.299720615389097e-08,1,36.83,1.66838e-05,-5.316,1.661204071765492e-05,-1.5457314239462858e-06,5.0,1,13.217,4.55047e-06,17.844,4.331566705003726e-06,1.3943841296440403e-06,5.0,1,39.253,48.617,3.712,3.723,3.571,3.741,6.014,3.625,2.27379,3.00748,4108.7,0.5,8.7,2.273,3.0,15.9723,15.9723,0.010048212483525276,15.774824103099965
57754.401563,1619409060.02082,230.7309,1,36.8299,8.94821e-06,-32.346,7.559739119579345e-06,-4.787567926202374e-06,1,13.2165,1.82708e-05,0.138,1.8270747004344777e-05,4.400617259467926e-08,1,36.83,1.66838e-05,-5.298,1.6612525503724177e-05,-1.5405125212453726e-06,5.0,1,13.217,4.5393e-06,18.048,4.315954188926667e-06,1.4063370609801753e-06,5.0,1,39.248,48.614,3.635,3.606,3.57,3.741,6.011,3.625,2.27356,3.00814,4108.7,0.5,8.7,2.273,3.0,15.9723,15.9723,0.010048212483525276,15.774824103099965
57754.689469,1619409060.308726,230.746,1,36.829,8.95286e-06,-32.4,7.559149711109971e-06,-4.797182279695658e-06,1,13.2165,1.82652e-05,0.162,1.8265126990577825e-05,5.1643567512935816e-08,1,36.83,1.66838e-05,-5.292,1.6612686734729503e-05,-1.5387728531990782e-06,5.0,1,13.217,4.53743e-06,18.102,4.312849386677479e-06,1.4098230998021344e-06,5.0,1,39.248,48.614,3.635,3.587,3.57,3.741,6.008,3.625,2.27367,3.00757,4108.6,0.5,8.8,2.273,3.0,15.9723,15.9723,0.010048212483525276,15.774545454545455
57754.870411,1619409060.489668,230.7611,1,36.829,8.95938e-06,-32.46,7.559623326301797e-06,-4.808594924594268e-06,1,13.2165,1.82634e-05,0.186,1.8263303765259943e-05,5.9288597909177355e-08,1,36.83,1.66838e-05,-5.298,1.6612525503724177e-05,-1.5405125212453726e-06,5.0,1,13.217,4.53371e-06,18.18,4.30739181710736e-06,1.4145324662292334e-06,5.0,1,39.244,48.613,3.53,3.587,3.57,3.74,6.006,3.625,2.27361,3.00849,4108.7,0.5,8.8,2.273,3.0,15.9734,15.9734,0.011229513213038445,15.774824103099965
57755.417236,1619409061.036493,230.8154,1,36.8299,8.98546e-06,-32.55,7.574044091934875e-06,-4.834495579171253e-06,1,13.217,1.82615e-05,0.258,1.8261314860168032e-05,8.223033385710243e-08,1,36.83,1.66876e-05,-5.31,1.6615986187718093e-05,-1.5443434752546294e-06,5.0,1,13.217,4.53184e-06,18.276,4.303240028696129e-06,1.4211611594141382e-06,5.0,1,39.253,48.624,3.502,3.63,3.569,3.74,6.006,3.625,2.27367,3.00832,4108.6,0.5,8.7,2.273,3.0,15.9734,15.9734,0.009654425084590912,15.774545454545455
57755.730138,1619409061.350393,230.8336,1,36.8299,8.99384e-06,-32.532,7.5826276242292e-06,-4.836622401829218e-06,1,13.2165,1.82615e-05,0.27,1.826129723737186e-05,8.605497286626776e-08,1,36.83,1.66876e-05,-5.31,1.6615986187718093e-05,-1.5443434752546294e-06,5.0,1,13.217,4.53371e-06,18.312,4.3041215400662945e-06,1.424452221886488e-06,5.0,1,39.253,48.624,3.502,3.697,3.569,3.74,6.005,3.625,2.2737,3.00776,4108.7,0.5,8.8,2.273,3.0,15.9734,15.9734,0.010441969148814678,15.774824103099965
57755.926072,1619409061.545329,230.8489,1,36.8309,9.00222e-06,-32.502,7.592226497413168e-06,-4.8371543018987275e-06,1,13.217,1.82634e-05,0.282,1.8263178790532422e-05,8.988895953701616e-08,1,36.83,1.66876e-05,-5.316,1.66158243733405e-05,-1.5460834887882878e-06,5.0,1,13.217,4.53371e-06,18.354,4.3030762057454994e-06,1.4276069247684796e-06,5.0,1,39.252,48.618,3.556,3.779,3.569,3.74,6.003,3.625,2.27366,3.0082,4108.7,0.5,8.8,2.273,3.0,15.9734,15.9734,0.010048212483525276,15.774824103099965
57756.43291,1619409062.052167,230.9003,1,36.829,9.01526e-06,-32.322,7.618404912720308e-06,-4.820250974113181e-06,1,13.2165,1.82689e-05,0.336,1.826858586635888e-05,1.0713381106177819e-07,1,36.83,1.66913e-05,-5.334,1.6619021814860937e-05,-1.551647384935215e-06,5.0,1,13.217,4.53743e-06,18.39,4.305708388174569e-06,1.4314839436414096e-06,5.0,1,39.255,48.619,3.623,3.779,3.569,3.739,6.003,3.625,2.27383,3.00719,4108.7,0.5,8.8,2.273,3.0,15.9734,15.9734,0.010441969148814678,15.774824103099965
57756.734813,1619409062.35407,230.9155,1,36.8299,9.01619e-06,-32.25,7.625242728769147e-06,-4.811169862253177e-06,1,13.217,1.82708e-05,0.354,1.8270451271496838e-05,1.1288479020531469e-07,1,36.83,1.6695e-05,-5.34,1.6622543177487267e-05,-1.5537320594528268e-06,5.0,1,13.217,4.5393e-06,18.384,4.307632832118949e-06,1.431622811235864e-06,5.0,1,39.255,48.619,3.623,3.798,3.569,3.739,6.001,3.624,2.2738,3.00771,4108.6,0.5,8.8,2.273,3.0,15.9734,15.9734,0.010048212483525276,15.774545454545455
57756.930751,1619409062.550008,230.9336,1,36.8299,9.01619e-06,-32.172,7.631785379732603e-06,-4.800784731041342e-06,1,13.2165,1.82689e-05,0.366,1.826852726701093e-05,1.1669920513057658e-07,1,36.83,1.67025e-05,-5.346,1.662984775653417e-05,-1.5561715344059785e-06,5.0,1,13.217,4.5393e-06,18.384,4.307632832118949e-06,1.431622811235864e-06,5.0,1,39.257,48.623,3.691,3.751,3.568,3.739,5.998,3.624,2.27361,3.00783,4108.7,0.5,8.8,2.273,3.0,15.9734,15.9734,0.010048212483525276,15.774824103099965
57757.391602,1619409063.010859,230.9789,1,36.829,9.01619e-06,-31.968,7.648830027803806e-06,-4.773581603143159e-06,1,13.217,1.82596e-05,0.33,1.825929713946985e-05,1.0516716478094196e-07,1,36.83,1.67155e-05,-5.37,1.6642137394352403e-05,-1.564353923349011e-06,5.0,1,13.217,4.54116e-06,18.354,4.310147217727476e-06,1.4299528338781326e-06,5.0,1,39.253,48.622,3.691,3.751,3.568,3.739,5.998,3.624,2.27367,3.0093,4108.7,0.5,8.6,2.273,3.0,15.9734,15.9734,0.009654425084590912,15.774824103099965
57757.686507,1619409063.305764,230.9939,1,36.829,9.01805e-06,-31.908,7.655403666000954e-06,-4.766552266898913e-06,1,13.2165,1.82559e-05,0.306,1.8255639642670475e-05,9.74989587540497e-08,1,36.83,1.67192e-05,-5.388,1.6645328768939848e-05,-1.5699295569876604e-06,5.0,1,13.217,4.5393e-06,18.336,4.3088306738691176e-06,1.4280135552313925e-06,5.0,1,39.253,48.622,3.73,3.751,3.568,3.738,5.995,3.624,2.27353,3.00918,4108.8,0.5,8.8,2.273,3.0,15.9734,15.9734,0.010048212483525276,15.775102751654476
57757.876446,1619409063.495703,231.0106,1,36.8299,9.01899e-06,-31.848,7.66118947328316e-06,-4.759028942395214e-06,1,13.217,1.8254e-05,0.276,1.8253788212604262e-05,8.793116278999532e-08,1,36.83,1.67267e-05,-5.412,1.665213626485817e-05,-1.5776091742238873e-06,5.0,1,13.217,4.54116e-06,18.306,4.311343659558502e-06,1.4263414720131736e-06,5.0,1,39.252,48.618,3.676,3.64,3.567,3.738,5.995,3.624,2.27356,3.00883,4108.7,0.5,8.8,2.273,3.0,15.9734,15.9734,0.010048212483525276,15.774824103099965
57758.438267,1619409064.057524,231.0678,1,36.8319,9.02085e-06,-31.782,7.66824750525388e-06,-4.75118037130434e-06,1,13.2165,1.8241e-05,0.228,1.8240855574957583e-05,7.258714444650106e-08,1,36.83,1.67378e-05,-5.478,1.666135724746983e-05,-1.5978496525595268e-06,5.0,1,13.217,4.54116e-06,18.222,4.31343015126653e-06,1.4200191814707318e-06,5.0,1,39.256,48.625,3.548,3.588,3.567,3.737,5.991,3.624,2.27346,3.00725,4108.8,0.5,8.7,2.273,3.0,15.9745,15.9745,0.010441969148814678,15.775102751654476
57758.736169,1619409064.355426,231.0829,1,36.8299,9.01899e-06,-31.794,7.665671349147566e-06,-4.751806328856231e-06,1,13.2165,1.82391e-05,0.234,1.823894788947855e-05,7.44895622617061e-08,1,36.83,1.67378e-05,-5.496,1.6660854446000068e-05,-1.6030838933754555e-06,5.0,1,13.217,4.54116e-06,18.198,4.314024589076499e-06,1.4182122515488821e-06,5.0,1,39.256,48.625,3.548,3.594,3.567,3.737,5.991,3.624,2.27348,3.00874,4108.8,0.5,8.7,2.273,3.0,15.9745,15.9745,0.010048212483525276,15.775102751654476
57758.931108,1619409064.550365,231.0978,1,36.8299,9.01805e-06,-31.812,7.663379351530561e-06,-4.753718830245963e-06,1,13.2165,1.82373e-05,0.252,1.8237123605246737e-05,8.02115761734565e-08,1,36.83,1.67378e-05,-5.514,1.6660350000169895e-05,-1.6083179759733463e-06,5.0,1,13.217,4.54116e-06,18.132,4.315655389783424e-06,1.4132419121414713e-06,5.0,1,39.249,48.619,3.509,3.669,3.566,3.737,5.991,3.624,2.27365,3.00806,4108.7,0.5,8.8,2.273,3.0,15.9745,15.9745,0.010048212483525276,15.774824103099965
57759.46194,1619409065.081197,231.1521,1,36.8299,9.0134e-06,-31.932,7.649460040356465e-06,-4.767299093930407e-06,1,13.2165,1.82298e-05,0.294,1.8229560006018108e-05,9.354157891063146e-08,1,36.83,1.67285e-05,-5.526,1.665075601023793e-05,-1.61091171003427e-06,5.0,1,13.217,4.54675e-06,18.084,4.322151697679618e-06,1.4113611390233177e-06,5.0,1,39.254,48.617,3.522,3.669,3.566,3.737,5.99,3.624,2.27348,3.00783,4108.7,0.5,8.8,2.273,3.0,15.9745,15.9745,0.010835726745426655,15.774824103099965
57759.749844,1619409065.369101,231.1674,1,36.8309,9.0134e-06,-31.968,7.646463148248522e-06,-4.772104450080418e-06,1,13.2165,1.8228e-05,0.306,1.8227740040567567e-05,9.734995372284126e-08,1,36.83,1.67211e-05,-5.532,1.6643221690066054e-05,-1.6119419919199692e-06,5.0,1,13.217,4.54861e-06,18.048,4.324806111799997e-06,1.4092214259786827e-06,5.0,1,39.255,48.617,3.522,3.74,3.566,3.737,5.99,3.624,2.27339,3.00668,4108.9,0.5,8.7,2.273,3.0,15.9745,15.9745,0.010048212483525276,15.775381400208985
57759.951779,1619409065.571036,231.1834,1,36.8309,9.01154e-06,-32.01,7.641385761494632e-06,-4.776722392564496e-06,1,13.2165,1.82261e-05,0.312,1.8225829774329477e-05,9.924841139833151e-08,1,36.83,1.67099e-05,-5.532,1.663207385392317e-05,-1.6108622931974267e-06,5.0,1,13.217,4.5542e-06,18.012,4.331006742017718e-06,1.4082323105926362e-06,5.0,1,39.255,48.607,3.594,3.788,3.566,3.736,5.989,3.624,2.27347,3.00652,4108.8,0.5,8.8,2.273,3.0,15.9729,15.9729,0.010048212483525276,15.775102751654476
57760.427626,1619409066.046883,231.2319,1,36.8299,9.00408e-06,-32.136,7.624545694023931e-06,-4.789546910318463e-06,1,13.2165,1.82224e-05,0.348,1.8222063885330087e-05,1.1067754491763964e-07,1,36.83,1.66838e-05,-5.532,1.6606095414340206e-05,-1.6083462095672164e-06,5.0,1,13.217,4.55978e-06,17.988,4.336903497397097e-06,1.4081412225571812e-06,5.0,1,39.254,48.618,3.594,3.788,3.566,3.736,5.989,3.624,2.27337,3.00605,4108.7,0.5,8.8,2.273,3.0,15.9729,15.9729,0.010048212483525276,15.774824103099965
57760.735529,1619409066.354786,231.2498,1,36.829,9.00036e-06,-32.172,7.618386021183019e-06,-4.79235584674627e-06,1,13.2165,1.82186e-05,0.36,1.8218240380433617e-05,1.144700866509323e-07,1,36.83,1.66708e-05,-5.526,1.6593324165076033e-05,-1.6053553477980277e-06,5.0,1,13.217,4.56165e-06,17.976,4.338977040267619e-06,1.4078099894980327e-06,5.0,1,39.254,48.618,3.674,3.788,3.566,3.736,5.987,3.624,2.27334,3.00698,4108.6,0.5,8.7,2.273,3.0,15.9729,15.9729,0.010441969148814678,15.774545454545455
57760.930465,1619409066.549722,231.2651,1,36.8309,8.99757e-06,-32.202,7.613514878296647e-06,-4.794857360011409e-06,1,13.216,1.82168e-05,0.372,1.8216416044242815e-05,1.1827401681256314e-07,1,36.83,1.66559e-05,-5.52,1.6578661282560987e-05,-1.6021844113938034e-06,5.0,1,13.217,4.56351e-06,17.994,4.340303574903447e-06,1.4097476362031446e-06,5.0,1,39.248,48.614,3.709,3.7,3.565,3.735,5.984,3.623,2.27362,3.0084,4108.6,0.5,8.9,2.273,3.0,15.9729,15.9729,0.010048212483525276,15.774545454545455
57761.417309,1619409067.036566,231.3135,1,36.8299,8.98825e-06,-32.244,7.602115314992445e-06,-4.795464607319849e-06,1,13.2165,1.82093e-05,0.378,1.8208903721952072e-05,1.2013215506251925e-07,1,36.83,1.66354e-05,-5.52,1.6558256347595447e-05,-1.6002124506811687e-06,5.0,1,13.217,4.56537e-06,17.988,4.342220264993439e-06,1.4098675140524054e-06,5.0,1,39.252,48.612,3.709,3.7,3.565,3.735,5.984,3.623,2.27362,3.00856,4108.7,0.5,8.9,2.273,3.0,15.9729,15.9729,0.010048212483525276,15.774824103099965
57761.727209,1619409067.346466,231.3317,1,36.8299,8.98732e-06,-32.238,7.60183082239393e-06,-4.794172392613935e-06,1,13.217,1.82093e-05,0.366,1.8208928483005662e-05,1.1631848857808669e-07,1,36.83,1.66279e-05,-5.514,1.655095853504194e-05,-1.597757798079031e-06,5.0,1,13.217,4.56537e-06,18.006,4.341777127778277e-06,1.4112315931842708e-06,5.0,1,39.252,48.612,3.721,3.592,3.565,3.735,5.982,3.623,2.27356,3.00748,4108.7,0.5,8.7,2.273,3.0,15.9745,15.9745,0.010441969148814678,15.774824103099965
57761.927145,1619409067.546402,231.35,1,36.829,8.98546e-06,-32.226,7.601261275420279e-06,-4.79158829975991e-06,1,13.2165,1.82075e-05,0.354,1.8207152479682262e-05,1.1249369582411646e-07,1,36.83,1.66242e-05,-5.514,1.6547275655870206e-05,-1.5974022688869565e-06,5.0,1,13.217,4.56351e-06,18.012,4.339860475443608e-06,1.411111113194985e-06,5.0,1,39.257,48.614,3.607,3.592,3.564,3.735,5.98,3.623,2.27352,3.00783,4108.8,0.5,8.7,2.273,3.0,15.9745,15.9745,0.010048212483525276,15.775102751654476
57762.444978,1619409068.064235,231.4015,1,36.8299,8.9808e-06,-32.154,7.603331307035025e-06,-4.779552455561198e-06,1,13.2165,1.82056e-05,0.282,1.8205379490616045e-05,8.960447899882288e-08,1,36.83,1.66186e-05,-5.514,1.6541701568475152e-05,-1.5968641706503036e-06,5.0,1,13.217,4.55978e-06,18.006,4.3364609027747655e-06,1.4095036314624609e-06,5.0,1,39.248,48.623,3.522,3.587,3.564,3.734,5.98,3.623,2.27353,3.00775,4108.9,0.5,8.8,2.273,3.0,15.9745,15.9745,0.010048212483525276,15.775381400208985
57762.739886,1619409068.359143,231.4167,1,36.8309,8.9808e-06,-32.13,7.605332694188537e-06,-4.776367160374812e-06,1,13.217,1.82019e-05,0.258,1.8201715464408317e-05,8.196195897563686e-08,1,36.83,1.66186e-05,-5.514,1.6541701568475152e-05,-1.5968641706503036e-06,5.0,1,13.217,4.55978e-06,17.994,4.336756013413632e-06,1.4085953743075777e-06,5.0,1,39.248,48.623,3.522,3.623,3.564,3.734,5.98,3.623,2.27367,3.00822,4108.8,0.5,8.7,2.273,3.0,15.9745,15.9745,0.010048212483525276,15.775102751654476
57762.935821,1619409068.555078,231.4325,1,36.8299,8.9808e-06,-32.106,7.607332746913178e-06,-4.773181027128808e-06,1,13.217,1.81982e-05,0.228,1.81980559138311e-05,7.241682868627355e-08,1,36.83,1.66205e-05,-5.508,1.6543759928331268e-05,-1.5953142899568851e-06,5.0,1,13.217,4.55606e-06,17.982,4.333512642615418e-06,1.4065386236759878e-06,5.0,1,39.256,48.62,3.501,3.623,3.563,3.734,5.98,3.623,2.27356,3.00786,4108.7,0.5,8.7,2.273,3.0,15.9745,15.9745,0.010048212483525276,15.774824103099965
57763.445658,1619409069.064915,231.4837,1,36.829,8.9808e-06,-32.046,7.612327038296084e-06,-4.765212031172e-06,1,13.2165,1.81702e-05,0.156,1.817013265065513e-05,4.9472190132014706e-08,1,36.83,1.66242e-05,-5.484,1.6548109785439384e-05,-1.5887379170414965e-06,5.0,1,13.217,4.54675e-06,17.988,4.324510387955176e-06,1.4041173266389745e-06,5.0,1,39.256,48.614,3.538,3.694,3.563,3.733,5.98,3.623,2.27351,3.0078,4108.7,0.5,8.7,2.273,3.0,15.9751,15.9751,0.010441969148814678,15.774824103099965
57763.736563,1619409069.35582,231.4989,1,36.8309,8.9808e-06,-32.034,7.61332489500577e-06,-4.76361760462418e-06,1,13.2165,1.8159e-05,0.138,1.8158947328628016e-05,4.373689647671589e-08,1,36.83,1.66242e-05,-5.484,1.6548109785439384e-05,-1.5887379170414965e-06,5.0,1,13.217,4.54302e-06,17.982,4.321109600324556e-06,1.402512938401269e-06,5.0,1,39.256,48.614,3.538,3.777,3.563,3.733,5.979,3.623,2.2735,3.00805,4108.9,0.5,8.7,2.273,3.0,15.9751,15.9751,0.010048212483525276,15.775381400208985
57763.931501,1619409069.550758,231.5168,1,36.8299,8.97801e-06,-32.034,7.610959718578606e-06,-4.762137726092545e-06,1,13.2165,1.81441e-05,0.12,1.814406020555028e-05,3.800088639556144e-08,1,36.83,1.66242e-05,-5.466,1.654860808555156e-05,-1.583539096712666e-06,5.0,1,13.217,4.54116e-06,17.994,4.31904673863069e-06,1.4028433323516923e-06,5.0,1,39.255,48.621,3.621,3.777,3.563,3.733,5.978,3.623,2.27347,3.00661,4108.8,0.5,8.7,2.273,3.0,15.9751,15.9751,0.009654425084590912,15.775102751654476
57764.471327,1619409070.090584,231.5685,1,36.8309,8.97149e-06,-32.058,7.603438518128028e-06,-4.761864710504389e-06,1,13.217,1.81069e-05,0.072,1.8106885703366686e-05,2.2753795619153934e-08,1,36.83,1.66298e-05,-5.424,1.655533935983653e-05,-1.5719372508619417e-06,5.0,1,13.217,4.53743e-06,18.012,4.315058609949817e-06,1.4030467553142912e-06,5.0,1,39.257,48.628,3.688,3.793,3.563,3.733,5.978,3.623,2.27348,3.00619,4108.8,0.5,8.7,2.273,3.0,15.9751,15.9751,0.010441969148814678,15.775102751654476
57764.769232,1619409070.388489,231.5865,1,36.8309,8.96869e-06,-32.07,7.600068308634758e-06,-4.761970392619593e-06,1,13.2165,1.80976e-05,0.066,1.8097587993026627e-05,2.084693403244209e-08,1,36.83,1.66279e-05,-5.406,1.655394083250921e-05,-1.5665571562456122e-06,5.0,1,13.217,4.53743e-06,18.012,4.315058609949817e-06,1.4030467553142912e-06,5.0,1,39.257,48.628,3.688,3.749,3.563,3.733,5.976,3.623,2.27346,3.0064,4108.8,0.5,8.8,2.273,3.0,15.9751,15.9751,0.010441969148814678,15.775102751654476
57764.95917,1619409070.578427,231.6003,1,36.8299,8.96683e-06,-32.088,7.596996062741318e-06,-4.7633697181294805e-06,1,13.2165,1.80883e-05,0.054,1.808829196640416e-05,1.7047818594949834e-08,1,36.83,1.66298e-05,-5.388,1.655632376918249e-05,-1.5615349147562918e-06,5.0,1,13.217,4.5393e-06,17.964,4.318011347691965e-06,1.400008032549607e-06,5.0,1,39.256,48.617,3.727,3.664,3.562,3.732,5.974,3.623,2.2735,3.00702,4108.8,0.5,8.9,2.273,3.0,15.974,15.974,0.010441969148814678,15.775102751654476
57765.441017,1619409071.060274,231.6515,1,36.8299,8.95566e-06,-32.154,7.582047262288581e-06,-4.766173029593266e-06,1,13.2165,1.80696e-05,0.036,1.8069596433204043e-05,1.1353463775633214e-08,1,36.83,1.66298e-05,-5.346,1.6557463985727404e-05,-1.5493980771060943e-06,5.0,1,13.217,4.5393e-06,17.898,4.3196211760035735e-06,1.3950331128046775e-06,5.0,1,39.251,48.623,3.727,3.664,3.562,3.732,5.974,3.623,2.27342,3.00691,4108.8,0.5,8.6,2.273,3.0,15.974,15.974,0.010048212483525276,15.775102751654476
57765.736921,1619409071.356178,231.6666,1,36.8299,8.95007e-06,-32.172,7.575817875797136e-06,-4.765578298344555e-06,1,13.2165,1.80622e-05,0.03,1.8062197524072715e-05,9.457345372480757e-09,1,36.83,1.66298e-05,-5.328,1.6557949926402957e-05,-1.5441963200099649e-06,5.0,1,13.217,4.54116e-06,17.892,4.3215372852403e-06,1.3951521916543364e-06,5.0,1,39.251,48.623,3.669,3.587,3.562,3.732,5.971,3.623,2.27344,3.00688,4108.8,0.5,8.9,2.273,3.0,15.974,15.974,0.010441969148814678,15.775102751654476
57765.935856,1619409071.555113,231.6823,1,36.8319,8.94355e-06,-32.196,7.568303588475456e-06,-4.76527726319986e-06,1,13.2165,1.80547e-05,0.024,1.8054698416064498e-05,7.562734829876567e-09,1,36.83,1.66298e-05,-5.31,1.6558434232874372e-05,-1.5389944105077686e-06,5.0,1,13.217,4.5393e-06,17.802,4.321952511973451e-06,1.3877935632673847e-06,5.0,1,39.251,48.621,3.545,3.588,3.561,3.731,5.971,3.623,2.27356,3.00743,4108.8,0.5,8.9,2.273,3.0,15.974,15.974,0.010441969148814678,15.775102751654476
57766.4227,1619409072.041957,231.7305,1,36.8309,8.92213e-06,-32.244,7.546192096943625e-06,-4.760187871599771e-06,1,13.2165,1.80231e-05,0.018,1.8023099110595673e-05,5.662123762353215e-09,1,36.83,1.66261e-05,-5.262,1.655603331974846e-05,-1.524782582986462e-06,5.0,1,13.217,4.54302e-06,17.676,4.328538350404096e-06,1.3794152636102678e-06,5.0,1,39.26,48.632,3.545,3.588,3.561,3.731,5.971,3.623,2.27333,3.00844,4108.7,0.5,8.7,2.273,3.0,15.9729,15.9729,0.010048212483525276,15.774824103099965
57766.732602,1619409072.351859,231.7486,1,36.8299,8.91468e-06,-32.256,7.538894704096641e-06,-4.7577921500359406e-06,1,13.2165,1.80119e-05,0.018,1.801189911114837e-05,5.658605178639073e-09,1,36.83,1.66242e-05,-5.244,1.655461947975132e-05,-1.5194076216203678e-06,5.0,1,13.217,4.54302e-06,17.628,4.32969244753041e-06,1.3757885121624352e-06,5.0,1,39.26,48.632,3.506,3.668,3.561,3.731,5.971,3.623,2.27362,3.00651,4108.8,0.5,8.8,2.273,3.0,15.9729,15.9729,0.008866876363754272,15.775102751654476
57766.935536,1619409072.554793,231.7669,1,36.8299,8.90536e-06,-32.274,7.529519528203972e-06,-4.75518374029806e-06,1,13.217,1.79746e-05,0.012,1.7974599605772908e-05,3.76459139322543e-09,1,36.83,1.66168e-05,-5.202,1.6548359294704067e-05,-1.5066011062592208e-06,5.0,1,13.217,4.54488e-06,17.538,4.333621730828183e-06,1.3695462418238182e-06,5.0,1,39.258,48.626,3.507,3.737,3.561,3.731,5.971,3.622,2.2737,3.00832,4108.8,0.5,8.8,2.273,3.0,15.9729,15.9729,0.009654425084590912,15.775102751654476
57767.525346,1619409073.144603,231.8154,1,36.8299,8.87742e-06,-32.334,7.500928031886918e-06,-4.748122209553272e-06,1,13.217,1.7956e-05,0.012,1.7955999606180853e-05,3.760695818363459e-09,1,36.83,1.66149e-05,-5.184,1.6546939562392786e-05,-1.5012305380988017e-06,5.0,1,13.217,4.54302e-06,17.496,4.3328505436710774e-06,1.365809974560609e-06,5.0,1,39.258,48.626,3.507,3.737,3.56,3.73,5.971,3.622,2.27342,3.00886,4108.8,0.5,8.7,2.273,3.0,15.9729,15.9729,0.010441969148814678,15.775102751654476
57767.727281,1619409073.346538,231.8306,1,36.829,8.86625e-06,-32.352,7.489999841415497e-06,-4.744501179059379e-06,1,13.2165,1.79448e-05,0.012,1.7944799606426498e-05,3.758350095865928e-09,1,36.83,1.6613e-05,-5.172,1.6545361352179002e-05,-1.4975936450924742e-06,5.0,1,13.217,4.54302e-06,17.496,4.3328505436710774e-06,1.365809974560609e-06,5.0,1,39.258,48.626,3.573,3.783,3.56,3.73,5.97,3.622,2.27339,3.00812,4108.8,0.5,8.7,2.273,3.0,15.9729,15.9729,0.010048212483525276,15.775102751654476
57767.940213,1619409073.55947,231.8489,1,36.8299,8.85507e-06,-32.376,7.478569717678837e-06,-4.741651577532568e-06,1,13.217,1.79318e-05,0.012,1.7931799606711618e-05,3.755627382252722e-09,1,36.83,1.66093e-05,-5.166,1.6541833118477224e-05,-1.4955278567950668e-06,5.0,1,13.217,4.54302e-06,17.466,4.333565086131006e-06,1.3635411122024788e-06,5.0,1,39.254,48.622,3.669,3.785,3.56,3.73,5.969,3.622,2.27346,3.00804,4108.8,0.5,8.8,2.273,3.0,15.9745,15.9745,0.009654425084590912,15.775102751654476
57768.473043,1619409074.0923,231.8941,1,36.8299,8.82713e-06,-32.376,7.4549729264719964e-06,-4.726690459768816e-06,1,13.2165,1.79039e-05,0.018,1.7903899116477957e-05,5.624675978538416e-09,1,36.83,1.66075e-05,-5.142,1.6540665356347896e-05,-1.4884373750052471e-06,5.0,1,13.217,4.53743e-06,17.436,4.328945288457092e-06,1.3595968867444306e-06,5.0,1,39.247,48.628,3.669,3.785,3.56,3.729,5.969,3.622,2.27348,3.00611,4108.8,0.5,8.8,2.273,3.0,15.9745,15.9745,0.010048212483525276,15.775102751654476
57768.765948,1619409074.385205,231.9181,1,36.829,8.82061e-06,-32.364,7.450455506618596e-06,-4.721638859124727e-06,1,13.2165,1.78983e-05,0.012,1.7898299607446356e-05,3.748611158711e-09,1,36.83,1.66075e-05,-5.136,1.654082113445069e-05,-1.4867052324215092e-06,5.0,1,13.217,4.53371e-06,17.43,4.325538450306163e-06,1.358029262947952e-06,5.0,1,39.247,48.628,3.707,3.697,3.56,3.729,5.967,3.622,2.27346,3.00674,4108.8,0.5,8.7,2.273,3.0,15.9745,15.9745,0.009654425084590912,15.775102751654476
57768.953887,1619409074.573144,231.9335,1,36.8309,8.81503e-06,-32.346,7.447224319865707e-06,-4.716312524685017e-06,1,13.217,1.78908e-05,0.012,1.789079960761085e-05,3.747040362395689e-09,1,36.83,1.66075e-05,-5.13,1.6540976731163076e-05,-1.4849730735342233e-06,5.0,1,13.217,4.52998e-06,17.424,4.322121790194165e-06,1.3564593731950805e-06,5.0,1,39.257,48.631,3.716,3.697,3.559,3.729,5.967,3.622,2.27345,3.00507,4108.8,0.5,8.6,2.273,3.0,15.9745,15.9745,0.010441969148814678,15.775102751654476
57769.425736,1619409075.044993,231.9727,1,36.8309,8.80758e-06,-32.316,7.443396665638736e-06,-4.708429837467916e-06,1,13.2165,1.78722e-05,0.012,1.7872199608018795e-05,3.743144787533717e-09,1,36.83,1.66093e-05,-5.124,1.654292495321909e-05,-1.4834016590799564e-06,5.0,1,13.217,4.52253e-06,17.454,4.314303969705017e-06,1.3564876917567415e-06,5.0,1,39.262,48.608,3.716,3.59,3.559,3.729,5.966,3.622,2.27346,3.00561,4108.9,0.5,8.9,2.273,3.0,15.9745,15.9745,0.009654425084590912,15.775381400208985
57769.663661,1619409075.282918,231.9939,1,36.8299,8.80758e-06,-32.292,7.445368275051555e-06,-4.705311541785075e-06,1,13.2165,1.78536e-05,0.012,1.7853599608426736e-05,3.739249212671746e-09,1,36.83,1.66093e-05,-5.124,1.654292495321909e-05,-1.4834016590799564e-06,5.0,1,13.217,4.51881e-06,17.448,4.310897156279978e-06,1.3549204862563703e-06,5.0,1,39.262,48.608,3.606,3.582,3.559,3.728,5.964,3.622,2.27351,3.0061,4108.9,0.5,9.0,2.273,3.0,15.9745,15.9745,0.010048212483525276,15.775381400208985
57769.948569,1619409075.567826,231.9999,0,36.829,8.80758e-06,-32.274,7.446846124830298e-06,-4.702972278198119e-06,1,13.2165,1.78405e-05,0.012,1.784049960871405e-05,3.7365055551076684e-09,1,36.83,1.66112e-05,-5.124,1.654481736032903e-05,-1.4835713509485032e-06,5.0,1,13.217,4.51322e-06,17.466,4.305139008419107e-06,1.3545969461755553e-06,5.0,1,39.257,48.624,3.522,3.582,3.558,3.728,5.964,3.622,2.27344,3.00401,4108.8,0.5,9.0,2.273,3.0,15.9734,15.9734,0.010048212483525276,15.775102751654476
